   0.000000000000000        65.353101326856276
  10.000000000000000        65.360751482413846
  20.000000000000000        65.305772552710735
  30.000000000000000        65.260305871489962
  40.000000000000000        65.174829229868891
  50.000000000000000        65.078883989748533
  60.000000000000000        64.974484500014967
  70.000000000000000        64.872399745492032
  80.000000000000000        64.784431562975314
  90.000000000000000        64.681804352489408
 100.000000000000000        64.572771431777880
 110.000000000000000        64.475981333900577
 120.000000000000000        64.368897177662703
 130.000000000000000        64.303265119174753
 140.000000000000000        64.198224139653306
 150.000000000000000        64.085344539217175
 160.000000000000000        64.012676463941375
 170.000000000000000        63.906034104760288
 180.000000000000000        63.824681893966257
 190.000000000000000        63.678889131617041
 200.000000000000000        63.625174279668180
 210.000000000000000        63.525034038790722
 220.000000000000000        63.414062201767472
 230.000000000000000        63.311866478694753
 240.000000000000000        63.222427963558175
 250.000000000000000        63.162031324440960
 260.000000000000000        63.137484352510626
 270.000000000000000        62.973308889993106
 280.000000000000000        62.954968231912702
 290.000000000000000        62.870197670631285
 300.000000000000000        62.758253093866998
 310.000000000000000        62.718502568716197
 320.000000000000000        62.563039916051139
 330.000000000000000        62.509536995515774
 340.000000000000000        62.441359163839671
 350.000000000000000        62.346252471804199
 360.000000000000000        62.256206338173627
 370.000000000000000        62.301740412180791
 380.000000000000000        62.078580180160472
 390.000000000000000        62.015543853923063
 400.000000000000000        62.133230368384318
 410.000000000000000        61.864107726880363
 420.000000000000000        61.724003636042838
 430.000000000000000        61.778888528194514
 440.000000000000000        61.800411000785978
 450.000000000000000        61.589593495055098
 460.000000000000000        61.527580225464263
 470.000000000000000        61.529176001486427
 480.000000000000000        61.429849243898794
 490.000000000000000        61.249854476655223
 500.000000000000000        61.250646924315021
 510.000000000000000        60.954331631837299
 520.000000000000000        61.215728492876345
 530.000000000000000        61.132428429526385
 540.000000000000000        61.081956417258532
 550.000000000000000        61.007209705048716
 560.000000000000000        60.661551043775013
 570.000000000000000        60.980606865765075
 580.000000000000000        60.593944528620703
 590.000000000000000        60.709275833563410
 600.000000000000000        60.627261441374337
 610.000000000000000        60.260859109784050
 620.000000000000000        60.559389395437684
 630.000000000000000        60.128273613666735
 640.000000000000000        60.223233834991348
 650.000000000000000        60.121581421174227
 660.000000000000000        60.357103920762484
 670.000000000000000        60.285204672997871
 680.000000000000000        60.253345643687574
 690.000000000000000        60.290498587804954
 700.000000000000000        60.031844597947469
 710.000000000000000        59.184352166978982
 720.000000000000000        59.257432387926485
 730.000000000000000        59.362221211255793
 740.000000000000000        59.889212761917626
 750.000000000000000        59.441964163775801
 760.000000000000000        59.717822724607117
 770.000000000000000        59.054298004683545
 780.000000000000000        59.116507513881970
 790.000000000000000        58.986988617574013
 800.000000000000000        58.883039290174274
 810.000000000000000        59.071855570557886
 820.000000000000000        58.501858837908642
 830.000000000000000        59.307593880100299
 840.000000000000000        59.201983736295787
 850.000000000000000        58.715169872741399
 860.000000000000000        58.820749009637680
 870.000000000000000        59.062417415137141
 880.000000000000000        58.359883177771067
 890.000000000000000        58.700711020522689
 900.000000000000000        58.687360518190253
 910.000000000000000        58.633759771373199
 920.000000000000000        58.348414032336684
 930.000000000000000        58.872680363001002
 940.000000000000000        58.420208163654635
 950.000000000000000        59.130202858832959
 960.000000000000000        57.960532694118072
 970.000000000000000        58.799705808597672
 980.000000000000000        58.044609308435781
 990.000000000000000        58.012377985398111
1000.000000000000000        58.613617099166767
1010.000000000000000        58.289287179648113
1020.000000000000000        57.825263630634097
1030.000000000000000        58.299586788034361
1040.000000000000000        57.095018535960079
1050.000000000000000        57.575261533731549
1060.000000000000000        57.616013977010340
1070.000000000000000        58.505894987328737
1080.000000000000000        58.315898429642374
1090.000000000000000        57.755905588623833
1100.000000000000000        56.743536308862041
1110.000000000000000        57.610098468280185
1120.000000000000000        57.302321188669069
1130.000000000000000        58.494752983732404
1140.000000000000000        56.309061818669349
1150.000000000000000        57.763363534380211
1160.000000000000000        57.777653493875896
1170.000000000000000        56.514544691176589
1180.000000000000000        57.153468241202127
1190.000000000000000        56.081658553434181
1200.000000000000000        56.944991370889944
1210.000000000000000        56.743979638267170
1220.000000000000000        57.187366347303538
1230.000000000000000        57.125081914599157
1240.000000000000000        55.790792890013250
1250.000000000000000        56.690930524524852
1260.000000000000000        55.923484604833781
1270.000000000000000        56.658445189974962
1280.000000000000000        55.388969026845317
1290.000000000000000        56.131270963466413
1300.000000000000000        56.404928003562880
1310.000000000000000        56.826888115452824
1320.000000000000000        55.833648312564321
1330.000000000000000        55.569548523760389
1340.000000000000000        55.915024712422692
1350.000000000000000        55.046346790468391
1360.000000000000000        55.555615990318046
1370.000000000000000        53.568807274199401
1380.000000000000000        55.200167389212524
1390.000000000000000        55.113824417076735
1400.000000000000000        56.757249103633150
1410.000000000000000        53.838631814858978
1420.000000000000000        56.680903033061476
1430.000000000000000        57.389942708067686
1440.000000000000000        56.379440347131535
1450.000000000000000        56.046870979160801
1460.000000000000000        55.239051305404054
1470.000000000000000        56.880262332235255
1480.000000000000000        56.360685604404821
1490.000000000000000        55.623056765959511
1500.000000000000000        54.861457860061783
1510.000000000000000        56.202926619691389
1520.000000000000000        54.293611182240824
1530.000000000000000        54.730228108566081
1540.000000000000000        55.586984736553468
1550.000000000000000        54.757783749131441
1560.000000000000000        55.396810442837733
1570.000000000000000        53.918231585668217
1580.000000000000000        52.090034570591847
1590.000000000000000        54.609468568313851
1600.000000000000000        54.925781359781304
1610.000000000000000        54.222901738586906
1620.000000000000000        53.886745549663246
1630.000000000000000        52.140781464639467
1640.000000000000000        54.321986219421909
1650.000000000000000        54.742224035533390
1660.000000000000000        53.262023951877865
1670.000000000000000        53.078332870562761
1680.000000000000000        52.229050902223456
1690.000000000000000        53.157958671283147
1700.000000000000000        54.405750896392860
1710.000000000000000        51.952623615155773
1720.000000000000000        55.760213104704881
1730.000000000000000        55.299943859624229
1740.000000000000000        55.814737803439286
1750.000000000000000        55.670921581906541
1760.000000000000000        52.725615748670563
1770.000000000000000        56.216689314463125
1780.000000000000000        50.714074457643065
1790.000000000000000        53.197262534375831
1800.000000000000000        54.608100268010006
1810.000000000000000        51.833187571882696
1820.000000000000000        52.934815429693849
1830.000000000000000        54.493930574035431
1840.000000000000000        55.415196176989902
1850.000000000000000        55.886941541271121
1860.000000000000000        55.255271559578865
1870.000000000000000        50.286441614673045
1880.000000000000000        51.202222830155449
1890.000000000000000        53.327556868267280
1900.000000000000000        49.973133754620029
1910.000000000000000        52.294295680288272
1920.000000000000000        54.228727291616238
1930.000000000000000        53.243504144656974
1940.000000000000000        53.966158797759689
1950.000000000000000        53.127884673337810
1960.000000000000000        50.849955199490275
1970.000000000000000        51.268712552548976
1980.000000000000000        52.654024600969379
1990.000000000000000        50.268581136315191
