   0.000000000000000    0.000000000000000
  10.000000000000000    4.613294581703901
  20.000000000000000   20.267340963831415
  30.000000000000000   38.832595597616610
  40.000000000000000   56.028974744039402
  50.000000000000000   70.816963102814540
  60.000000000000000   83.285455771815023
  70.000000000000000   93.801175273959700
  80.000000000000000  102.726230242271484
  90.000000000000000  110.352189672028032
 100.000000000000000  116.918086223028212
 110.000000000000000  122.594539295988568
 120.000000000000000  127.548010238701849
 130.000000000000000  131.857503467502568
 140.000000000000000  135.590288061981028
 150.000000000000000  138.915774780357765
 160.000000000000000  141.849136512075290
 170.000000000000000  144.414299685343138
 180.000000000000000  146.675029985069131
 190.000000000000000  148.719133360931352
 200.000000000000000  150.541986276031594
 210.000000000000000  152.137687308265498
 220.000000000000000  153.599496629898056
 230.000000000000000  154.927883531614128
 240.000000000000000  156.121094268236476
 250.000000000000000  157.217912305534185
 260.000000000000000  158.146707469127250
 270.000000000000000  159.018372232909172
 280.000000000000000  159.878449683666190
 290.000000000000000  160.557940544251949
 300.000000000000000  161.258000221007222
 310.000000000000000  161.846282067166499
 320.000000000000000  162.361026455499740
 330.000000000000000  162.997928475602635
 340.000000000000000  163.493190254322371
 350.000000000000000  163.951931792045372
 360.000000000000000  164.392733921371217
 370.000000000000000  164.662306615839668
 380.000000000000000  165.016077502128610
 390.000000000000000  165.506953127936868
 400.000000000000000  165.777359341426234
 410.000000000000000  165.925310206862861
 420.000000000000000  166.311831548958878
 430.000000000000000  166.642446179777664
 440.000000000000000  166.775115944197040
 450.000000000000000  166.998677599542447
 460.000000000000000  167.209489905381389
 470.000000000000000  167.438917160739237
 480.000000000000000  167.681283886997505
 490.000000000000000  167.855041200733183
 500.000000000000000  167.943072368036837
 510.000000000000000  168.214052924461953
 520.000000000000000  168.460455289446116
 530.000000000000000  168.370539878073743
 540.000000000000000  168.638863733777129
 550.000000000000000  168.712107158734426
 560.000000000000000  168.837902160507099
 570.000000000000000  169.084341300006429
 580.000000000000000  169.135740845063907
 590.000000000000000  169.224004566816262
 600.000000000000000  169.262162175080903
 610.000000000000000  169.409479473102749
 620.000000000000000  169.418511195144816
 630.000000000000000  169.563109154891237
 640.000000000000000  169.691353810972572
 650.000000000000000  169.901455559472851
 660.000000000000000  169.999830834897182
 670.000000000000000  169.933589980053114
 680.000000000000000  170.024766035684564
 690.000000000000000  169.945598421983249
 700.000000000000000  169.845647732225842
 710.000000000000000  170.132493521954927
 720.000000000000000  170.508116412375841
 730.000000000000000  170.617746427970417
 740.000000000000000  170.396955709012303
 750.000000000000000  170.324606385398994
 760.000000000000000  170.422658511893587
 770.000000000000000  170.453526593855258
 780.000000000000000  170.639213218036616
 790.000000000000000  170.709484985340396
 800.000000000000000  170.670232463889619
 810.000000000000000  170.656312352714679
 820.000000000000000  170.613899374072759
 830.000000000000000  170.879582338323928
 840.000000000000000  171.284749504661846
 850.000000000000000  171.111610248350189
 860.000000000000000  170.658254467462740
 870.000000000000000  170.930932964400114
 880.000000000000000  171.112934020484175
 890.000000000000000  170.745748521868478
 900.000000000000000  170.777062499097582
 910.000000000000000  171.535526252043582
 920.000000000000000  171.048512466180313
 930.000000000000000  170.762892926384239
 940.000000000000000  171.373956490560289
 950.000000000000000  171.390401054907898
 960.000000000000000  171.184548703039241
 970.000000000000000  171.250528412365185
 980.000000000000000  171.597648522534485
 990.000000000000000  170.694164131433467
1000.000000000000000  170.890609028529184
1010.000000000000000  171.838876362159937
1020.000000000000000  171.453961928101450
1030.000000000000000  171.985143384166918
1040.000000000000000  171.419578873574807
1050.000000000000000  170.855795819886708
1060.000000000000000  170.864552671316488
1070.000000000000000  170.809089012617932
1080.000000000000000  172.252637216119609
1090.000000000000000  172.475299229210492
1100.000000000000000  171.288390680690441
1110.000000000000000  171.345703690097935
1120.000000000000000  170.746420329804153
1130.000000000000000  171.793996412433728
1140.000000000000000  172.020218431836355
1150.000000000000000  170.628923697648844
1160.000000000000000  172.772332019414307
1170.000000000000000  171.936075514082319
1180.000000000000000  171.711374818130963
1190.000000000000000  171.749885348884675
1200.000000000000000  170.805479607713977
1210.000000000000000  171.465021005433272
1220.000000000000000  170.686684956988756
1230.000000000000000  172.466747868453041
1240.000000000000000  172.599165179448136
1250.000000000000000  171.993458412445733
1260.000000000000000  171.452872977402194
1270.000000000000000  171.444875697280338
1280.000000000000000  171.498296566226401
1290.000000000000000  170.819428844342667
1300.000000000000000  171.226912694848465
1310.000000000000000  171.885495071916722
1320.000000000000000  172.959646646093688
1330.000000000000000  171.446267006855891
1340.000000000000000  172.425163730383446
1350.000000000000000  172.072189683743773
1360.000000000000000  173.585501749433405
1370.000000000000000  172.202379479858450
1380.000000000000000  169.442535548396819
1390.000000000000000  169.257232822633398
1400.000000000000000  173.084056236379467
1410.000000000000000  171.597626156792927
1420.000000000000000  166.617447288119706
1430.000000000000000  171.760937174972753
1440.000000000000000  173.311578129532506
1450.000000000000000  173.124249403865434
1460.000000000000000  170.114552229804076
1470.000000000000000  169.842294583937473
1480.000000000000000  173.370233724681299
1490.000000000000000  173.969888544853745
1500.000000000000000  170.626570500416165
1510.000000000000000  172.453535283742525
1520.000000000000000  174.008345079690599
1530.000000000000000  168.209456350314241
1540.000000000000000  171.184858638132738
1550.000000000000000  172.551454651516082
1560.000000000000000  172.963543767851235
1570.000000000000000  177.739134191488233
1580.000000000000000  169.916484595471445
1590.000000000000000  166.307415172286284
1600.000000000000000  172.247094381077119
1610.000000000000000  172.724738161211235
1620.000000000000000  174.962441133344470
1630.000000000000000  170.432234368333582
1640.000000000000000  166.718593258759512
1650.000000000000000  173.548715399733425
1660.000000000000000  174.284824536007733
1670.000000000000000  173.568138344563806
1680.000000000000000  170.658511489234428
1690.000000000000000  166.752711779280617
1700.000000000000000  174.519620028308452
1710.000000000000000  168.229150549007500
1720.000000000000000  164.016597214552917
1730.000000000000000  170.967350024115888
1740.000000000000000  170.570594624373513
1750.000000000000000  178.004875442935855
1760.000000000000000  169.927451413481577
1770.000000000000000  175.388497272215574
1780.000000000000000  176.583900989135714
1790.000000000000000  162.592243493752107
1800.000000000000000  174.943000800320704
1810.000000000000000  174.648833000169503
1820.000000000000000  164.891057747254848
1830.000000000000000  165.635579818652133
1840.000000000000000  168.187478606366369
1850.000000000000000  171.526490684989255
1860.000000000000000  183.805212638217938
1870.000000000000000  179.764201037384964
1880.000000000000000  163.967255638351673
1890.000000000000000  174.347100406032865
1900.000000000000000  172.771463603654581
1910.000000000000000  160.201547424085106
1920.000000000000000  168.627719624249039
1930.000000000000000  171.892309559329703
1940.000000000000000  171.397383019995942
1950.000000000000000  177.673817628932113
1960.000000000000000  175.369794179663899
1970.000000000000000  166.661963790170063
1980.000000000000000  171.775318163582739
1990.000000000000000  175.564001553814364
