   0.000000000000000    0.000000000000000
  10.000000000000000    0.000099727313803
  20.000000000000000    0.000405133581443
  30.000000000000000    0.000658262477929
  40.000000000000000    0.000834088475520
  50.000000000000000    0.000959332231506
  60.000000000000000    0.001054144107702
  70.000000000000000    0.001130322198877
  80.000000000000000    0.001194245053873
  90.000000000000000    0.001249050292364
 100.000000000000000    0.001296480164324
 110.000000000000000    0.001337578271202
 120.000000000000000    0.001373011292028
 130.000000000000000    0.001403614859147
 140.000000000000000    0.001429570032453
 150.000000000000000    0.001451499351100
 160.000000000000000    0.001470086245514
 170.000000000000000    0.001485529631347
 180.000000000000000    0.001498291815093
 190.000000000000000    0.001508605366800
 200.000000000000000    0.001517040905383
 210.000000000000000    0.001523589832537
 220.000000000000000    0.001528635114186
 230.000000000000000    0.001532345640197
 240.000000000000000    0.001534961939791
 250.000000000000000    0.001536547311656
 260.000000000000000    0.001537356011608
 270.000000000000000    0.001537220436764
 280.000000000000000    0.001536594080607
 290.000000000000000    0.001535352121798
 300.000000000000000    0.001533551862581
 310.000000000000000    0.001531433691015
 320.000000000000000    0.001528783281284
 330.000000000000000    0.001525881759599
 340.000000000000000    0.001522801467348
 350.000000000000000    0.001519386719078
 360.000000000000000    0.001515854116279
 370.000000000000000    0.001512069972547
 380.000000000000000    0.001508046630679
 390.000000000000000    0.001503958942216
 400.000000000000000    0.001499846311165
 410.000000000000000    0.001495487969137
 420.000000000000000    0.001491038810000
 430.000000000000000    0.001486620819547
 440.000000000000000    0.001482093397337
 450.000000000000000    0.001477461540543
 460.000000000000000    0.001472828580744
 470.000000000000000    0.001468112114548
 480.000000000000000    0.001463424933335
 490.000000000000000    0.001458683245804
 500.000000000000000    0.001453939209168
 510.000000000000000    0.001449113338567
 520.000000000000000    0.001444391105078
 530.000000000000000    0.001439586672109
 540.000000000000000    0.001434734800400
 550.000000000000000    0.001429970593713
 560.000000000000000    0.001425094586018
 570.000000000000000    0.001420320098825
 580.000000000000000    0.001415490207447
 590.000000000000000    0.001410691912764
 600.000000000000000    0.001405863385179
 610.000000000000000    0.001401054937272
 620.000000000000000    0.001396248298762
 630.000000000000000    0.001391437523398
 640.000000000000000    0.001386652098382
 650.000000000000000    0.001381863048725
 660.000000000000000    0.001377097589788
 670.000000000000000    0.001372322241982
 680.000000000000000    0.001367556251651
 690.000000000000000    0.001362796351781
 700.000000000000000    0.001358047321112
 710.000000000000000    0.001353313676488
 720.000000000000000    0.001348575187244
 730.000000000000000    0.001343835373289
 740.000000000000000    0.001339094057535
 750.000000000000000    0.001334394325351
 760.000000000000000    0.001329679791210
 770.000000000000000    0.001324992967392
 780.000000000000000    0.001320294939719
 790.000000000000000    0.001315594674922
 800.000000000000000    0.001310900275902
 810.000000000000000    0.001306229530747
 820.000000000000000    0.001301560162091
 830.000000000000000    0.001296927564074
 840.000000000000000    0.001292196878930
 850.000000000000000    0.001287447561465
 860.000000000000000    0.001282782666034
 870.000000000000000    0.001278214578546
 880.000000000000000    0.001273463671223
 890.000000000000000    0.001268847343463
 900.000000000000000    0.001264265640558
 910.000000000000000    0.001259661791953
 920.000000000000000    0.001254742784226
 930.000000000000000    0.001250393277591
 940.000000000000000    0.001245617028013
 950.000000000000000    0.001240985599699
 960.000000000000000    0.001236197971508
 970.000000000000000    0.001231694160319
 980.000000000000000    0.001226869753766
 990.000000000000000    0.001222174441233
1000.000000000000000    0.001217907842208
1010.000000000000000    0.001213106213657
1020.000000000000000    0.001208252635169
1030.000000000000000    0.001203698729962
1040.000000000000000    0.001198462594236
1050.000000000000000    0.001194314178913
1060.000000000000000    0.001189467510741
1070.000000000000000    0.001185351483999
1080.000000000000000    0.001180554839962
1090.000000000000000    0.001175349909693
1100.000000000000000    0.001170346375419
1110.000000000000000    0.001166068877324
1120.000000000000000    0.001161006685318
1130.000000000000000    0.001157259133838
1140.000000000000000    0.001151281466815
1150.000000000000000    0.001147366186045
1160.000000000000000    0.001142583975535
1170.000000000000000    0.001136722699192
1180.000000000000000    0.001132694945786
1190.000000000000000    0.001126987149969
1200.000000000000000    0.001122936839711
1210.000000000000000    0.001118129716766
1220.000000000000000    0.001113438016787
1230.000000000000000    0.001109423680953
1240.000000000000000    0.001102870338169
1250.000000000000000    0.001098708823169
1260.000000000000000    0.001092708332821
1270.000000000000000    0.001089145035888
1280.000000000000000    0.001083106673761
1290.000000000000000    0.001079505634381
1300.000000000000000    0.001074211411112
1310.000000000000000    0.001070161993120
1320.000000000000000    0.001064057664419
1330.000000000000000    0.001058692621310
1340.000000000000000    0.001054366169769
1350.000000000000000    0.001047730339758
1360.000000000000000    0.001043827310841
1370.000000000000000    0.001035094237689
1380.000000000000000    0.001032993559321
1390.000000000000000    0.001027873043853
1400.000000000000000    0.001026070197872
1410.000000000000000    0.001015718300801
1420.000000000000000    0.001016005075821
1430.000000000000000    0.001012512142406
1440.000000000000000    0.001005714857079
1450.000000000000000    0.001000007378994
1460.000000000000000    0.000993328103680
1470.000000000000000    0.000991957318267
1480.000000000000000    0.000985678073882
1490.000000000000000    0.000979077004678
1500.000000000000000    0.000971718997170
1510.000000000000000    0.000970183508548
1520.000000000000000    0.000959876328183
1530.000000000000000    0.000955835953909
1540.000000000000000    0.000954771934760
1550.000000000000000    0.000945915292143
1560.000000000000000    0.000942615498418
1570.000000000000000    0.000932880755966
1580.000000000000000    0.000921085850113
1590.000000000000000    0.000924867903453
1600.000000000000000    0.000919510341233
1610.000000000000000    0.000912785330348
1620.000000000000000    0.000906467704161
1630.000000000000000    0.000895388648227
1640.000000000000000    0.000897421882583
1650.000000000000000    0.000893345378609
1660.000000000000000    0.000882472238322
1670.000000000000000    0.000876803152360
1680.000000000000000    0.000867004816636
1690.000000000000000    0.000867077840285
1700.000000000000000    0.000865165379744
1710.000000000000000    0.000849418032323
1720.000000000000000    0.000860358197260
1730.000000000000000    0.000853355314259
1740.000000000000000    0.000850150707704
1750.000000000000000    0.000843910334247
1760.000000000000000    0.000824897273291
1770.000000000000000    0.000835612239533
1780.000000000000000    0.000804303635012
1790.000000000000000    0.000812287703297
1800.000000000000000    0.000812497866658
1810.000000000000000    0.000792252656709
1820.000000000000000    0.000792889011907
1830.000000000000000    0.000795469073405
1840.000000000000000    0.000794333776405
1850.000000000000000    0.000791027974594
1860.000000000000000    0.000782173034295
1870.000000000000000    0.000748504681061
1880.000000000000000    0.000748017741611
1890.000000000000000    0.000754991940374
1900.000000000000000    0.000727149589810
1910.000000000000000    0.000738139810005
1920.000000000000000    0.000744042185287
1930.000000000000000    0.000732569443840
1940.000000000000000    0.000729842349851
1950.000000000000000    0.000719518062671
1960.000000000000000    0.000699052033578
1970.000000000000000    0.000694288602532
1980.000000000000000    0.000698988241639
1990.000000000000000    0.000679210088353
