   0.000000000000000   -592308.256355191580951
  10.000000000000000   -592308.256423786398955
  20.000000000000000   -592308.256968707777560
  30.000000000000000   -592308.258550805272534
  40.000000000000000   -592308.261457334156148
  50.000000000000000   -592308.265800472465344
  60.000000000000000   -592308.271617113030516
  70.000000000000000   -592308.278865145519376
  80.000000000000000   -592308.287505369749852
  90.000000000000000   -592308.297473560203798
 100.000000000000000   -592308.308711355435662
 110.000000000000000   -592308.321165940957144
 120.000000000000000   -592308.334771999856457
 130.000000000000000   -592308.349493279121816
 140.000000000000000   -592308.365254077594727
 150.000000000000000   -592308.382016329211183
 160.000000000000000   -592308.399749659118243
 170.000000000000000   -592308.418391415150836
 180.000000000000000   -592308.437921130447648
 190.000000000000000   -592308.458276506164111
 200.000000000000000   -592308.479468452278525
 210.000000000000000   -592308.501428078161553
 220.000000000000000   -592308.524138060747646
 230.000000000000000   -592308.547568168141879
 240.000000000000000   -592308.571705156471580
 250.000000000000000   -592308.596522690029815
 260.000000000000000   -592308.622007928555831
 270.000000000000000   -592308.648075048229657
 280.000000000000000   -592308.674797713989392
 290.000000000000000   -592308.702092838590033
 300.000000000000000   -592308.729948984691873
 310.000000000000000   -592308.758388652233407
 320.000000000000000   -592308.787332152947783
 330.000000000000000   -592308.816824543057010
 340.000000000000000   -592308.846837491146289
 350.000000000000000   -592308.877340841921978
 360.000000000000000   -592308.908331257989630
 370.000000000000000   -592308.939820690196939
 380.000000000000000   -592308.971705687930807
 390.000000000000000   -592309.004073293763213
 400.000000000000000   -592309.036944140447304
 410.000000000000000   -592309.070118752541021
 420.000000000000000   -592309.103764260304160
 430.000000000000000   -592309.137866873061284
 440.000000000000000   -592309.172376669128425
 450.000000000000000   -592309.207199942786247
 460.000000000000000   -592309.242448753910139
 470.000000000000000   -592309.278097553295083
 480.000000000000000   -592309.314091870677657
 490.000000000000000   -592309.350410006241873
 500.000000000000000   -592309.387137341662310
 510.000000000000000   -592309.424155260552652
 520.000000000000000   -592309.461634480510838
 530.000000000000000   -592309.499364782706834
 540.000000000000000   -592309.537434120196849
 550.000000000000000   -592309.575834315270185
 560.000000000000000   -592309.614463649224490
 570.000000000000000   -592309.653584301122464
 580.000000000000000   -592309.692842472926714
 590.000000000000000   -592309.732502014259808
 600.000000000000000   -592309.772434585960582
 610.000000000000000   -592309.812562999781221
 620.000000000000000   -592309.853166204993613
 630.000000000000000   -592309.893869062652811
 640.000000000000000   -592309.934974427451380
 650.000000000000000   -592309.976312867016532
 660.000000000000000   -592310.017993169836700
 670.000000000000000   -592310.059889033902436
 680.000000000000000   -592310.102037328644656
 690.000000000000000   -592310.144458741648123
 700.000000000000000   -592310.187059907824732
 710.000000000000000   -592310.229772884165868
 720.000000000000000   -592310.273030312149785
 730.000000000000000   -592310.316437852219678
 740.000000000000000   -592310.360182246658951
 750.000000000000000   -592310.403981779236346
 760.000000000000000   -592310.448196320096031
 770.000000000000000   -592310.492371966131032
 780.000000000000000   -592310.537021298194304
 790.000000000000000   -592310.581789413350634
 800.000000000000000   -592310.626846236293204
 810.000000000000000   -592310.672136057866737
 820.000000000000000   -592310.717474110191688
 830.000000000000000   -592310.763326656655408
 840.000000000000000   -592310.809235543478280
 850.000000000000000   -592310.855258521391079
 860.000000000000000   -592310.901598270284012
 870.000000000000000   -592310.948195092962123
 880.000000000000000   -592310.994788286741823
 890.000000000000000   -592311.041801181971096
 900.000000000000000   -592311.088932791259140
 910.000000000000000   -592311.136239655548707
 920.000000000000000   -592311.183744296547957
 930.000000000000000   -592311.231551507604308
 940.000000000000000   -592311.279368811519817
 950.000000000000000   -592311.327586923958734
 960.000000000000000   -592311.375698786228895
 970.000000000000000   -592311.424315999029204
 980.000000000000000   -592311.472832792089321
 990.000000000000000   -592311.521654257667251
1000.000000000000000   -592311.570802712580189
1010.000000000000000   -592311.619925258448347
1020.000000000000000   -592311.669195419759490
1030.000000000000000   -592311.718835285981186
1040.000000000000000   -592311.768331592902541
1050.000000000000000   -592311.818235704442486
1060.000000000000000   -592311.868334140512161
1070.000000000000000   -592311.918707675184123
1080.000000000000000   -592311.969056625966914
1090.000000000000000   -592312.019528797478415
1100.000000000000000   -592312.070063114631921
1110.000000000000000   -592312.121081726509146
1120.000000000000000   -592312.172048234730028
1130.000000000000000   -592312.223446317017078
1140.000000000000000   -592312.274494646582752
1150.000000000000000   -592312.326178571558557
1160.000000000000000   -592312.377846330753528
1170.000000000000000   -592312.429492526105605
1180.000000000000000   -592312.481530631892383
1190.000000000000000   -592312.533490639645606
1200.000000000000000   -592312.585885431617498
1210.000000000000000   -592312.638265059795231
1220.000000000000000   -592312.690865492215380
1230.000000000000000   -592312.743517042836174
1240.000000000000000   -592312.796242482028902
1250.000000000000000   -592312.849344373331405
1260.000000000000000   -592312.902407316025347
1270.000000000000000   -592312.955764622893184
1280.000000000000000   -592313.008998043951578
1290.000000000000000   -592313.062708554556593
1300.000000000000000   -592313.116402611602098
1310.000000000000000   -592313.170264133950695
1320.000000000000000   -592313.224101510248147
1330.000000000000000   -592313.278176975087263
1340.000000000000000   -592313.332446673768573
1350.000000000000000   -592313.386771469260566
1360.000000000000000   -592313.441274559707381
1370.000000000000000   -592313.495744851650670
1380.000000000000000   -592313.550656616920605
1390.000000000000000   -592313.605511875124648
1400.000000000000000   -592313.660687215393409
1410.000000000000000   -592313.715517653967254
1420.000000000000000   -592313.771095539559610
1430.000000000000000   -592313.826508860103786
1440.000000000000000   -592313.881926985806786
1450.000000000000000   -592313.937532713287510
1460.000000000000000   -592313.993263664189726
1470.000000000000000   -592314.049243012326770
1480.000000000000000   -592314.105213643400930
1490.000000000000000   -592314.161274559213780
1500.000000000000000   -592314.217486755223945
1510.000000000000000   -592314.273950532544404
1520.000000000000000   -592314.330297839944251
1530.000000000000000   -592314.386918900185265
1540.000000000000000   -592314.443612444796599
1550.000000000000000   -592314.500456967856735
1560.000000000000000   -592314.557398361037485
1570.000000000000000   -592314.614413137431256
1580.000000000000000   -592314.671524030622095
1590.000000000000000   -592314.728871668572538
1600.000000000000000   -592314.786332955700345
1610.000000000000000   -592314.843775361194275
1620.000000000000000   -592314.901400512084365
1630.000000000000000   -592314.959025659831241
1640.000000000000000   -592315.016945244162343
1650.000000000000000   -592315.074911112780683
1660.000000000000000   -592315.132903735386208
1670.000000000000000   -592315.191056888783351
1680.000000000000000   -592315.249345192220062
1690.000000000000000   -592315.307669634930789
1700.000000000000000   -592315.366220852709375
1710.000000000000000   -592315.424793021171354
1720.000000000000000   -592315.483498192508705
1730.000000000000000   -592315.542240852606483
1740.000000000000000   -592315.601124876644462
1750.000000000000000   -592315.660112773999572
1760.000000000000000   -592315.719247548491694
1770.000000000000000   -592315.778412905405276
1780.000000000000000   -592315.837715838570148
1790.000000000000000   -592315.896960950805806
1800.000000000000000   -592315.956566185224801
1810.000000000000000   -592316.016237287432887
1820.000000000000000   -592316.075867048813961
1830.000000000000000   -592316.135606416617520
1840.000000000000000   -592316.195499834138900
1850.000000000000000   -592316.255455979262479
1860.000000000000000   -592316.315564498538151
1870.000000000000000   -592316.375888112932444
1880.000000000000000   -592316.436131005291827
1890.000000000000000   -592316.496406645863317
1900.000000000000000   -592316.557085505686700
1910.000000000000000   -592316.617417530505918
1920.000000000000000   -592316.677958958083764
1930.000000000000000   -592316.738732701400295
1940.000000000000000   -592316.799601785023697
1950.000000000000000   -592316.860495197121054
1960.000000000000000   -592316.921638449770398
1970.000000000000000   -592316.982799485558644
1980.000000000000000   -592317.043847229913808
1990.000000000000000   -592317.105157557874918
