# Volume points
 178.77813    0.60876   0.56158   0.40071   0.16147  -0.13372  -0.47198  -0.84512  -1.24753  -1.67513  -2.12483  -2.59421  -3.08132  -3.58458  -4.10263  -4.63436  -5.17879  -5.73508  -6.30249  -6.88038  -7.46815
 179.05121    0.60140   0.55408   0.39294   0.15340  -0.14210  -0.48068  -0.85414  -1.25687  -1.68478  -2.13479  -2.60448  -3.09190  -3.59546  -4.11382  -4.64585  -5.19058  -5.74717  -6.31488  -6.89306  -7.48113
 179.32457    0.59425   0.54680   0.38540   0.14558  -0.15022  -0.48910  -0.86286  -1.26588  -1.69409  -2.14439  -2.61436  -3.10206  -3.60590  -4.12454  -4.65685  -5.20186  -5.75873  -6.32671  -6.90516  -7.49350
 179.59821    0.58731   0.53972   0.37806   0.13793  -0.15818  -0.49737  -0.87145  -1.27478  -1.70330  -2.15390  -2.62419  -3.11220  -3.61634  -4.13528  -4.66789  -5.21319  -5.77035  -6.33863  -6.91738  -7.50601
 179.87213    0.58056   0.53287   0.37097   0.13058  -0.16580  -0.50526  -0.87960  -1.28320  -1.71197  -2.16284  -2.63338  -3.12164  -3.62603  -4.14522  -4.67807  -5.22362  -5.78102  -6.34953  -6.92851  -7.51738
 180.14632    0.57404   0.52621   0.36405   0.12338  -0.17330  -0.51305  -0.88768  -1.29156  -1.72062  -2.17176  -2.64257  -3.13111  -3.63577  -4.15522  -4.68834  -5.23414  -5.79180  -6.36058  -6.93981  -7.52893
 180.42080    0.56770   0.51972   0.35727   0.11627  -0.18074  -0.52083  -0.89579  -1.30001  -1.72940  -2.18087  -2.65201  -3.14087  -3.64586  -4.16563  -4.69907  -5.24520  -5.80318  -6.37227  -6.95182  -7.54125
 180.69555    0.56158   0.51342   0.35067   0.10932  -0.18804  -0.52849  -0.90381  -1.30838  -1.73812  -2.18995  -2.66144  -3.15064  -3.65597  -4.17609  -4.70987  -5.25634  -5.81465  -6.38408  -6.96396  -7.55373
 180.97058    0.55567   0.50737   0.34434   0.10268  -0.19500  -0.53577  -0.91141  -1.31630  -1.74636  -2.19850  -2.67030  -3.15982  -3.66546  -4.18588  -4.71997  -5.26674  -5.82535  -6.39508  -6.97527  -7.56533
 181.24589    0.54995   0.50151   0.33821   0.09625  -0.20174  -0.54282  -0.91877  -1.32397  -1.75434  -2.20678  -2.67888  -3.16870  -3.67463  -4.19535  -4.72973  -5.27679  -5.83569  -6.40571  -6.98617  -7.57652
 181.52148    0.54445   0.49585   0.33226   0.08998  -0.20834  -0.54975  -0.92604  -1.33157  -1.76227  -2.21504  -2.68747  -3.17760  -3.68386  -4.20490  -4.73960  -5.28698  -5.84620  -6.41652  -6.99731  -7.58797
 181.79735    0.53914   0.49042   0.32661   0.08409  -0.21448  -0.55614  -0.93267  -1.33844  -1.76936  -2.22236  -2.69502  -3.18538  -3.69185  -4.21310  -4.74801  -5.29559  -5.85502  -6.42555  -7.00653  -7.59739
 182.07350    0.53404   0.48519   0.32113   0.07831  -0.22057  -0.56253  -0.93937  -1.34544  -1.77667  -2.22997  -2.70292  -3.19358  -3.70035  -4.22189  -4.75709  -5.30496  -5.86468  -6.43550  -7.01676  -7.60790
 182.34993    0.52914   0.48018   0.31591   0.07286  -0.22626  -0.56846  -0.94553  -1.35183  -1.78329  -2.23681  -2.70998  -3.20085  -3.70783  -4.22958  -4.76499  -5.31306  -5.87298  -6.44399  -7.02546  -7.61679
 182.62663    0.52443   0.47536   0.31088   0.06760  -0.23175  -0.57418  -0.95147  -1.35799  -1.78965  -2.24338  -2.71675  -3.20782  -3.71499  -4.23694  -4.77252  -5.32078  -5.88088  -6.45207  -7.03370  -7.62521
 182.90362    0.51993   0.47074   0.30602   0.06249  -0.23712  -0.57980  -0.95734  -1.36411  -1.79602  -2.24999  -2.72359  -3.21489  -3.72229  -4.24445  -4.78026  -5.32874  -5.88905  -6.46045  -7.04230  -7.63401
 183.18089    0.51562   0.46633   0.30142   0.05765  -0.24218  -0.58510  -0.96286  -1.36985  -1.80197  -2.25615  -2.72996  -3.22146  -3.72906  -4.25142  -4.78742  -5.33609  -5.89659  -6.46818  -7.05021  -7.64210
 183.45843    0.51150   0.46211   0.29698   0.05299  -0.24708  -0.59023  -0.96822  -1.37542  -1.80776  -2.26215  -2.73617  -3.22787  -3.73567  -4.25823  -4.79443  -5.34329  -5.90397  -6.47574  -7.05796  -7.65003
 183.73626    0.50758   0.45808   0.29275   0.04853  -0.25177  -0.59514  -0.97334  -1.38076  -1.81331  -2.26790  -2.74211  -3.23401  -3.74199  -4.26474  -4.80111  -5.35015  -5.91101  -6.48295  -7.06533  -7.65757
 184.01437    0.50385   0.45423   0.28868   0.04421  -0.25634  -0.59995  -0.97840  -1.38605  -1.81883  -2.27364  -2.74808  -3.24019  -3.74839  -4.27135  -4.80793  -5.35717  -5.91823  -6.49038  -7.07295  -7.66539
 184.29275    0.50030   0.45054   0.28473   0.03999  -0.26083  -0.60472  -0.98343  -1.39135  -1.82439  -2.27946  -2.75415  -3.24651  -3.75495  -4.27815  -4.81497  -5.36444  -5.92573  -6.49810  -7.08091  -7.67356
 184.57142    0.49695   0.44708   0.28108   0.03611  -0.26493  -0.60903  -0.98796  -1.39608  -1.82931  -2.28457  -2.75944  -3.25198  -3.76059  -4.28396  -4.82094  -5.37058  -5.93203  -6.50456  -7.08751  -7.68031
 184.85037    0.49378   0.44380   0.27760   0.03241  -0.26886  -0.61317  -0.99231  -1.40063  -1.83406  -2.28950  -2.76456  -3.25728  -3.76607  -4.28961  -4.82676  -5.37656  -5.93817  -6.51086  -7.09396  -7.68692
 185.12960    0.49080   0.44071   0.27428   0.02887  -0.27263  -0.61718  -0.99653  -1.40506  -1.83870  -2.29435  -2.76960  -3.26251  -3.77149  -4.29521  -4.83254  -5.38252  -5.94430  -6.51715  -7.10042  -7.69354
 185.40911    0.48800   0.43777   0.27109   0.02541  -0.27636  -0.62116  -1.00077  -1.40955  -1.84343  -2.29931  -2.77479  -3.26793  -3.77713  -4.30107  -4.83861  -5.38879  -5.95078  -6.52383  -7.10730  -7.70062
 185.68891    0.48539   0.43506   0.26819   0.02229  -0.27968  -0.62469  -1.00450  -1.41347  -1.84753  -2.30360  -2.77925  -3.27256  -3.78192  -4.30601  -4.84371  -5.39404  -5.95617  -6.52937  -7.11298  -7.70643
 185.96898    0.48296   0.43249   0.26536   0.01919  -0.28306  -0.62833  -1.00840  -1.41763  -1.85193  -2.30824  -2.78413  -3.27766  -3.78725  -4.31157  -4.84948  -5.40003  -5.96237  -6.53577  -7.11958  -7.71323
 186.24933    0.48072   0.43011   0.26274   0.01630  -0.28622  -0.63176  -1.01208  -1.42156  -1.85611  -2.31266  -2.78879  -3.28255  -3.79237  -4.31691  -4.85504  -5.40581  -5.96836  -6.54198  -7.12600  -7.71985
 186.52997    0.47866   0.42794   0.26037   0.01371  -0.28902  -0.63477  -1.01529  -1.42495  -1.85969  -2.31641  -2.79270  -3.28662  -3.79659  -4.32128  -4.85956  -5.41046  -5.97315  -6.54690  -7.13105  -7.72503
 186.81089    0.47679   0.42591   0.25807   0.01113  -0.29188  -0.63790  -1.01868  -1.42861  -1.86359  -2.32056  -2.79709  -3.29125  -3.80145  -4.32637  -4.86487  -5.41599  -5.97889  -6.55285  -7.13720  -7.73139
 187.09209    0.47510   0.42409   0.25601   0.00881  -0.29446  -0.64073  -1.02176  -1.43192  -1.86714  -2.32433  -2.80108  -3.29546  -3.80587  -4.33098  -4.86969  -5.42100  -5.98410  -6.55825  -7.14279  -7.73716
 187.37357    0.47358   0.42243   0.25410   0.00664  -0.29690  -0.64342  -1.02470  -1.43510  -1.87055  -2.32796  -2.80493  -3.29952  -3.81014  -4.33547  -4.87437  -5.42588  -5.98917  -6.56350  -7.14823  -7.74278
 187.65534    0.47226   0.42097   0.25238   0.00464  -0.29917  -0.64596  -1.02751  -1.43817  -1.87388  -2.33155  -2.80876  -3.30360  -3.81445  -4.34001  -4.87914  -5.43089  -5.99440  -6.56896  -7.15390  -7.74867
 187.93738    0.47112   0.41970   0.25090   0.00291  -0.30113  -0.64816  -1.02992  -1.44080  -1.87671  -2.33458  -2.81199  -3.30701  -3.81805  -4.34378  -4.88308  -5.43500  -5.99867  -6.57339  -7.15849  -7.75341
 188.21971    0.47016   0.41861   0.24957   0.00132  -0.30298  -0.65026  -1.03228  -1.44339  -1.87954  -2.33764  -2.81528  -3.31052  -3.82177  -4.34772  -4.88723  -5.43935  -6.00323  -6.57815  -7.16345  -7.75856
 188.50233    0.46938   0.41770   0.24842  -0.00007  -0.30462  -0.65215  -1.03440  -1.44575  -1.88212  -2.34043  -2.81828  -3.31373  -3.82519  -4.35134  -4.89104  -5.44335  -6.00742  -6.58252  -7.16800  -7.76329
 188.78522    0.46877   0.41694   0.24740  -0.00138  -0.30623  -0.65404  -1.03657  -1.44819  -1.88483  -2.34341  -2.82152  -3.31722  -3.82894  -4.35533  -4.89528  -5.44783  -6.01214  -6.58748  -7.17319  -7.76871
 189.06840    0.46834   0.41635   0.24652  -0.00257  -0.30773  -0.65585  -1.03868  -1.45059  -1.88752  -2.34639  -2.82478  -3.32076  -3.83274  -4.35940  -4.89962  -5.45243  -6.01699  -6.59258  -7.17855  -7.77432
 189.35186    0.46808   0.41594   0.24584  -0.00353  -0.30896  -0.65735  -1.04045  -1.45263  -1.88981  -2.34893  -2.82756  -3.32378  -3.83600  -4.36289  -4.90333  -5.45636  -6.02115  -6.59696  -7.18314  -7.77912
 189.63560    0.46801   0.41574   0.24543  -0.00417  -0.30984  -0.65845  -1.04176  -1.45414  -1.89152  -2.35083  -2.82964  -3.32604  -3.83843  -4.36549  -4.90610  -5.45929  -6.02423  -6.60019  -7.18652  -7.78264
 189.91963    0.46811   0.41570   0.24513  -0.00475  -0.31068  -0.65956  -1.04313  -1.45576  -1.89339  -2.35293  -2.83198  -3.32860  -3.84122  -4.36850  -4.90932  -5.46272  -6.02787  -6.60403  -7.19056  -7.78688
 190.20394    0.46837   0.41580   0.24496  -0.00520  -0.31143  -0.66058  -1.04443  -1.45733  -1.89521  -2.35501  -2.83431  -3.33117  -3.84403  -4.37154  -4.91259  -5.46622  -6.03159  -6.60797  -7.19471  -7.79125
 190.48854    0.46881   0.41612   0.24505  -0.00535  -0.31181  -0.66119  -1.04525  -1.45836  -1.89645  -2.35644  -2.83593  -3.33298  -3.84601  -4.37369  -4.91491  -5.46871  -6.03424  -6.61077  -7.19767  -7.79435
 190.77341    0.46942   0.41658   0.24527  -0.00540  -0.31212  -0.66175  -1.04605  -1.45939  -1.89771  -2.35792  -2.83762  -3.33488  -3.84811  -4.37599  -4.91740  -5.47138  -6.03710  -6.61381  -7.20089  -7.79774
 191.05858    0.47019   0.41717   0.24554  -0.00545  -0.31249  -0.66244  -1.04705  -1.46070  -1.89931  -2.35981  -2.83979  -3.33733  -3.85083  -4.37899  -4.92066  -5.47491  -6.04088  -6.61785  -7.20517  -7.80228
 191.34402    0.47115   0.41799   0.24612  -0.00513  -0.31243  -0.66264  -1.04749  -1.46137  -1.90021  -2.36094  -2.84114  -3.33889  -3.85260  -4.38096  -4.92283  -5.47727  -6.04343  -6.62059  -7.20810  -7.80539
 191.62975    0.47225   0.41891   0.24676  -0.00478  -0.31237  -0.66285  -1.04797  -1.46211  -1.90120  -2.36216  -2.84260  -3.34058  -3.85451  -4.38308  -4.92517  -5.47981  -6.04618  -6.62353  -7.21123  -7.80871
 191.91577    0.47353   0.42004   0.24764  -0.00418  -0.31203  -0.66277  -1.04814  -1.46253  -1.90185  -2.36305  -2.84370  -3.34190  -3.85604  -4.38482  -4.92711  -5.48195  -6.04851  -6.62605  -7.21394  -7.81160
 192.20207    0.47496   0.42131   0.24864  -0.00346  -0.31159  -0.66259  -1.04822  -1.46284  -1.90240  -2.36381  -2.84469  -3.34309  -3.85744  -4.38641  -4.92889  -5.48392  -6.05066  -6.62838  -7.21644  -7.81427
 192.48865    0.47658   0.42277   0.24984  -0.00252  -0.31091  -0.66216  -1.04802  -1.46287  -1.90265  -2.36428  -2.84535  -3.34395  -3.85849  -4.38765  -4.93031  -5.48551  -6.05242  -6.63031  -7.21854  -7.81652
 192.77552    0.47834   0.42436   0.25115  -0.00150  -0.31015  -0.66166  -1.04777  -1.46286  -1.90286  -2.36470  -2.84598  -3.34478  -3.85951  -4.38886  -4.93170  -5.48707  -6.05415  -6.63220  -7.22059  -7.81873
 193.06267    0.48027   0.42610   0.25258  -0.00040  -0.30937  -0.66120  -1.04761  -1.46299  -1.90328  -2.36541  -2.84697  -3.34604  -3.86103  -4.39064  -4.93373  -5.48936  -6.05668  -6.63497  -7.22359  -7.82197
 193.35011    0.48237   0.42803   0.25424   0.00099  -0.30826  -0.66034  -1.04699  -1.46261  -1.90313  -2.36547  -2.84724  -3.34651  -3.86171  -4.39150  -4.93478  -5.49059  -6.05809  -6.63655  -7.22533  -7.82387
 193.63783    0.48466   0.43016   0.25607   0.00248  -0.30710  -0.65952  -1.04651  -1.46246  -1.90331  -2.36597  -2.84806  -3.34765  -3.86316  -4.39327  -4.93686  -5.49298  -6.06078  -6.63955  -7.22864  -7.82748
 193.92584    0.48705   0.43240   0.25811   0.00435  -0.30539  -0.65793  -1.04502  -1.46105  -1.90196  -2.36467  -2.84680  -3.34641  -3.86192  -4.39203  -4.93560  -5.49170  -6.05947  -6.63820  -7.22724  -7.82602
 194.21414    0.48963   0.43481   0.26025   0.00624  -0.30374  -0.65650  -1.04381  -1.46003  -1.90112  -2.36400  -2.84629  -3.34605  -3.86171  -4.39195  -4.93565  -5.49187  -6.05975  -6.63859  -7.22774  -7.82662
 194.50271    0.49236   0.43739   0.26259   0.00832  -0.30190  -0.65489  -1.04240  -1.45883  -1.90011  -2.36317  -2.84563  -3.34556  -3.86137  -4.39176  -4.93561  -5.49196  -6.05998  -6.63895  -7.22821  -7.82721
 194.79158    0.49527   0.44011   0.26502   0.01045  -0.30005  -0.65331  -1.04109  -1.45777  -1.89929  -2.36259  -2.84528  -3.34542  -3.86145  -4.39204  -4.93609  -5.49264  -6.06085  -6.64000  -7.22945  -7.82862
 195.08073    0.49835   0.44303   0.26767   0.01281  -0.29797  -0.65151  -1.03955  -1.45648  -1.89825  -2.36178  -2.84470  -3.34506  -3.86131  -4.39212  -4.93638  -5.49312  -6.06153  -6.64088  -7.23052  -7.82988
 195.37017    0.50158   0.44609   0.27046   0.01533  -0.29571  -0.64949  -1.03777  -1.45492  -1.89690  -2.36063  -2.84374  -3.34429  -3.86072  -4.39170  -4.93612  -5.49303  -6.06159  -6.64108  -7.23087  -7.83037
 195.65989    0.50497   0.44929   0.27335   0.01791  -0.29344  -0.64753  -1.03610  -1.45354  -1.89579  -2.35980  -2.84317  -3.34399  -3.86067  -4.39189  -4.93656  -5.49371  -6.06251  -6.64223  -7.23224  -7.83197
 195.94990    0.50851   0.45266   0.27646   0.02076  -0.29085  -0.64517  -1.03396  -1.45161  -1.89407  -2.35827  -2.84182  -3.34280  -3.85965  -4.39103  -4.93585  -5.49314  -6.06208  -6.64194  -7.23208  -7.83193
 196.24020    0.51221   0.45618   0.27970   0.02371  -0.28817  -0.64275  -1.03178  -1.44966  -1.89234  -2.35675  -2.84050  -3.34168  -3.85871  -4.39027  -4.93526  -5.49272  -6.06182  -6.64183  -7.23212  -7.83212
 196.53078    0.51609   0.45993   0.28323   0.02700  -0.28510  -0.63989  -1.02912  -1.44720  -1.89006  -2.35464  -2.83856  -3.33990  -3.85708  -4.38880  -4.93393  -5.49153  -6.06077  -6.64091  -7.23133  -7.83144
 196.82165    0.52011   0.46375   0.28676   0.03025  -0.28213  -0.63719  -1.02668  -1.44499  -1.88808  -2.35289  -2.83702  -3.33856  -3.85594  -4.38785  -4.93316  -5.49094  -6.06034  -6.64066  -7.23123  -7.83151
 197.11281    0.52428   0.46769   0.29036   0.03350  -0.27921  -0.63458  -1.02438  -1.44299  -1.88636  -2.35144  -2.83584  -3.33764  -3.85528  -4.38743  -4.93299  -5.49100  -6.06063  -6.64117  -7.23197  -7.83246
 197.40425    0.52860   0.47183   0.29423   0.03709  -0.27588  -0.63151  -1.02154  -1.44037  -1.88395  -2.34924  -2.83383  -3.33582  -3.85363  -4.38595  -4.93168  -5.48985  -6.05963  -6.64032  -7.23126  -7.83189
 197.69598    0.53309   0.47613   0.29824   0.04081  -0.27244  -0.62834  -1.01863  -1.43771  -1.88154  -2.34705  -2.83187  -3.33408  -3.85210  -4.38463  -4.93055  -5.48891  -6.05889  -6.63976  -7.23088  -7.83168
 197.98800    0.53771   0.48055   0.30238   0.04467  -0.26885  -0.62499  -1.01552  -1.43481  -1.87884  -2.34455  -2.82956  -3.33194  -3.85012  -4.38281  -4.92888  -5.48739  -6.05751  -6.63851  -7.22976  -7.83069
 198.28030    0.54250   0.48519   0.30676   0.04878  -0.26500  -0.62140  -1.01216  -1.43169  -1.87594  -2.34187  -2.82708  -3.32966  -3.84804  -4.38092  -4.92718  -5.48587  -6.05616  -6.63733  -7.22875  -7.82984
 198.57290    0.54742   0.48986   0.31108   0.05276  -0.26136  -0.61807  -1.00914  -1.42896  -1.87349  -2.33968  -2.82515  -3.32798  -3.84661  -4.37972  -4.92621  -5.48512  -6.05563  -6.63701  -7.22863  -7.82992

# Fitted data
 178.77813    0.60885   0.56152   0.40043   0.16099  -0.13451  -0.47279  -0.84631  -1.24886  -1.67645  -2.12648  -2.59617  -3.08316  -3.58698  -4.10510  -4.63749  -5.18164  -5.73868  -6.30595  -6.88427  -7.47132
 178.87710    0.60616   0.55878   0.39761   0.15807  -0.13752  -0.47591  -0.84953  -1.25218  -1.67989  -2.13001  -2.59979  -3.08690  -3.59080  -4.10901  -4.64148  -5.18575  -5.74287  -6.31024  -6.88864  -7.47584
 178.97608    0.60349   0.55607   0.39482   0.15518  -0.14051  -0.47901  -0.85272  -1.25547  -1.68330  -2.13350  -2.60337  -3.09061  -3.59458  -4.11289  -4.64544  -5.18983  -5.74702  -6.31449  -6.89298  -7.48033
 179.07505    0.60085   0.55339   0.39205   0.15232  -0.14346  -0.48207  -0.85588  -1.25873  -1.68667  -2.13697  -2.60693  -3.09429  -3.59833  -4.11674  -4.64936  -5.19388  -5.75114  -6.31872  -6.89728  -7.48479
 179.17403    0.59823   0.55073   0.38931   0.14949  -0.14639  -0.48511  -0.85901  -1.26197  -1.69002  -2.14040  -2.61045  -3.09794  -3.60205  -4.12056  -4.65325  -5.19789  -5.75522  -6.32290  -6.90155  -7.48921
 179.27300    0.59565   0.54811   0.38661   0.14668  -0.14929  -0.48811  -0.86212  -1.26517  -1.69334  -2.14381  -2.61394  -3.10155  -3.60574  -4.12435  -4.65711  -5.20187  -5.75928  -6.32706  -6.90578  -7.49359
 179.37197    0.59309   0.54551   0.38393   0.14391  -0.15215  -0.49109  -0.86519  -1.26834  -1.69662  -2.14718  -2.61741  -3.10513  -3.60940  -4.12810  -4.66094  -5.20582  -5.76330  -6.33118  -6.90999  -7.49794
 179.47095    0.59057   0.54295   0.38128   0.14116  -0.15500  -0.49404  -0.86823  -1.27149  -1.69988  -2.15052  -2.62084  -3.10868  -3.61303  -4.13182  -4.66474  -5.20973  -5.76728  -6.33526  -6.91416  -7.50225
 179.56992    0.58807   0.54041   0.37865   0.13844  -0.15781  -0.49696  -0.87125  -1.27460  -1.70310  -2.15384  -2.62424  -3.11221  -3.61662  -4.13552  -4.66851  -5.21362  -5.77124  -6.33932  -6.91829  -7.50653
 179.66889    0.58560   0.53790   0.37606   0.13575  -0.16059  -0.49985  -0.87423  -1.27769  -1.70630  -2.15712  -2.62761  -3.11570  -3.62019  -4.13918  -4.67224  -5.21747  -5.77516  -6.34334  -6.92240  -7.51077
 179.76787    0.58316   0.53541   0.37349   0.13309  -0.16335  -0.50271  -0.87719  -1.28074  -1.70946  -2.16038  -2.63096  -3.11915  -3.62372  -4.14281  -4.67595  -5.22129  -5.77906  -6.34733  -6.92647  -7.51498
 179.86684    0.58074   0.53296   0.37095   0.13045  -0.16607  -0.50554  -0.88012  -1.28377  -1.71260  -2.16360  -2.63427  -3.12258  -3.62722  -4.14640  -4.67962  -5.22507  -5.78292  -6.35129  -6.93051  -7.51915
 179.96582    0.57836   0.53053   0.36844   0.12785  -0.16877  -0.50835  -0.88302  -1.28677  -1.71571  -2.16680  -2.63755  -3.12598  -3.63070  -4.14997  -4.68326  -5.22883  -5.78674  -6.35521  -6.93451  -7.52329
 180.06479    0.57600   0.52813   0.36596   0.12527  -0.17145  -0.51112  -0.88589  -1.28974  -1.71878  -2.16996  -2.64081  -3.12935  -3.63414  -4.15351  -4.68688  -5.23255  -5.79054  -6.35911  -6.93849  -7.52740
 180.16376    0.57367   0.52576   0.36350   0.12272  -0.17409  -0.51387  -0.88873  -1.29268  -1.72183  -2.17310  -2.64403  -3.13268  -3.63755  -4.15701  -4.69046  -5.23624  -5.79430  -6.36297  -6.94243  -7.53147
 180.26274    0.57137   0.52341   0.36108   0.12019  -0.17671  -0.51659  -0.89155  -1.29559  -1.72485  -2.17621  -2.64723  -3.13599  -3.64094  -4.16049  -4.69401  -5.23990  -5.79804  -6.36680  -6.94634  -7.53550
 180.36171    0.56909   0.52110   0.35868   0.11770  -0.17929  -0.51928  -0.89433  -1.29848  -1.72784  -2.17928  -2.65039  -3.13926  -3.64429  -4.16393  -4.69753  -5.24353  -5.80174  -6.37059  -6.95022  -7.53951
 180.46069    0.56684   0.51881   0.35630   0.11523  -0.18186  -0.52195  -0.89709  -1.30133  -1.73080  -2.18233  -2.65353  -3.14251  -3.64761  -4.16735  -4.70102  -5.24713  -5.80541  -6.37436  -6.95406  -7.54347
 180.55966    0.56462   0.51655   0.35396   0.11279  -0.18439  -0.52458  -0.89982  -1.30416  -1.73373  -2.18535  -2.65664  -3.14572  -3.65090  -4.17073  -4.70448  -5.25070  -5.80905  -6.37809  -6.95788  -7.54741
 180.65863    0.56243   0.51431   0.35164   0.11038  -0.18690  -0.52719  -0.90252  -1.30696  -1.73663  -2.18834  -2.65972  -3.14891  -3.65417  -4.17409  -4.70791  -5.25423  -5.81266  -6.38179  -6.96166  -7.55131
 180.75761    0.56027   0.51210   0.34935   0.10800  -0.18937  -0.52977  -0.90520  -1.30973  -1.73951  -2.19130  -2.66277  -3.15206  -3.65740  -4.17741  -4.71131  -5.25773  -5.81624  -6.38547  -6.96541  -7.55518
 180.85658    0.55813   0.50992   0.34709   0.10564  -0.19183  -0.53233  -0.90784  -1.31247  -1.74235  -2.19424  -2.66579  -3.15519  -3.66060  -4.18071  -4.71468  -5.26121  -5.81978  -6.38911  -6.96913  -7.55901
 180.95555    0.55602   0.50777   0.34485   0.10331  -0.19425  -0.53485  -0.91046  -1.31519  -1.74517  -2.19714  -2.66878  -3.15829  -3.66378  -4.18397  -4.71803  -5.26465  -5.82330  -6.39271  -6.97282  -7.56282
 181.05453    0.55393   0.50565   0.34264   0.10100  -0.19665  -0.53735  -0.91305  -1.31787  -1.74796  -2.20002  -2.67174  -3.16135  -3.66692  -4.18720  -4.72134  -5.26806  -5.82679  -6.39629  -6.97648  -7.56659
 181.15350    0.55188   0.50355   0.34046   0.09873  -0.19902  -0.53982  -0.91562  -1.32053  -1.75072  -2.20287  -2.67468  -3.16439  -3.67004  -4.19041  -4.72462  -5.27145  -5.83024  -6.39984  -6.98010  -7.57032
 181.25248    0.54985   0.50147   0.33830   0.09648  -0.20136  -0.54227  -0.91815  -1.32317  -1.75345  -2.20569  -2.67759  -3.16740  -3.67312  -4.19359  -4.72787  -5.27480  -5.83367  -6.40335  -6.98370  -7.57403
 181.35145    0.54784   0.49943   0.33618   0.09425  -0.20368  -0.54468  -0.92066  -1.32577  -1.75615  -2.20848  -2.68047  -3.17038  -3.67618  -4.19673  -4.73110  -5.27812  -5.83706  -6.40684  -6.98726  -7.57770
 181.45042    0.54587   0.49741   0.33407   0.09206  -0.20597  -0.54707  -0.92314  -1.32835  -1.75883  -2.21124  -2.68332  -3.17333  -3.67921  -4.19985  -4.73429  -5.28141  -5.84043  -6.41029  -6.99080  -7.58134
 181.54940    0.54392   0.49542   0.33200   0.08989  -0.20823  -0.54943  -0.92560  -1.33090  -1.76147  -2.21398  -2.68614  -3.17625  -3.68221  -4.20294  -4.73745  -5.28467  -5.84376  -6.41372  -6.99430  -7.58495
 181.64837    0.54199   0.49345   0.32995   0.08775  -0.21046  -0.55177  -0.92803  -1.33342  -1.76409  -2.21668  -2.68893  -3.17914  -3.68518  -4.20600  -4.74059  -5.28790  -5.84707  -6.41711  -6.99777  -7.58852
 181.74735    0.54010   0.49151   0.32793   0.08563  -0.21267  -0.55408  -0.93043  -1.33591  -1.76669  -2.21936  -2.69170  -3.18200  -3.68812  -4.20903  -4.74370  -5.29111  -5.85034  -6.42048  -7.00122  -7.59207
 181.84632    0.53823   0.48960   0.32593   0.08354  -0.21486  -0.55636  -0.93280  -1.33838  -1.76925  -2.22201  -2.69444  -3.18484  -3.69103  -4.21203  -4.74678  -5.29428  -5.85359  -6.42381  -7.00463  -7.59558
 181.94529    0.53639   0.48771   0.32396   0.08148  -0.21701  -0.55861  -0.93515  -1.34082  -1.77179  -2.22464  -2.69715  -3.18764  -3.69392  -4.21500  -4.74983  -5.29742  -5.85681  -6.42711  -7.00801  -7.59906
 182.04427    0.53457   0.48585   0.32202   0.07944  -0.21914  -0.56084  -0.93747  -1.34323  -1.77430  -2.22723  -2.69984  -3.19042  -3.69678  -4.21794  -4.75285  -5.30053  -5.85999  -6.43039  -7.01136  -7.60251
 182.14324    0.53278   0.48402   0.32010   0.07743  -0.22125  -0.56304  -0.93976  -1.34562  -1.77678  -2.22980  -2.70249  -3.19317  -3.69960  -4.22086  -4.75584  -5.30362  -5.86315  -6.43363  -7.01469  -7.60592
 182.24221    0.53101   0.48221   0.31821   0.07545  -0.22333  -0.56522  -0.94203  -1.34798  -1.77923  -2.23235  -2.70512  -3.19589  -3.70241  -4.22375  -4.75881  -5.30667  -5.86628  -6.43685  -7.01798  -7.60931
 182.34119    0.52927   0.48043   0.31634   0.07349  -0.22538  -0.56737  -0.94427  -1.35032  -1.78166  -2.23486  -2.70772  -3.19858  -3.70518  -4.22661  -4.76174  -5.30970  -5.86938  -6.44003  -7.02124  -7.61267
 182.44016    0.52756   0.47868   0.31451   0.07155  -0.22741  -0.56949  -0.94648  -1.35262  -1.78406  -2.23735  -2.71030  -3.20125  -3.70792  -4.22944  -4.76465  -5.31270  -5.87245  -6.44319  -7.02448  -7.61599
 182.53914    0.52587   0.47695   0.31269   0.06965  -0.22941  -0.57159  -0.94867  -1.35490  -1.78643  -2.23981  -2.71284  -3.20389  -3.71064  -4.23224  -4.76753  -5.31566  -5.87549  -6.44632  -7.02768  -7.61928
 182.63811    0.52421   0.47524   0.31090   0.06777  -0.23138  -0.57366  -0.95083  -1.35716  -1.78878  -2.24224  -2.71536  -3.20650  -3.71333  -4.23501  -4.77038  -5.31860  -5.87850  -6.44941  -7.03085  -7.62255
 182.73708    0.52258   0.47356   0.30914   0.06591  -0.23333  -0.57570  -0.95297  -1.35938  -1.79110  -2.24465  -2.71786  -3.20908  -3.71599  -4.23776  -4.77321  -5.32151  -5.88149  -6.45248  -7.03400  -7.62578
 182.83606    0.52097   0.47191   0.30741   0.06408  -0.23525  -0.57772  -0.95508  -1.36158  -1.79339  -2.24703  -2.72032  -3.21163  -3.71863  -4.24048  -4.77600  -5.32440  -5.88444  -6.45552  -7.03712  -7.62898
 182.93503    0.51939   0.47028   0.30569   0.06228  -0.23715  -0.57971  -0.95716  -1.36376  -1.79566  -2.24938  -2.72276  -3.21416  -3.72123  -4.24317  -4.77877  -5.32725  -5.88737  -6.45853  -7.04021  -7.63215
 183.03400    0.51783   0.46868   0.30401   0.06050  -0.23902  -0.58168  -0.95922  -1.36591  -1.79790  -2.25171  -2.72518  -3.21666  -3.72381  -4.24583  -4.78151  -5.33008  -5.89027  -6.46151  -7.04326  -7.63530
 183.13298    0.51630   0.46710   0.30235   0.05875  -0.24087  -0.58362  -0.96125  -1.36803  -1.80011  -2.25401  -2.72756  -3.21913  -3.72636  -4.24847  -4.78423  -5.33287  -5.89314  -6.46447  -7.04629  -7.63841
 183.23195    0.51479   0.46555   0.30071   0.05702  -0.24269  -0.58554  -0.96326  -1.37013  -1.80230  -2.25628  -2.72992  -3.22157  -3.72889  -4.25108  -4.78691  -5.33564  -5.89599  -6.46739  -7.04930  -7.64149
 183.33093    0.51331   0.46403   0.29910   0.05532  -0.24449  -0.58743  -0.96524  -1.37220  -1.80446  -2.25853  -2.73225  -3.22399  -3.73139  -4.25366  -4.78957  -5.33838  -5.89880  -6.47029  -7.05227  -7.64454
 183.42990    0.51185   0.46253   0.29752   0.05364  -0.24626  -0.58929  -0.96719  -1.37425  -1.80659  -2.26075  -2.73456  -3.22638  -3.73386  -4.25621  -4.79220  -5.34110  -5.90159  -6.47316  -7.05521  -7.64757
 183.52887    0.51042   0.46105   0.29596   0.05199  -0.24800  -0.59113  -0.96912  -1.37627  -1.80870  -2.26294  -2.73684  -3.22875  -3.73630  -4.25874  -4.79481  -5.34378  -5.90435  -6.47600  -7.05813  -7.65056
 183.62785    0.50901   0.45960   0.29443   0.05036  -0.24972  -0.59295  -0.97102  -1.37826  -1.81078  -2.26511  -2.73910  -3.23108  -3.73872  -4.26124  -4.79739  -5.34644  -5.90708  -6.47881  -7.06102  -7.65352
 183.72682    0.50763   0.45818   0.29292   0.04876  -0.25142  -0.59473  -0.97290  -1.38023  -1.81284  -2.26726  -2.74132  -3.23339  -3.74111  -4.26371  -4.79994  -5.34907  -5.90978  -6.48160  -7.06388  -7.65646
 183.82580    0.50627   0.45677   0.29143   0.04718  -0.25309  -0.59650  -0.97476  -1.38217  -1.81487  -2.26937  -2.74353  -3.23568  -3.74348  -4.26616  -4.80246  -5.35168  -5.91246  -6.48435  -7.06671  -7.65936
 183.92477    0.50494   0.45540   0.28997   0.04563  -0.25473  -0.59824  -0.97658  -1.38409  -1.81688  -2.27146  -2.74570  -3.23794  -3.74581  -4.26858  -4.80496  -5.35425  -5.91511  -6.48708  -7.06951  -7.66224
 184.02374    0.50364   0.45405   0.28854   0.04410  -0.25635  -0.59995  -0.97839  -1.38598  -1.81886  -2.27353  -2.74785  -3.24017  -3.74813  -4.27097  -4.80743  -5.35680  -5.91773  -6.48978  -7.07229  -7.66509
 184.12272    0.50236   0.45272   0.28713   0.04260  -0.25795  -0.60164  -0.98017  -1.38785  -1.82081  -2.27557  -2.74998  -3.24237  -3.75041  -4.27334  -4.80988  -5.35932  -5.92033  -6.49246  -7.07504  -7.66791
 184.22169    0.50110   0.45142   0.28574   0.04112  -0.25952  -0.60330  -0.98192  -1.38969  -1.82274  -2.27758  -2.75208  -3.24455  -3.75267  -4.27568  -4.81229  -5.36182  -5.92289  -6.49510  -7.07776  -7.67070
 184.32066    0.49987   0.45014   0.28438   0.03967  -0.26107  -0.60494  -0.98365  -1.39151  -1.82464  -2.27957  -2.75415  -3.24670  -3.75491  -4.27799  -4.81468  -5.36428  -5.92544  -6.49772  -7.08045  -7.67346
 184.41964    0.49866   0.44889   0.28304   0.03824  -0.26259  -0.60656  -0.98535  -1.39330  -1.82652  -2.28154  -2.75620  -3.24883  -3.75711  -4.28028  -4.81705  -5.36673  -5.92795  -6.50031  -7.08312  -7.67620
 184.51861    0.49748   0.44766   0.28173   0.03684  -0.26409  -0.60815  -0.98703  -1.39507  -1.82837  -2.28348  -2.75822  -3.25093  -3.75929  -4.28254  -4.81939  -5.36914  -5.93044  -6.50288  -7.08576  -7.67890
 184.61759    0.49632   0.44646   0.28044   0.03545  -0.26557  -0.60971  -0.98868  -1.39681  -1.83020  -2.28539  -2.76022  -3.25301  -3.76145  -4.28478  -4.82170  -5.37153  -5.93290  -6.50542  -7.08837  -7.68158
 184.71656    0.49518   0.44528   0.27918   0.03410  -0.26701  -0.61125  -0.99031  -1.39853  -1.83200  -2.28728  -2.76220  -3.25506  -3.76358  -4.28698  -4.82399  -5.37389  -5.93533  -6.50793  -7.09096  -7.68423
 184.81553    0.49407   0.44412   0.27794   0.03277  -0.26844  -0.61277  -0.99192  -1.40023  -1.83378  -2.28914  -2.76414  -3.25708  -3.76568  -4.28917  -4.82625  -5.37622  -5.93774  -6.51041  -7.09351  -7.68686
 184.91451    0.49299   0.44299   0.27672   0.03146  -0.26984  -0.61426  -0.99350  -1.40189  -1.83553  -2.29098  -2.76607  -3.25908  -3.76776  -4.29133  -4.82849  -5.37853  -5.94012  -6.51287  -7.09605  -7.68945
 185.01348    0.49192   0.44188   0.27553   0.03017  -0.27122  -0.61573  -0.99506  -1.40354  -1.83726  -2.29279  -2.76796  -3.26105  -3.76982  -4.29346  -4.83070  -5.38081  -5.94248  -6.51530  -7.09855  -7.69202
 185.11246    0.49089   0.44080   0.27436   0.02891  -0.27257  -0.61717  -0.99659  -1.40516  -1.83896  -2.29458  -2.76984  -3.26300  -3.77185  -4.29557  -4.83288  -5.38307  -5.94481  -6.51770  -7.10103  -7.69456
 185.21143    0.48987   0.43974   0.27322   0.02768  -0.27390  -0.61859  -0.99810  -1.40676  -1.84064  -2.29634  -2.77168  -3.26492  -3.77385  -4.29765  -4.83504  -5.38530  -5.94711  -6.52008  -7.10348  -7.69707
 185.31040    0.48888   0.43870   0.27210   0.02647  -0.27521  -0.61999  -0.99958  -1.40833  -1.84230  -2.29808  -2.77351  -3.26682  -3.77583  -4.29970  -4.83717  -5.38750  -5.94939  -6.52243  -7.10590  -7.69956
 185.40938    0.48792   0.43769   0.27100   0.02528  -0.27649  -0.62136  -1.00104  -1.40987  -1.84393  -2.29980  -2.77530  -3.26869  -3.77778  -4.30173  -4.83928  -5.38968  -5.95164  -6.52476  -7.10830  -7.70202
 185.50835    0.48698   0.43670   0.26993   0.02411  -0.27775  -0.62271  -1.00248  -1.41140  -1.84553  -2.30149  -2.77708  -3.27054  -3.77971  -4.30374  -4.84136  -5.39184  -5.95386  -6.52706  -7.11067  -7.70445
 185.60732    0.48606   0.43574   0.26888   0.02297  -0.27898  -0.62403  -1.00389  -1.41290  -1.84712  -2.30315  -2.77883  -3.27236  -3.78161  -4.30572  -4.84342  -5.39396  -5.95606  -6.52933  -7.11302  -7.70685
 185.70630    0.48516   0.43480   0.26785   0.02185  -0.28020  -0.62534  -1.00528  -1.41437  -1.84867  -2.30479  -2.78055  -3.27416  -3.78349  -4.30767  -4.84545  -5.39607  -5.95824  -6.53158  -7.11534  -7.70923
 185.80527    0.48429   0.43388   0.26685   0.02076  -0.28138  -0.62661  -1.00665  -1.41583  -1.85021  -2.30641  -2.78225  -3.27593  -3.78534  -4.30961  -4.84746  -5.39814  -5.96039  -6.53380  -7.11763  -7.71158
 185.90425    0.48344   0.43299   0.26587   0.01969  -0.28255  -0.62787  -1.00799  -1.41725  -1.85171  -2.30801  -2.78393  -3.27768  -3.78717  -4.31151  -4.84944  -5.40019  -5.96251  -6.53600  -7.11990  -7.71391
 186.00322    0.48262   0.43212   0.26492   0.01864  -0.28369  -0.62910  -1.00931  -1.41866  -1.85320  -2.30958  -2.78558  -3.27940  -3.78898  -4.31339  -4.85140  -5.40222  -5.96461  -6.53817  -7.12214  -7.71621
 186.10219    0.48182   0.43127   0.26398   0.01762  -0.28481  -0.63030  -1.01060  -1.42004  -1.85466  -2.31112  -2.78721  -3.28110  -3.79076  -4.31525  -4.85333  -5.40422  -5.96668  -6.54031  -7.12436  -7.71848
 186.20117    0.48104   0.43044   0.26308   0.01661  -0.28590  -0.63149  -1.01187  -1.42140  -1.85610  -2.31264  -2.78882  -3.28278  -3.79251  -4.31708  -4.85524  -5.40620  -5.96873  -6.54243  -7.12655  -7.72072
 186.30014    0.48029   0.42964   0.26219   0.01564  -0.28697  -0.63265  -1.01312  -1.42273  -1.85751  -2.31414  -2.79040  -3.28443  -3.79424  -4.31889  -4.85712  -5.40815  -5.97075  -6.54453  -7.12872  -7.72295
 186.39911    0.47956   0.42886   0.26133   0.01468  -0.28802  -0.63379  -1.01435  -1.42404  -1.85890  -2.31562  -2.79195  -3.28606  -3.79595  -4.32067  -4.85898  -5.41007  -5.97275  -6.54660  -7.13086  -7.72514
 186.49809    0.47885   0.42811   0.26049   0.01375  -0.28905  -0.63490  -1.01555  -1.42533  -1.86027  -2.31707  -2.79349  -3.28766  -3.79763  -4.32243  -4.86082  -5.41197  -5.97472  -6.54864  -7.13297  -7.72731
 186.59706    0.47816   0.42738   0.25967   0.01284  -0.29005  -0.63599  -1.01673  -1.42659  -1.86161  -2.31849  -2.79500  -3.28924  -3.79929  -4.32416  -4.86263  -5.41385  -5.97667  -6.55066  -7.13506  -7.72945
 186.69604    0.47750   0.42667   0.25887   0.01195  -0.29103  -0.63706  -1.01788  -1.42783  -1.86294  -2.31990  -2.79648  -3.29079  -3.80093  -4.32587  -4.86442  -5.41570  -5.97860  -6.55266  -7.13713  -7.73157
 186.79501    0.47686   0.42598   0.25810   0.01109  -0.29199  -0.63810  -1.01901  -1.42905  -1.86423  -2.32128  -2.79795  -3.29233  -3.80254  -4.32756  -4.86618  -5.41753  -5.98050  -6.55463  -7.13917  -7.73366
 186.89398    0.47625   0.42532   0.25735   0.01025  -0.29292  -0.63913  -1.02012  -1.43025  -1.86551  -2.32263  -2.79938  -3.29383  -3.80413  -4.32922  -4.86792  -5.41934  -5.98237  -6.55657  -7.14119  -7.73573
 186.99296    0.47565   0.42468   0.25663   0.00943  -0.29383  -0.64013  -1.02121  -1.43142  -1.86676  -2.32397  -2.80080  -3.29532  -3.80569  -4.33086  -4.86963  -5.42112  -5.98422  -6.55849  -7.14318  -7.73777
 187.09193    0.47508   0.42406   0.25592   0.00863  -0.29472  -0.64110  -1.02228  -1.43257  -1.86799  -2.32528  -2.80219  -3.29678  -3.80723  -4.33248  -4.87132  -5.42287  -5.98605  -6.56039  -7.14514  -7.73979
 187.19091    0.47454   0.42346   0.25524   0.00786  -0.29559  -0.64206  -1.02332  -1.43369  -1.86919  -2.32657  -2.80356  -3.29822  -3.80875  -4.33407  -4.87299  -5.42460  -5.98785  -6.56226  -7.14708  -7.74178
 187.28988    0.47401   0.42289   0.25458   0.00711  -0.29643  -0.64299  -1.02434  -1.43480  -1.87037  -2.32783  -2.80491  -3.29963  -3.81024  -4.33564  -4.87463  -5.42631  -5.98963  -6.56411  -7.14900  -7.74375
 187.38885    0.47351   0.42234   0.25394   0.00638  -0.29726  -0.64390  -1.02533  -1.43588  -1.87153  -2.32907  -2.80623  -3.30102  -3.81172  -4.33718  -4.87625  -5.42799  -5.99138  -6.56593  -7.15089  -7.74569
 187.48783    0.47303   0.42181   0.25333   0.00567  -0.29805  -0.64479  -1.02631  -1.43694  -1.87267  -2.33029  -2.80753  -3.30239  -3.81316  -4.33870  -4.87785  -5.42965  -5.99312  -6.56773  -7.15276  -7.74761
 187.58680    0.47257   0.42130   0.25274   0.00499  -0.29883  -0.64565  -1.02726  -1.43797  -1.87378  -2.33149  -2.80881  -3.30374  -3.81459  -4.34020  -4.87942  -5.43129  -5.99482  -6.56951  -7.15460  -7.74950
 187.68577    0.47214   0.42082   0.25217   0.00433  -0.29959  -0.64650  -1.02819  -1.43899  -1.87487  -2.33266  -2.81006  -3.30506  -3.81599  -4.34167  -4.88097  -5.43290  -5.99651  -6.57126  -7.15642  -7.75137
 187.78475    0.47172   0.42036   0.25162   0.00369  -0.30032  -0.64732  -1.02910  -1.43998  -1.87594  -2.33381  -2.81130  -3.30636  -3.81737  -4.34313  -4.88250  -5.43449  -5.99817  -6.57298  -7.15822  -7.75322
 187.88372    0.47133   0.41992   0.25109   0.00307  -0.30103  -0.64811  -1.02998  -1.44095  -1.87699  -2.33494  -2.81251  -3.30763  -3.81872  -4.34455  -4.88400  -5.43606  -5.99980  -6.57469  -7.15999  -7.75504
 187.98270    0.47096   0.41950   0.25059   0.00247  -0.30172  -0.64889  -1.03084  -1.44190  -1.87801  -2.33605  -2.81369  -3.30889  -3.82005  -4.34596  -4.88548  -5.43760  -6.00141  -6.57637  -7.16174  -7.75683
 188.08167    0.47062   0.41910   0.25011   0.00190  -0.30239  -0.64965  -1.03168  -1.44282  -1.87902  -2.33713  -2.81486  -3.31012  -3.82136  -4.34734  -4.88694  -5.43912  -6.00300  -6.57802  -7.16346  -7.75861
 188.18064    0.47029   0.41873   0.24965   0.00135  -0.30303  -0.65038  -1.03250  -1.44372  -1.88000  -2.33820  -2.81600  -3.31133  -3.82265  -4.34870  -4.88837  -5.44061  -6.00457  -6.57966  -7.16516  -7.76035
 188.27962    0.46999   0.41838   0.24921   0.00082  -0.30366  -0.65109  -1.03330  -1.44460  -1.88095  -2.33924  -2.81712  -3.31251  -3.82392  -4.35004  -4.88978  -5.44209  -6.00611  -6.58127  -7.16684  -7.76208
 188.37859    0.46971   0.41805   0.24879   0.00031  -0.30426  -0.65178  -1.03408  -1.44546  -1.88189  -2.34025  -2.81822  -3.31368  -3.82516  -4.35135  -4.89117  -5.44354  -6.00763  -6.58285  -7.16849  -7.76378
 188.47757    0.46945   0.41774   0.24840  -0.00018  -0.30484  -0.65245  -1.03483  -1.44630  -1.88280  -2.34125  -2.81929  -3.31482  -3.82638  -4.35264  -4.89253  -5.44496  -6.00913  -6.58442  -7.17012  -7.76546
 188.57654    0.46921   0.41745   0.24802  -0.00065  -0.30540  -0.65309  -1.03556  -1.44712  -1.88370  -2.34222  -2.82034  -3.31594  -3.82758  -4.35391  -4.89388  -5.44637  -6.01060  -6.58596  -7.17173  -7.76711
 188.67551    0.46900   0.41719   0.24767  -0.00109  -0.30594  -0.65372  -1.03627  -1.44791  -1.88457  -2.34317  -2.82138  -3.31703  -3.82875  -4.35516  -4.89520  -5.44775  -6.01206  -6.58747  -7.17331  -7.76874
 188.77449    0.46880   0.41694   0.24734  -0.00151  -0.30645  -0.65432  -1.03696  -1.44868  -1.88542  -2.34410  -2.82238  -3.31811  -3.82990  -4.35639  -4.89650  -5.44911  -6.01348  -6.58897  -7.17487  -7.77035
 188.87346    0.46863   0.41672   0.24703  -0.00191  -0.30695  -0.65490  -1.03763  -1.44943  -1.88624  -2.34501  -2.82337  -3.31916  -3.83103  -4.35759  -4.89777  -5.45045  -6.01489  -6.59044  -7.17641  -7.77194
 188.97243    0.46848   0.41652   0.24674  -0.00230  -0.30742  -0.65546  -1.03827  -1.45016  -1.88705  -2.34590  -2.82434  -3.32019  -3.83214  -4.35877  -4.89902  -5.45176  -6.01627  -6.59189  -7.17793  -7.77350
 189.07141    0.46835   0.41634   0.24648  -0.00265  -0.30787  -0.65600  -1.03890  -1.45087  -1.88783  -2.34676  -2.82528  -3.32120  -3.83323  -4.35993  -4.90026  -5.45305  -6.01763  -6.59331  -7.17942  -7.77504
 189.17038    0.46824   0.41618   0.24623  -0.00299  -0.30830  -0.65652  -1.03950  -1.45155  -1.88860  -2.34761  -2.82620  -3.32219  -3.83430  -4.36106  -4.90146  -5.45432  -6.01897  -6.59472  -7.18089  -7.77656
 189.26936    0.46816   0.41605   0.24601  -0.00331  -0.30871  -0.65701  -1.04008  -1.45222  -1.88934  -2.34843  -2.82710  -3.32316  -3.83534  -4.36218  -4.90265  -5.45557  -6.02029  -6.59610  -7.18233  -7.77805
 189.36833    0.46809   0.41593   0.24580  -0.00360  -0.30910  -0.65749  -1.04065  -1.45286  -1.89006  -2.34923  -2.82798  -3.32410  -3.83636  -4.36327  -4.90382  -5.45679  -6.02158  -6.59746  -7.18376  -7.77952
 189.46730    0.46805   0.41584   0.24562  -0.00388  -0.30947  -0.65794  -1.04119  -1.45349  -1.89076  -2.35001  -2.82884  -3.32503  -3.83736  -4.36434  -4.90496  -5.45800  -6.02286  -6.59879  -7.18516  -7.78097
 189.56628    0.46803   0.41576   0.24546  -0.00413  -0.30981  -0.65838  -1.04171  -1.45409  -1.89144  -2.35077  -2.82968  -3.32593  -3.83834  -4.36539  -4.90608  -5.45918  -6.02411  -6.60011  -7.18654  -7.78240
 189.66525    0.46802   0.41571   0.24532  -0.00437  -0.31014  -0.65879  -1.04220  -1.45467  -1.89209  -2.35150  -2.83049  -3.32681  -3.83930  -4.36642  -4.90718  -5.46034  -6.02533  -6.60140  -7.18789  -7.78380
 189.76422    0.46804   0.41568   0.24520  -0.00458  -0.31045  -0.65918  -1.04268  -1.45523  -1.89273  -2.35222  -2.83128  -3.32767  -3.84023  -4.36742  -4.90826  -5.46148  -6.02654  -6.60267  -7.18923  -7.78518
 189.86320    0.46808   0.41567   0.24510  -0.00477  -0.31073  -0.65955  -1.04314  -1.45577  -1.89335  -2.35291  -2.83206  -3.32851  -3.84115  -4.36841  -4.90931  -5.46259  -6.02773  -6.60392  -7.19054  -7.78654
 189.96217    0.46815   0.41568   0.24502  -0.00494  -0.31099  -0.65990  -1.04357  -1.45629  -1.89394  -2.35359  -2.83281  -3.32933  -3.84204  -4.36937  -4.91035  -5.46369  -6.02889  -6.60514  -7.19183  -7.78788
 190.06115    0.46823   0.41571   0.24496  -0.00509  -0.31124  -0.66023  -1.04399  -1.45678  -1.89451  -2.35424  -2.83354  -3.33012  -3.84292  -4.37031  -4.91136  -5.46476  -6.03003  -6.60635  -7.19310  -7.78920
 190.16012    0.46833   0.41576   0.24493  -0.00522  -0.31146  -0.66054  -1.04438  -1.45726  -1.89507  -2.35487  -2.83425  -3.33090  -3.84377  -4.37123  -4.91235  -5.46582  -6.03115  -6.60753  -7.19434  -7.79049
 190.25909    0.46846   0.41583   0.24491  -0.00533  -0.31166  -0.66083  -1.04476  -1.45772  -1.89560  -2.35548  -2.83494  -3.33165  -3.84460  -4.37213  -4.91332  -5.46685  -6.03225  -6.60869  -7.19557  -7.79176
 190.35807    0.46860   0.41592   0.24491  -0.00542  -0.31184  -0.66110  -1.04511  -1.45815  -1.89611  -2.35608  -2.83560  -3.33239  -3.84541  -4.37301  -4.91427  -5.46786  -6.03332  -6.60983  -7.19677  -7.79301
 190.45704    0.46876   0.41604   0.24494  -0.00549  -0.31200  -0.66135  -1.04544  -1.45857  -1.89660  -2.35665  -2.83625  -3.33310  -3.84619  -4.37387  -4.91520  -5.46884  -6.03438  -6.61095  -7.19795  -7.79424
 190.55602    0.46895   0.41617   0.24498  -0.00554  -0.31214  -0.66158  -1.04576  -1.45896  -1.89708  -2.35720  -2.83688  -3.33379  -3.84696  -4.37471  -4.91611  -5.46981  -6.03541  -6.61204  -7.19911  -7.79545
 190.65499    0.46916   0.41632   0.24505  -0.00556  -0.31226  -0.66178  -1.04605  -1.45934  -1.89753  -2.35773  -2.83748  -3.33447  -3.84771  -4.37552  -4.91699  -5.47076  -6.03643  -6.61312  -7.20025  -7.79664
 190.75396    0.46938   0.41650   0.24513  -0.00557  -0.31236  -0.66197  -1.04632  -1.45969  -1.89796  -2.35824  -2.83807  -3.33512  -3.84844  -4.37632  -4.91786  -5.47168  -6.03742  -6.61417  -7.20136  -7.79781
 190.85294    0.46963   0.41669   0.24524  -0.00556  -0.31244  -0.66214  -1.04657  -1.46003  -1.89837  -2.35872  -2.83863  -3.33575  -3.84914  -4.37709  -4.91870  -5.47259  -6.03839  -6.61521  -7.20246  -7.79895
 190.95191    0.46990   0.41691   0.24536  -0.00553  -0.31250  -0.66228  -1.04681  -1.46034  -1.89876  -2.35919  -2.83918  -3.33636  -3.84983  -4.37785  -4.91953  -5.47347  -6.03934  -6.61622  -7.20353  -7.80008
 191.05088    0.47019   0.41714   0.24551  -0.00547  -0.31254  -0.66241  -1.04702  -1.46063  -1.89913  -2.35964  -2.83970  -3.33695  -3.85049  -4.37858  -4.92033  -5.47434  -6.04027  -6.61721  -7.20458  -7.80118
 191.14986    0.47049   0.41739   0.24568  -0.00540  -0.31256  -0.66252  -1.04721  -1.46091  -1.89948  -2.36007  -2.84021  -3.33752  -3.85114  -4.37930  -4.92111  -5.47518  -6.04118  -6.61818  -7.20562  -7.80226
 191.24883    0.47082   0.41767   0.24586  -0.00531  -0.31256  -0.66261  -1.04738  -1.46116  -1.89981  -2.36048  -2.84069  -3.33808  -3.85176  -4.37999  -4.92187  -5.47600  -6.04207  -6.61913  -7.20663  -7.80332
 191.34781    0.47117   0.41796   0.24607  -0.00520  -0.31254  -0.66267  -1.04754  -1.46140  -1.90012  -2.36087  -2.84115  -3.33861  -3.85237  -4.38066  -4.92261  -5.47680  -6.04294  -6.62006  -7.20762  -7.80437
 191.44678    0.47154   0.41828   0.24629  -0.00507  -0.31250  -0.66272  -1.04767  -1.46161  -1.90042  -2.36124  -2.84160  -3.33912  -3.85295  -4.38132  -4.92333  -5.47759  -6.04378  -6.62097  -7.20859  -7.80539
 191.54575    0.47193   0.41861   0.24654  -0.00491  -0.31245  -0.66275  -1.04778  -1.46180  -1.90069  -2.36158  -2.84202  -3.33961  -3.85352  -4.38195  -4.92404  -5.47835  -6.04461  -6.62185  -7.20953  -7.80639
 191.64473    0.47233   0.41897   0.24680  -0.00474  -0.31237  -0.66276  -1.04788  -1.46198  -1.90094  -2.36191  -2.84242  -3.34008  -3.85406  -4.38256  -4.92472  -5.47909  -6.04542  -6.62272  -7.21046  -7.80737
 191.74370    0.47276   0.41934   0.24709  -0.00455  -0.31227  -0.66275  -1.04795  -1.46214  -1.90117  -2.36222  -2.84281  -3.34053  -3.85459  -4.38315  -4.92538  -5.47981  -6.04620  -6.62357  -7.21137  -7.80833
 191.84268    0.47321   0.41974   0.24739  -0.00434  -0.31215  -0.66272  -1.04801  -1.46227  -1.90139  -2.36251  -2.84317  -3.34097  -3.85509  -4.38373  -4.92602  -5.48051  -6.04697  -6.62439  -7.21225  -7.80927
 191.94165    0.47368   0.42015   0.24771  -0.00411  -0.31201  -0.66267  -1.04804  -1.46239  -1.90158  -2.36278  -2.84352  -3.34138  -3.85558  -4.38428  -4.92664  -5.48119  -6.04772  -6.62520  -7.21312  -7.81019
 192.04062    0.47417   0.42058   0.24806  -0.00386  -0.31186  -0.66260  -1.04806  -1.46248  -1.90175  -2.36303  -2.84384  -3.34177  -3.85604  -4.38481  -4.92724  -5.48185  -6.04844  -6.62599  -7.21397  -7.81109
 192.13960    0.47467   0.42103   0.24842  -0.00360  -0.31168  -0.66251  -1.04805  -1.46256  -1.90191  -2.36327  -2.84415  -3.34215  -3.85649  -4.38533  -4.92782  -5.48250  -6.04915  -6.62675  -7.21479  -7.81197
 192.23857    0.47520   0.42151   0.24880  -0.00331  -0.31148  -0.66240  -1.04803  -1.46262  -1.90205  -2.36348  -2.84443  -3.34250  -3.85692  -4.38582  -4.92838  -5.48312  -6.04984  -6.62750  -7.21560  -7.81283
 192.33754    0.47575   0.42200   0.24920  -0.00300  -0.31127  -0.66228  -1.04799  -1.46266  -1.90216  -2.36367  -2.84470  -3.34284  -3.85732  -4.38629  -4.92892  -5.48372  -6.05050  -6.62823  -7.21638  -7.81367
 192.43652    0.47631   0.42251   0.24962  -0.00267  -0.31103  -0.66213  -1.04793  -1.46268  -1.90226  -2.36384  -2.84495  -3.34316  -3.85771  -4.38675  -4.92944  -5.48430  -6.05115  -6.62893  -7.21715  -7.81449
 192.53549    0.47690   0.42304   0.25006  -0.00233  -0.31078  -0.66197  -1.04785  -1.46268  -1.90234  -2.36400  -2.84517  -3.34345  -3.85808  -4.38719  -4.92994  -5.48487  -6.05178  -6.62962  -7.21789  -7.81529
 192.63447    0.47750   0.42359   0.25052  -0.00197  -0.31051  -0.66178  -1.04775  -1.46266  -1.90240  -2.36413  -2.84538  -3.34373  -3.85843  -4.38760  -4.93042  -5.48541  -6.05238  -6.63029  -7.21862  -7.81608
 192.73344    0.47812   0.42416   0.25100  -0.00158  -0.31022  -0.66158  -1.04763  -1.46262  -1.90244  -2.36425  -2.84557  -3.34399  -3.85876  -4.38800  -4.93088  -5.48594  -6.05297  -6.63093  -7.21932  -7.81684
 192.83241    0.47877   0.42474   0.25149  -0.00118  -0.30991  -0.66136  -1.04749  -1.46257  -1.90246  -2.36435  -2.84574  -3.34423  -3.85907  -4.38838  -4.93132  -5.48644  -6.05354  -6.63156  -7.22001  -7.81758
 192.93139    0.47943   0.42535   0.25201  -0.00076  -0.30958  -0.66112  -1.04734  -1.46249  -1.90247  -2.36443  -2.84589  -3.34445  -3.85936  -4.38874  -4.93175  -5.48693  -6.05409  -6.63217  -7.22067  -7.81831
 193.03036    0.48011   0.42597   0.25254  -0.00032  -0.30923  -0.66086  -1.04716  -1.46240  -1.90245  -2.36449  -2.84602  -3.34466  -3.85963  -4.38908  -4.93215  -5.48740  -6.05462  -6.63276  -7.22132  -7.81902
 193.12933    0.48081   0.42662   0.25310   0.00014  -0.30886  -0.66058  -1.04697  -1.46229  -1.90242  -2.36453  -2.84614  -3.34484  -3.85989  -4.38940  -4.93254  -5.48785  -6.05513  -6.63333  -7.22195  -7.81970
 193.22831    0.48153   0.42728   0.25367   0.00062  -0.30848  -0.66028  -1.04675  -1.46216  -1.90237  -2.36455  -2.84623  -3.34501  -3.86012  -4.38970  -4.93290  -5.48828  -6.05562  -6.63388  -7.22255  -7.82037
 193.32728    0.48227   0.42796   0.25426   0.00111  -0.30807  -0.65997  -1.04652  -1.46201  -1.90230  -2.36455  -2.84631  -3.34516  -3.86034  -4.38998  -4.93325  -5.48869  -6.05610  -6.63441  -7.22314  -7.82102
 193.42626    0.48303   0.42867   0.25487   0.00163  -0.30765  -0.65963  -1.04627  -1.46184  -1.90221  -2.36454  -2.84636  -3.34529  -3.86054  -4.39025  -4.93358  -5.48908  -6.05655  -6.63492  -7.22371  -7.82165
 193.52523    0.48380   0.42939   0.25550   0.00216  -0.30721  -0.65928  -1.04601  -1.46165  -1.90210  -2.36451  -2.84640  -3.34540  -3.86072  -4.39049  -4.93389  -5.48945  -6.05699  -6.63542  -7.22426  -7.82227
 193.62420    0.48460   0.43012   0.25614   0.00271  -0.30675  -0.65891  -1.04572  -1.46145  -1.90198  -2.36445  -2.84642  -3.34549  -3.86088  -4.39072  -4.93418  -5.48981  -6.05740  -6.63589  -7.22479  -7.82286
 193.72318    0.48541   0.43088   0.25681   0.00328  -0.30627  -0.65852  -1.04542  -1.46122  -1.90183  -2.36438  -2.84642  -3.34557  -3.86102  -4.39093  -4.93445  -5.49014  -6.05780  -6.63635  -7.22530  -7.82344
 193.82215    0.48624   0.43166   0.25749   0.00387  -0.30577  -0.65811  -1.04509  -1.46098  -1.90167  -2.36430  -2.84641  -3.34562  -3.86115  -4.39112  -4.93470  -5.49046  -6.05818  -6.63678  -7.22580  -7.82399
 193.92113    0.48710   0.43245   0.25819   0.00448  -0.30526  -0.65769  -1.04475  -1.46072  -1.90149  -2.36419  -2.84637  -3.34566  -3.86125  -4.39129  -4.93493  -5.49076  -6.05854  -6.63720  -7.22627  -7.82453
 194.02010    0.48797   0.43326   0.25891   0.00510  -0.30472  -0.65725  -1.04439  -1.46044  -1.90129  -2.36407  -2.84632  -3.34568  -3.86134  -4.39145  -4.93515  -5.49104  -6.05888  -6.63760  -7.22672  -7.82505
 194.11907    0.48885   0.43409   0.25965   0.00574  -0.30417  -0.65678  -1.04402  -1.46015  -1.90108  -2.36392  -2.84624  -3.34568  -3.86141  -4.39158  -4.93535  -5.49130  -6.05921  -6.63798  -7.22716  -7.82556
 194.21805    0.48976   0.43494   0.26041   0.00641  -0.30360  -0.65630  -1.04362  -1.45983  -1.90084  -2.36376  -2.84615  -3.34567  -3.86146  -4.39170  -4.93552  -5.49155  -6.05951  -6.63835  -7.22758  -7.82604
 194.31702    0.49069   0.43581   0.26118   0.00709  -0.30301  -0.65581  -1.04321  -1.45950  -1.90059  -2.36358  -2.84604  -3.34564  -3.86149  -4.39180  -4.93568  -5.49177  -6.05980  -6.63869  -7.22798  -7.82651
 194.41599    0.49163   0.43670   0.26198   0.00778  -0.30241  -0.65529  -1.04278  -1.45915  -1.90032  -2.36339  -2.84592  -3.34559  -3.86151  -4.39188  -4.93583  -5.49198  -6.06007  -6.63902  -7.22836  -7.82696
 194.51497    0.49259   0.43760   0.26279   0.00850  -0.30178  -0.65476  -1.04233  -1.45878  -1.90004  -2.36317  -2.84577  -3.34552  -3.86150  -4.39194  -4.93595  -5.49217  -6.06032  -6.63933  -7.22872  -7.82739
 194.61394    0.49357   0.43852   0.26362   0.00923  -0.30114  -0.65421  -1.04186  -1.45839  -1.89973  -2.36294  -2.84561  -3.34543  -3.86148  -4.39199  -4.93605  -5.49235  -6.06055  -6.63962  -7.22906  -7.82781
 194.71292    0.49457   0.43947   0.26446   0.00998  -0.30048  -0.65364  -1.04137  -1.45799  -1.89941  -2.36269  -2.84543  -3.34533  -3.86144  -4.39202  -4.93614  -5.49250  -6.06076  -6.63989  -7.22939  -7.82821
 194.81189    0.49559   0.44042   0.26533   0.01075  -0.29980  -0.65305  -1.04087  -1.45757  -1.89907  -2.36242  -2.84523  -3.34521  -3.86139  -4.39202  -4.93621  -5.49264  -6.06096  -6.64014  -7.22969  -7.82859
 194.91086    0.49663   0.44140   0.26621   0.01154  -0.29911  -0.65244  -1.04035  -1.45713  -1.89871  -2.36214  -2.84501  -3.34507  -3.86131  -4.39202  -4.93626  -5.49276  -6.06114  -6.64038  -7.22998  -7.82895
 195.00984    0.49768   0.44239   0.26711   0.01234  -0.29839  -0.65182  -1.03981  -1.45667  -1.89834  -2.36183  -2.84478  -3.34491  -3.86122  -4.39199  -4.93629  -5.49286  -6.06130  -6.64060  -7.23025  -7.82929
 195.10881    0.49875   0.44341   0.26803   0.01317  -0.29766  -0.65118  -1.03926  -1.45620  -1.89795  -2.36151  -2.84452  -3.34474  -3.86111  -4.39195  -4.93631  -5.49294  -6.06144  -6.64080  -7.23051  -7.82962
 195.20779    0.49984   0.44444   0.26897   0.01401  -0.29691  -0.65052  -1.03868  -1.45570  -1.89754  -2.36118  -2.84426  -3.34455  -3.86099  -4.39189  -4.93631  -5.49301  -6.06157  -6.64098  -7.23074  -7.82993
 195.30676    0.50095   0.44549   0.26992   0.01486  -0.29615  -0.64985  -1.03809  -1.45519  -1.89711  -2.36082  -2.84397  -3.34434  -3.86084  -4.39181  -4.93629  -5.49306  -6.06167  -6.64114  -7.23096  -7.83023
 195.40573    0.50207   0.44655   0.27089   0.01574  -0.29536  -0.64916  -1.03749  -1.45467  -1.89667  -2.36045  -2.84366  -3.34412  -3.86068  -4.39171  -4.93625  -5.49309  -6.06176  -6.64129  -7.23116  -7.83050
 195.50471    0.50321   0.44763   0.27188   0.01663  -0.29456  -0.64845  -1.03686  -1.45412  -1.89621  -2.36006  -2.84334  -3.34388  -3.86050  -4.39160  -4.93619  -5.49311  -6.06184  -6.64142  -7.23134  -7.83076
 195.60368    0.50438   0.44874   0.27289   0.01754  -0.29374  -0.64772  -1.03622  -1.45356  -1.89573  -2.35965  -2.84300  -3.34362  -3.86031  -4.39147  -4.93612  -5.49311  -6.06189  -6.64153  -7.23150  -7.83101
 195.70265    0.50555   0.44985   0.27391   0.01847  -0.29291  -0.64698  -1.03556  -1.45298  -1.89524  -2.35923  -2.84264  -3.34334  -3.86009  -4.39132  -4.93603  -5.49309  -6.06193  -6.64163  -7.23165  -7.83123
 195.80163    0.50675   0.45099   0.27496   0.01941  -0.29205  -0.64622  -1.03488  -1.45239  -1.89473  -2.35879  -2.84227  -3.34305  -3.85986  -4.39116  -4.93592  -5.49305  -6.06195  -6.64170  -7.23177  -7.83144
 195.90060    0.50796   0.45214   0.27602   0.02038  -0.29118  -0.64544  -1.03419  -1.45177  -1.89420  -2.35833  -2.84188  -3.34274  -3.85962  -4.39098  -4.93579  -5.49300  -6.06195  -6.64176  -7.23189  -7.83164
 195.99958    0.50920   0.45332   0.27709   0.02135  -0.29029  -0.64464  -1.03348  -1.45114  -1.89366  -2.35785  -2.84147  -3.34242  -3.85935  -4.39078  -4.93565  -5.49293  -6.06194  -6.64181  -7.23198  -7.83182
 196.09855    0.51044   0.45450   0.27819   0.02235  -0.28939  -0.64383  -1.03275  -1.45050  -1.89309  -2.35736  -2.84104  -3.34208  -3.85907  -4.39056  -4.93549  -5.49284  -6.06191  -6.64183  -7.23206  -7.83198
 196.19752    0.51171   0.45571   0.27930   0.02336  -0.28846  -0.64300  -1.03200  -1.44983  -1.89252  -2.35685  -2.84060  -3.34172  -3.85877  -4.39033  -4.93531  -5.49274  -6.06186  -6.64184  -7.23211  -7.83212
 196.29650    0.51300   0.45693   0.28042   0.02439  -0.28752  -0.64215  -1.03124  -1.44915  -1.89192  -2.35633  -2.84014  -3.34134  -3.85846  -4.39008  -4.93512  -5.49261  -6.06180  -6.64184  -7.23216  -7.83225
 196.39547    0.51430   0.45817   0.28157   0.02544  -0.28657  -0.64129  -1.03046  -1.44845  -1.89131  -2.35579  -2.83967  -3.34095  -3.85813  -4.38982  -4.93491  -5.49248  -6.06172  -6.64181  -7.23218  -7.83236
 196.49444    0.51562   0.45943   0.28273   0.02651  -0.28559  -0.64041  -1.02967  -1.44774  -1.89068  -2.35523  -2.83917  -3.34055  -3.85778  -4.38953  -4.93468  -5.49232  -6.06162  -6.64177  -7.23219  -7.83246
 196.59342    0.51695   0.46071   0.28391   0.02759  -0.28460  -0.63951  -1.02886  -1.44701  -1.89004  -2.35465  -2.83866  -3.34012  -3.85742  -4.38923  -4.93443  -5.49215  -6.06150  -6.64171  -7.23218  -7.83254
 196.69239    0.51830   0.46200   0.28511   0.02869  -0.28359  -0.63860  -1.02803  -1.44626  -1.88938  -2.35406  -2.83814  -3.33968  -3.85704  -4.38892  -4.93417  -5.49197  -6.06137  -6.64164  -7.23215  -7.83260
 196.79137    0.51967   0.46331   0.28632   0.02980  -0.28257  -0.63767  -1.02718  -1.44550  -1.88870  -2.35345  -2.83759  -3.33923  -3.85664  -4.38859  -4.93389  -5.49176  -6.06122  -6.64154  -7.23211  -7.83265
 196.89034    0.52106   0.46463   0.28755   0.03093  -0.28153  -0.63672  -1.02632  -1.44471  -1.88801  -2.35283  -2.83703  -3.33875  -3.85622  -4.38824  -4.93360  -5.49154  -6.06106  -6.64144  -7.23205  -7.83269
 196.98931    0.52247   0.46597   0.28880   0.03208  -0.28047  -0.63576  -1.02544  -1.44392  -1.88730  -2.35219  -2.83646  -3.33827  -3.85579  -4.38787  -4.93328  -5.49131  -6.06088  -6.64131  -7.23197  -7.83270
 197.08829    0.52389   0.46733   0.29006   0.03324  -0.27940  -0.63478  -1.02454  -1.44310  -1.88657  -2.35153  -2.83586  -3.33776  -3.85535  -4.38749  -4.93296  -5.49106  -6.06068  -6.64117  -7.23188  -7.83271
 197.18726    0.52533   0.46871   0.29134   0.03443  -0.27830  -0.63379  -1.02363  -1.44227  -1.88583  -2.35085  -2.83525  -3.33724  -3.85488  -4.38710  -4.93261  -5.49079  -6.06047  -6.64101  -7.23177  -7.83269
 197.28624    0.52678   0.47010   0.29264   0.03562  -0.27720  -0.63277  -1.02270  -1.44143  -1.88508  -2.35016  -2.83463  -3.33671  -3.85441  -4.38668  -4.93225  -5.49050  -6.06024  -6.64084  -7.23164  -7.83266
 197.38521    0.52826   0.47151   0.29395   0.03684  -0.27607  -0.63174  -1.02176  -1.44056  -1.88430  -2.34946  -2.83398  -3.33615  -3.85391  -4.38625  -4.93187  -5.49021  -6.05999  -6.64065  -7.23150  -7.83262
 197.48418    0.52974   0.47294   0.29528   0.03807  -0.27493  -0.63070  -1.02080  -1.43968  -1.88351  -2.34874  -2.83332  -3.33559  -3.85340  -4.38581  -4.93147  -5.48989  -6.05973  -6.64044  -7.23134  -7.83256
 197.58316    0.53125   0.47438   0.29662   0.03932  -0.27377  -0.62964  -1.01982  -1.43879  -1.88271  -2.34800  -2.83265  -3.33500  -3.85287  -4.38534  -4.93106  -5.48956  -6.05945  -6.64022  -7.23117  -7.83249
 197.68213    0.53277   0.47584   0.29799   0.04058  -0.27260  -0.62856  -1.01883  -1.43788  -1.88189  -2.34724  -2.83196  -3.33441  -3.85233  -4.38487  -4.93063  -5.48921  -6.05915  -6.63998  -7.23097  -7.83240
 197.78110    0.53431   0.47732   0.29937   0.04186  -0.27141  -0.62747  -1.01782  -1.43695  -1.88105  -2.34647  -2.83125  -3.33379  -3.85177  -4.38437  -4.93019  -5.48885  -6.05884  -6.63973  -7.23077  -7.83229
 197.88008    0.53587   0.47881   0.30076   0.04316  -0.27020  -0.62636  -1.01680  -1.43601  -1.88020  -2.34569  -2.83053  -3.33316  -3.85120  -4.38386  -4.92973  -5.48847  -6.05852  -6.63946  -7.23054  -7.83217
 197.97905    0.53744   0.48032   0.30217   0.04447  -0.26898  -0.62523  -1.01575  -1.43505  -1.87933  -2.34488  -2.82979  -3.33252  -3.85060  -4.38334  -4.92925  -5.48807  -6.05817  -6.63917  -7.23030  -7.83204
 198.07803    0.53903   0.48185   0.30360   0.04580  -0.26774  -0.62409  -1.01470  -1.43407  -1.87845  -2.34407  -2.82903  -3.33186  -3.85000  -4.38280  -4.92876  -5.48766  -6.05781  -6.63887  -7.23004  -7.83189
 198.17700    0.54064   0.48339   0.30505   0.04714  -0.26649  -0.62293  -1.01362  -1.43308  -1.87755  -2.34323  -2.82826  -3.33118  -3.84938  -4.38224  -4.92825  -5.48724  -6.05744  -6.63855  -7.22977  -7.83172
 198.27597    0.54226   0.48495   0.30651   0.04850  -0.26521  -0.62176  -1.01254  -1.43207  -1.87663  -2.34238  -2.82747  -3.33049  -3.84874  -4.38167  -4.92773  -5.48680  -6.05705  -6.63822  -7.22948  -7.83155
 198.37495    0.54390   0.48652   0.30798   0.04988  -0.26393  -0.62057  -1.01143  -1.43105  -1.87570  -2.34152  -2.82667  -3.32979  -3.84809  -4.38108  -4.92719  -5.48634  -6.05665  -6.63787  -7.22918  -7.83135
 198.47392    0.54556   0.48811   0.30948   0.05127  -0.26262  -0.61936  -1.01031  -1.43001  -1.87476  -2.34064  -2.82585  -3.32906  -3.84742  -4.38048  -4.92663  -5.48587  -6.05623  -6.63751  -7.22886  -7.83114
 198.57290    0.54723   0.48972   0.31099   0.05268  -0.26130  -0.61814  -1.00917  -1.42896  -1.87380  -2.33974  -2.82502  -3.32833  -3.84673  -4.37986  -4.92606  -5.48538  -6.05579  -6.63713  -7.22852  -7.83092

# Minimas
 189.62307    0.46802 
 189.86584    0.41567 
 190.28907    0.24491 
 190.74265   -0.00557 
 191.19998   -0.31257 
 191.63929   -0.66276 
 192.07151   -1.04806 
 192.49025   -1.46268 
 192.90218   -1.90247 
 193.29847   -2.36456 
 193.67884   -2.84642 
 194.08401   -3.34569 
 194.44964   -3.86151 
 194.81647   -4.39202 
 195.14322   -4.93631 
 195.54124   -5.49311 
 195.87118   -6.06196 
 196.20100   -6.64184 
 196.48905   -7.23219 
 197.05179   -7.83271 

