        0.000000000000000       189.623065929632133
       10.000000000000000       189.627728487894416
       20.000000000000000       189.631674217602665
       30.000000000000000       189.650011319038583
       40.000000000000000       189.672581906442332
       50.000000000000000       189.698007865478388
       60.000000000000000       189.727342338404753
       70.000000000000000       189.758741083722981
       80.000000000000000       189.793511957285887
       90.000000000000000       189.829033113807327
      100.000000000000000       189.865842942618741
      110.000000000000000       189.904338120104143
      120.000000000000000       189.942835729530287
      130.000000000000000       189.987253487369031
      140.000000000000000       190.028004707934173
      150.000000000000000       190.067927750481203
      160.000000000000000       190.112885103270287
      170.000000000000000       190.156518153144958
      180.000000000000000       190.200840747196906
      190.000000000000000       190.242390100614358
      200.000000000000000       190.289067334381855
      210.000000000000000       190.332387040468859
      220.000000000000000       190.376850159774563
      230.000000000000000       190.421309827872818
      240.000000000000000       190.467887268874534
      250.000000000000000       190.513533291983890
      260.000000000000000       190.562521971961957
      270.000000000000000       190.604606350422813
      280.000000000000000       190.652689918742539
      290.000000000000000       190.698991647993950
      300.000000000000000       190.742649123860105
      310.000000000000000       190.790697687208649
      320.000000000000000       190.832001623325539
      330.000000000000000       190.876139712550270
      340.000000000000000       190.924712653958750
      350.000000000000000       190.969184840235698
      360.000000000000000       191.018002638934348
      370.000000000000000       191.063596609953123
      380.000000000000000       191.105035901306223
      390.000000000000000       191.149996097025280
      400.000000000000000       191.199975763785915
      410.000000000000000       191.242135498735308
      420.000000000000000       191.283849238752993
      430.000000000000000       191.331711773863304
      440.000000000000000       191.376902447616573
      450.000000000000000       191.418797218731726
      460.000000000000000       191.463480912077699
      470.000000000000000       191.504922479411391
      480.000000000000000       191.550627518714606
      490.000000000000000       191.594221925325940
      500.000000000000000       191.639286269635164
      510.000000000000000       191.678794260760867
      520.000000000000000       191.728492186322256
      530.000000000000000       191.771831958454101
      540.000000000000000       191.810899241995202
      550.000000000000000       191.859569173433755
      560.000000000000000       191.895917580907479
      570.000000000000000       191.944314543286083
      580.000000000000000       191.985668494184949
      590.000000000000000       192.031218534682040
      600.000000000000000       192.071509269787896
      610.000000000000000       192.114207865508888
      620.000000000000000       192.156157046218652
      630.000000000000000       192.195326445864964
      640.000000000000000       192.239104910589958
      650.000000000000000       192.279621012544965
      660.000000000000000       192.327851780947526
      670.000000000000000       192.368811199112770
      680.000000000000000       192.411597127655909
      690.000000000000000       192.452978748577777
      700.000000000000000       192.490254303811810
      710.000000000000000       192.525586570435706
      720.000000000000000       192.570386426711138
      730.000000000000000       192.616272100393900
      740.000000000000000       192.662492973357132
      750.000000000000000       192.698776868701714
      760.000000000000000       192.740513916445991
      770.000000000000000       192.778106046859989
      780.000000000000000       192.818973851497333
      790.000000000000000       192.860788664399365
      800.000000000000000       192.902177896277834
      810.000000000000000       192.941088098191102
      820.000000000000000       192.980453312894980
      830.000000000000000       193.016540048513633
      840.000000000000000       193.062658212214671
      850.000000000000000       193.109769283284976
      860.000000000000000       193.149233266855333
      870.000000000000000       193.181347744528637
      880.000000000000000       193.227721732672563
      890.000000000000000       193.264091343225743
      900.000000000000000       193.298467549410589
      910.000000000000000       193.334670229135213
      920.000000000000000       193.389993682379242
      930.000000000000000       193.411188624851206
      940.000000000000000       193.457249054873358
      950.000000000000000       193.494952373323201
      960.000000000000000       193.540511694021802
      970.000000000000000       193.571586591203243
      980.000000000000000       193.618078824828160
      990.000000000000000       193.657981033157654
     1000.000000000000000       193.678837811246098
     1010.000000000000000       193.723308015558871
     1020.000000000000000       193.769249665781331
     1030.000000000000000       193.802619101873944
     1040.000000000000000       193.862054038970712
     1050.000000000000000       193.879776289191426
     1060.000000000000000       193.923483341065293
     1070.000000000000000       193.940950095175822
     1080.000000000000000       193.982542610703121
     1090.000000000000000       194.037160042041052
     1100.000000000000000       194.084014282454518
     1110.000000000000000       194.107435315812637
     1120.000000000000000       194.155167238600512
     1130.000000000000000       194.162896833008091
     1140.000000000000000       194.236632570938525
     1150.000000000000000       194.249909610037236
     1160.000000000000000       194.287930030295001
     1170.000000000000000       194.354608274988010
     1180.000000000000000       194.371489716081498
     1190.000000000000000       194.431985410445918
     1200.000000000000000       194.449641163839004
     1210.000000000000000       194.486324693725237
     1220.000000000000000       194.519908596694592
     1230.000000000000000       194.537225148789389
     1240.000000000000000       194.613755481848870
     1250.000000000000000       194.634296227923556
     1260.000000000000000       194.695655497151165
     1270.000000000000000       194.703087876211725
     1280.000000000000000       194.763759714479619
     1290.000000000000000       194.772458964022036
     1300.000000000000000       194.816474627179900
     1310.000000000000000       194.834771909386575
     1320.000000000000000       194.894056633036996
     1330.000000000000000       194.937760992621946
     1340.000000000000000       194.961162935253611
     1350.000000000000000       195.027603898643747
     1360.000000000000000       195.042828758574274
     1370.000000000000000       195.144290404451567
     1380.000000000000000       195.127676324340456
     1390.000000000000000       195.164134473381097
     1400.000000000000000       195.143220631124393
     1410.000000000000000       195.267788344896729
     1420.000000000000000       195.213297049207597
     1430.000000000000000       195.222241727645923
     1440.000000000000000       195.285796341188188
     1450.000000000000000       195.330510999116029
     1460.000000000000000       195.389763402575909
     1470.000000000000000       195.365748866119901
     1480.000000000000000       195.418335226713907
     1490.000000000000000       195.474801156795280
     1500.000000000000000       195.541240280183501
     1510.000000000000000       195.521899810589446
     1520.000000000000000       195.629282176892616
     1530.000000000000000       195.646206934309049
     1540.000000000000000       195.621592455503873
     1550.000000000000000       195.705504509015981
     1560.000000000000000       195.712397546790811
     1570.000000000000000       195.805280871994427
     1580.000000000000000       195.921305033323648
     1590.000000000000000       195.837600665650399
     1600.000000000000000       195.871179588739579
     1610.000000000000000       195.921676871815293
     1620.000000000000000       195.966345201427089
     1630.000000000000000       196.067691425093642
     1640.000000000000000       196.010691426590910
     1650.000000000000000       196.027431121788453
     1660.000000000000000       196.124388385035729
     1670.000000000000000       196.159020408452619
     1680.000000000000000       196.239901575818322
     1690.000000000000000       196.209210384760922
     1700.000000000000000       196.200995974225009
     1710.000000000000000       196.345693344627449
     1720.000000000000000       196.196178977512773
     1730.000000000000000       196.245436253399021
     1740.000000000000000       196.252266004539166
     1750.000000000000000       196.292466838952663
     1760.000000000000000       196.466721129715523
     1770.000000000000000       196.326853789068679
     1780.000000000000000       196.622169234110714
     1790.000000000000000       196.516976721572036
     1800.000000000000000       196.489053365924832
     1810.000000000000000       196.664853960071952
     1820.000000000000000       196.634109214047754
     1830.000000000000000       196.584164618808018
     1840.000000000000000       196.570724203391649
     1850.000000000000000       196.578869006423531
     1860.000000000000000       196.641197044652046
     1870.000000000000000       196.930380549608714
     1880.000000000000000       196.912522699139146
     1890.000000000000000       196.827192460668442
     1900.000000000000000       197.051792004918696
     1910.000000000000000       196.934613986254561
     1920.000000000000000       196.860118752805903
     1930.000000000000000       196.940794733510501
     1940.000000000000000       196.943520433535127
     1950.000000000000000       197.012427442008658
     1960.000000000000000       197.164775695403762
     1970.000000000000000       197.184142211003547
     1980.000000000000000       197.125429996600474
     1990.000000000000000       197.267502241468691
