# Temperature: 0.000000
# Parameters: -592308.256392 0.408668 4.254220 189.635611
 166.774794203800013   -592307.553325050161220
 172.040983694900007   -592307.861469136900268
 177.416881540100007   -592308.075707713724114
 182.903618753100005   -592308.204450280056335
 188.502326347900009   -592308.254997356445529
 194.214135338599988   -592308.234751393320039
 200.040176739000003   -592308.150137069867924
 205.981581563199995   -592308.007660347153433
 212.039480824999998   -592307.812618486117572


# Temperature: 10.000000
# Parameters: -592308.256463 0.408633 4.251968 189.637937
 166.774794203800013   -592307.553362197708338
 172.040983694900007   -592307.861507180961780
 177.416881540100007   -592308.075745563954115
 182.903618753100005   -592308.204501091851853
 188.502326347900009   -592308.255055969464593
 194.214135338599988   -592308.234824209474027
 200.040176739000003   -592308.150235393550247
 205.981581563199995   -592308.007848162204027
 212.039480824999998   -592307.812761211302131


# Temperature: 20.000000
# Parameters: -592308.257070 0.408546 4.243105 189.648136
 166.774794203800013   -592307.553708854364231
 172.040983694900007   -592307.861877160263248
 177.416881540100007   -592308.076140684890561
 182.903618753100005   -592308.204966757213697
 188.502326347900009   -592308.255585862207226
 194.214135338599988   -592308.235460676834919
 200.040176739000003   -592308.151053964160383
 205.981581563199995   -592308.008934361860156
 212.039480824999998   -592307.813600573688745


# Temperature: 30.000000
# Parameters: -592308.258755 0.408531 4.215564 189.669657
 166.774794203800013   -592307.554778558202088
 172.040983694900007   -592307.863025744562037
 177.416881540100007   -592308.077374495565891
 182.903618753100005   -592308.206352132721804
 188.502326347900009   -592308.257121095666662
 194.214135338599988   -592308.237212588777766
 200.040176739000003   -592308.153116130153649
 205.981581563199995   -592308.011310634552501
 212.039480824999998   -592307.815545829827897


# Temperature: 40.000000
# Parameters: -592308.261797 0.408605 4.180136 189.697305
 166.774794203800013   -592307.556891205604188
 172.040983694900007   -592307.865281928563491
 177.416881540100007   -592308.079778752871789
 182.903618753100005   -592308.208979605115019
 188.502326347900009   -592308.259967259131372
 194.214135338599988   -592308.240352145861834
 200.040176739000003   -592308.156641024514101
 205.981581563199995   -592308.015156548353843
 212.039480824999998   -592307.818826521281153


# Temperature: 50.000000
# Parameters: -592308.266303 0.408773 4.141332 189.728466
 166.774794203800013   -592307.560217482154258
 172.040983694900007   -592307.868810842162929
 177.416881540100007   -592308.083509223302826
 182.903618753100005   -592308.212989087798633
 188.502326347900009   -592308.264245521393605
 194.214135338599988   -592308.244976316462271
 200.040176739000003   -592308.161698658484966
 205.981581563199995   -592308.020530833513476
 212.039480824999998   -592307.823530503897928


# Temperature: 60.000000
# Parameters: -592308.272287 0.408996 4.095773 189.763506
 166.774794203800013   -592307.564823229215108
 172.040983694900007   -592307.873669895925559
 177.416881540100007   -592308.088613612693734
 182.903618753100005   -592308.218415793264285
 188.502326347900009   -592308.269978279480711
 194.214135338599988   -592308.251092999940738
 200.040176739000003   -592308.168282762053423
 205.981581563199995   -592308.027423659455962
 212.039480824999998   -592307.829666557256132


# Temperature: 70.000000
# Parameters: -592308.279723 0.409302 4.044445 189.801750
 166.774794203800013   -592307.570714093046263
 172.040983694900007   -592307.879857276100665
 177.416881540100007   -592308.095082577550784
 182.903618753100005   -592308.225241775857285
 188.502326347900009   -592308.277139517012984
 194.214135338599988   -592308.258667567395605
 200.040176739000003   -592308.176350791822188
 205.981581563199995   -592308.035791640286334
 212.039480824999998   -592307.837204138748348


# Temperature: 80.000000
# Parameters: -592308.288561 0.409668 3.986597 189.843053
 166.774794203800013   -592307.577864113380201
 172.040983694900007   -592307.887341216439381
 177.416881540100007   -592308.102878932957537
 182.903618753100005   -592308.233424052945338
 188.502326347900009   -592308.285681086825207
 194.214135338599988   -592308.267646443913691
 200.040176739000003   -592308.185844225925393
 205.981581563199995   -592308.045576124684885
 212.039480824999998   -592307.846093627624214


# Temperature: 90.000000
# Parameters: -592308.298698 0.410007 3.959524 189.875210
 166.774794203800013   -592307.586232179193757
 172.040983694900007   -592307.896076199947856
 177.416881540100007   -592308.111953233135864
 182.903618753100005   -592308.242909111781046
 188.502326347900009   -592308.295545915956609
 194.214135338599988   -592308.277968758950010
 200.040176739000003   -592308.196698636049405
 205.981581563199995   -592308.056712543359026
 212.039480824999998   -592307.856276882230304


# Temperature: 100.000000
# Parameters: -592308.310174 0.410533 3.897055 189.919019
 166.774794203800013   -592307.595771004678681
 172.040983694900007   -592307.906011520652100
 177.416881540100007   -592308.122251785011031
 182.903618753100005   -592308.253640194423497
 188.502326347900009   -592308.306674539693631
 194.214135338599988   -592308.289572092820890
 200.040176739000003   -592308.208848730428144
 205.981581563199995   -592308.069135295576416
 212.039480824999998   -592307.867692989879288


# Temperature: 110.000000
# Parameters: -592308.322815 0.410998 3.841732 189.961694
 166.774794203800013   -592307.606431833119132
 172.040983694900007   -592307.917095646378584
 177.416881540100007   -592308.133720636367798
 182.903618753100005   -592308.265560866449960
 188.502326347900009   -592308.319008282618597
 194.214135338599988   -592308.302395289065316
 200.040176739000003   -592308.222230893210508
 205.981581563199995   -592308.082780325086787
 212.039480824999998   -592307.880281434510835


# Temperature: 120.000000
# Parameters: -592308.336699 0.411672 3.768820 190.009649
 166.774794203800013   -592307.618166785920039
 172.040983694900007   -592307.929278349853121
 177.416881540100007   -592308.146307492163032
 182.903618753100005   -592308.278616706258617
 188.502326347900009   -592308.332490770379081
 194.214135338599988   -592308.316379812429659
 200.040176739000003   -592308.236784428125247
 205.981581563199995   -592308.097586439107545
 212.039480824999998   -592307.893983821966685


# Temperature: 130.000000
# Parameters: -592308.351574 0.412139 3.748385 190.041580
 166.774794203800013   -592307.630929976236075
 172.040983694900007   -592307.942511678673327
 177.416881540100007   -592308.159962568781339
 182.903618753100005   -592308.292756052105688
 188.502326347900009   -592308.347068596980534
 194.214135338599988   -592308.331470342702232
 200.040176739000003   -592308.252452114131302
 205.981581563199995   -592308.113495933706872
 212.039480824999998   -592307.908744751941413


# Temperature: 140.000000
# Parameters: -592308.367629 0.412967 3.637319 190.103066
 166.774794203800013   -592307.644677954958752
 172.040983694900007   -592307.956750332727097
 177.416881540100007   -592308.174638915108517
 182.903618753100005   -592308.307930264389142
 188.502326347900009   -592308.362691554939374
 194.214135338599988   -592308.347614980651997
 200.040176739000003   -592308.269180385512300
 205.981581563199995   -592308.130454813130200
 212.039480824999998   -592307.924512204364873


# Temperature: 150.000000
# Parameters: -592308.384614 0.413610 3.597893 190.140808
 166.774794203800013   -592307.659369840403087
 172.040983694900007   -592307.971951751271263
 177.416881540100007   -592308.190292461076751
 182.903618753100005   -592308.324093753937632
 188.502326347900009   -592308.379312644363381
 194.214135338599988   -592308.364765233010985
 200.040176739000003   -592308.286919302074239
 205.981581563199995   -592308.148412783630192
 212.039480824999998   -592307.941237633815035


# Temperature: 160.000000
# Parameters: -592308.402634 0.414477 3.529384 190.186801
 166.774794203800013   -592307.674967276281677
 172.040983694900007   -592307.988076042151079
 177.416881540100007   -592308.206881944672205
 182.903618753100005   -592308.341203889343888
 188.502326347900009   -592308.396887974580750
 194.214135338599988   -592308.382875898154452
 200.040176739000003   -592308.305622411426157
 205.981581563199995   -592308.167323120171204
 212.039480824999998   -592307.958875897922553


# Temperature: 170.000000
# Parameters: -592308.421490 0.415245 3.461557 190.234368
 166.774794203800013   -592307.691434318549000
 172.040983694900007   -592308.005085859796964
 177.416881540100007   -592308.224368772353046
 182.903618753100005   -592308.359220844926313
 188.502326347900009   -592308.415376598481089
 194.214135338599988   -592308.401904882630333
 200.040176739000003   -592308.325246551306918
 205.981581563199995   -592308.187142467824742
 212.039480824999998   -592307.977385096019134


# Temperature: 180.000000
# Parameters: -592308.441258 0.416028 3.416461 190.272955
 166.774794203800013   -592307.708737285225652
 172.040983694900007   -592308.022946242475882
 177.416881540100007   -592308.242716849548742
 182.903618753100005   -592308.378107426571660
 188.502326347900009   -592308.434740331140347
 194.214135338599988   -592308.421813008491881
 200.040176739000003   -592308.345751623506658
 205.981581563199995   -592308.207830613362603
 212.039480824999998   -592307.996726371231489


# Temperature: 190.000000
# Parameters: -592308.462025 0.417298 3.255980 190.349502
 166.774794203800013   -592307.726844603777863
 172.040983694900007   -592308.041624452569522
 177.416881540100007   -592308.261892413836904
 182.903618753100005   -592308.397828888962977
 188.502326347900009   -592308.454943552380428
 194.214135338599988   -592308.442563794669695
 200.040176739000003   -592308.367100373608992
 205.981581563199995   -592308.229350244277157
 212.039480824999998   -592308.016863679047674


# Temperature: 200.000000
# Parameters: -592308.483244 0.417634 3.340890 190.346345
 166.774794203800013   -592307.745726657216437
 172.040983694900007   -592308.061089815106243
 177.416881540100007   -592308.281863865326159
 182.903618753100005   -592308.418352755717933
 188.502326347900009   -592308.475953021203168
 194.214135338599988   -592308.464123253361322
 200.040176739000003   -592308.389258153038099
 205.981581563199995   -592308.251666713040322
 212.039480824999998   -592308.037763571599498


# Temperature: 210.000000
# Parameters: -592308.505706 0.419241 3.122546 190.441674
 166.774794203800013   -592307.765355641371571
 172.040983694900007   -592308.081313557690009
 177.416881540100007   -592308.302601602743380
 182.903618753100005   -592308.439648650237359
 188.502326347900009   -592308.497737686033361
 194.214135338599988   -592308.486459694104269
 200.040176739000003   -592308.412192717427388
 205.981581563199995   -592308.274747818708420
 212.039480824999998   -592308.059394974960014


# Temperature: 220.000000
# Parameters: -592308.528612 0.419932 3.107820 190.470346
 166.774794203800013   -592307.785705423681065
 172.040983694900007   -592308.102268677321263
 177.416881540100007   -592308.324077873839997
 182.903618753100005   -592308.461688129813410
 188.502326347900009   -592308.520268517779186
 194.214135338599988   -592308.509543537045829
 200.040176739000003   -592308.435874013463035
 205.981581563199995   -592308.298563593183644
 212.039480824999998   -592308.081728992401622


# Temperature: 230.000000
# Parameters: -592308.552482 0.421494 2.982172 190.531255
 166.774794203800013   -592307.806751421303488
 172.040983694900007   -592308.123929797089659
 177.416881540100007   -592308.346266632084735
 182.903618753100005   -592308.484444537665695
 188.502326347900009   -592308.543518347549252
 194.214135338599988   -592308.533347136573866
 200.040176739000003   -592308.460274004959501
 205.981581563199995   -592308.323086109943688
 212.039480824999998   -592308.104738710098900


# Temperature: 240.000000
# Parameters: -592308.576866 0.422445 2.912539 190.578571
 166.774794203800013   -592307.828470483538695
 172.040983694900007   -592308.146273049060255
 177.416881540100007   -592308.369143407326192
 182.903618753100005   -592308.507892862777226
 188.502326347900009   -592308.567461714381352
 194.214135338599988   -592308.557844626717269
 200.040176739000003   -592308.485366490785964
 205.981581563199995   -592308.348289303714409
 212.039480824999998   -592308.128399025881663


# Temperature: 250.000000
# Parameters: -592308.601964 0.423676 2.845118 190.621063
 166.774794203800013   -592307.850840785307810
 172.040983694900007   -592308.169275955413468
 177.416881540100007   -592308.392685182858258
 182.903618753100005   -592308.532009609160013
 188.502326347900009   -592308.592074731830508
 194.214135338599988   -592308.583011771552265
 200.040176739000003   -592308.511126960744150
 205.981581563199995   -592308.374148815521039
 212.039480824999998   -592308.152686495566741


# Temperature: 260.000000
# Parameters: -592308.627812 0.425140 2.710851 190.687701
 166.774794203800013   -592307.873841728665866
 172.040983694900007   -592308.192917328327894
 177.416881540100007   -592308.416870286804624
 182.903618753100005   -592308.556772678392008
 188.502326347900009   -592308.617334963288158
 194.214135338599988   -592308.608825831906870
 200.040176739000003   -592308.537532444344833
 205.981581563199995   -592308.400641844025813
 212.039480824999998   -592308.177579184295610


# Temperature: 270.000000
# Parameters: -592308.654210 0.426554 2.613560 190.736758
 166.774794203800013   -592307.897453854675405
 172.040983694900007   -592308.217177173122764
 177.416881540100007   -592308.441678288159892
 182.903618753100005   -592308.582161265076138
 188.502326347900009   -592308.643221303005703
 194.214135338599988   -592308.635265448130667
 200.040176739000003   -592308.564561389153823
 205.981581563199995   -592308.427747011883184
 212.039480824999998   -592308.203056540922262


# Temperature: 280.000000
# Parameters: -592308.681078 0.427358 2.648299 190.747609
 166.774794203800013   -592307.921658759471029
 172.040983694900007   -592308.242036598850973
 177.416881540100007   -592308.467089906218462
 182.903618753100005   -592308.608155752765015
 188.502326347900009   -592308.669713878654875
 194.214135338599988   -592308.662310524960048
 200.040176739000003   -592308.592193540418521
 205.981581563199995   -592308.455444249557331
 212.039480824999998   -592308.229099280550145


# Temperature: 290.000000
# Parameters: -592308.708651 0.428668 2.544004 190.803294
 166.774794203800013   -592307.946439018822275
 172.040983694900007   -592308.267477737506852
 177.416881540100007   -592308.493086922913790
 182.903618753100005   -592308.634737626882270
 188.502326347900009   -592308.696793946204707
 194.214135338599988   -592308.689942134195007
 200.040176739000003   -592308.620409838040359
 205.981581563199995   -592308.483714683912694
 212.039480824999998   -592308.255689277080819


# Temperature: 300.000000
# Parameters: -592308.736851 0.430147 2.441723 190.856328
 166.774794203800013   -592307.971778120263480
 172.040983694900007   -592308.293483675690368
 177.416881540100007   -592308.519652106333524
 182.903618753100005   -592308.661889390321448
 188.502326347900009   -592308.724443816230632
 194.214135338599988   -592308.718142421101220
 200.040176739000003   -592308.649192320881411
 205.981581563199995   -592308.512540544383228
 212.039480824999998   -592308.282809474039823


# Temperature: 310.000000
# Parameters: -592308.765730 0.431724 2.336363 190.909282
 166.774794203800013   -592307.997660398250446
 172.040983694900007   -592308.320038379868492
 177.416881540100007   -592308.546769139124081
 182.903618753100005   -592308.689594491384923
 188.502326347900009   -592308.752646760549396
 194.214135338599988   -592308.746894523268566
 200.040176739000003   -592308.678524041315541
 205.981581563199995   -592308.541905076010153
 212.039480824999998   -592308.310443791444413


# Temperature: 320.000000
# Parameters: -592308.794836 0.433059 2.227908 190.965801
 166.774794203800013   -592308.024070977000520
 172.040983694900007   -592308.347126637352630
 177.416881540100007   -592308.574422551551834
 182.903618753100005   -592308.717837250092998
 188.502326347900009   -592308.781386954127811
 194.214135338599988   -592308.776182497153059
 200.040176739000003   -592308.708388984436169
 205.981581563199995   -592308.571792454575188
 212.039480824999998   -592308.338577052694745


# Temperature: 330.000000
# Parameters: -592308.824677 0.434399 2.227133 190.982524
 166.774794203800013   -592308.050995716475882
 172.040983694900007   -592308.374734001350589
 177.416881540100007   -592308.602597662713379
 182.903618753100005   -592308.746602801838890
 188.502326347900009   -592308.810649396618828
 194.214135338599988   -592308.805991246248595
 200.040176739000003   -592308.738771999836899
 205.981581563199995   -592308.602187719428912
 212.039480824999998   -592308.367194915772416


# Temperature: 340.000000
# Parameters: -592308.855321 0.436837 1.980344 191.079019
 166.774794203800013   -592308.078421161742881
 172.040983694900007   -592308.402846738230437
 177.416881540100007   -592308.631280529429205
 182.903618753100005   -592308.775877031730488
 188.502326347900009   -592308.840419864398427
 194.214135338599988   -592308.836306458571926
 200.040176739000003   -592308.769658734905533
 205.981581563199995   -592308.633076706784777
 212.039480824999998   -592308.396283802576363


# Temperature: 350.000000
# Parameters: -592308.885768 0.437389 2.005143 191.093356
 166.774794203800013   -592308.106334499549121
 172.040983694900007   -592308.431451776647009
 177.416881540100007   -592308.660457887686789
 182.903618753100005   -592308.805646531400271
 188.502326347900009   -592308.870684847352095
 194.214135338599988   -592308.867114556836896
 200.040176739000003   -592308.801035578362644
 205.981581563199995   -592308.664445989532396
 212.039480824999998   -592308.425830851891078


# Temperature: 360.000000
# Parameters: -592308.917173 0.439118 1.962655 191.120264
 166.774794203800013   -592308.134723516646773
 172.040983694900007   -592308.460536664817482
 177.416881540100007   -592308.690117115620524
 182.903618753100005   -592308.835898542427458
 188.502326347900009   -592308.901431501144543
 194.214135338599988   -592308.898402635706589
 200.040176739000003   -592308.832889605080709
 205.981581563199995   -592308.696282827062532
 212.039480824999998   -592308.455823857919313


# Temperature: 370.000000
# Parameters: -592308.949130 0.440933 1.808079 191.187092
 166.774794203800013   -592308.163576559396461
 172.040983694900007   -592308.490089533734135
 177.416881540100007   -592308.720246184733696
 182.903618753100005   -592308.866620916873217
 188.502326347900009   -592308.932647603214718
 194.214135338599988   -592308.930158425704576
 200.040176739000003   -592308.865208529983647
 205.981581563199995   -592308.728575110668316
 212.039480824999998   -592308.486251228256151


# Temperature: 380.000000
# Parameters: -592308.981030 0.441340 1.886454 191.177839
 166.774794203800013   -592308.192882501869462
 172.040983694900007   -592308.520099055254832
 177.416881540100007   -592308.750833622762002
 182.903618753100005   -592308.897802075836807
 188.502326347900009   -592308.964321511331946
 194.214135338599988   -592308.962370242225006
 200.040176739000003   -592308.897980662528425
 205.981581563199995   -592308.761311322683468
 212.039480824999998   -592308.517101938137785


# Temperature: 390.000000
# Parameters: -592309.013684 0.443461 1.793614 191.225154
 166.774794203800013   -592308.222630708129145
 172.040983694900007   -592308.550554409041069
 177.416881540100007   -592308.781868479796685
 182.903618753100005   -592308.929430974065326
 188.502326347900009   -592308.996442122384906
 194.214135338599988   -592308.995026947930455
 200.040176739000003   -592308.931194861885160
 205.981581563199995   -592308.794480498647317
 212.039480824999998   -592308.548365492024459


# Temperature: 400.000000
# Parameters: -592309.047194 0.446309 1.564045 191.312862
 166.774794203800013   -592308.252811006736010
 172.040983694900007   -592308.581445251475088
 177.416881540100007   -592308.813340292079374
 182.903618753100005   -592308.961497060838155
 188.502326347900009   -592309.028998837806284
 194.214135338599988   -592309.028117920388468
 200.040176739000003   -592308.964840510045178
 205.981581563199995   -592308.828072181087919
 212.039480824999998   -592308.580031888093799


# Temperature: 410.000000
# Parameters: -592309.080922 0.448150 1.464590 191.353592
 166.774794203800013   -592308.283413659431972
 172.040983694900007   -592308.612761687953025
 177.416881540100007   -592308.845239056041464
 182.903618753100005   -592308.993990254704840
 188.502326347900009   -592309.061981533770449
 194.214135338599988   -592309.061633014003746
 200.040176739000003   -592308.998907466535456
 205.981581563199995   -592308.862076396471821
 212.039480824999998   -592308.612091583199799


# Temperature: 420.000000
# Parameters: -592309.114180 0.447768 1.592244 191.346338
 166.774794203800013   -592308.314429338439368
 172.040983694900007   -592308.644494242267683
 177.416881540100007   -592308.877555196173489
 182.903618753100005   -592309.026900908676907
 188.502326347900009   -592309.095380528946407
 194.214135338599988   -592309.095562531030737
 200.040176739000003   -592309.033386044902727
 205.981581563199995   -592308.896483616903424
 212.039480824999998   -592308.644535465980880


# Temperature: 430.000000
# Parameters: -592309.149058 0.451020 1.365184 191.420221
 166.774794203800013   -592308.345849099336192
 172.040983694900007   -592308.676633832394145
 177.416881540100007   -592308.910279538016766
 182.903618753100005   -592309.060219788108952
 188.502326347900009   -592309.129186557838693
 194.214135338599988   -592309.129897194332443
 200.040176739000003   -592309.068266983609647
 205.981581563199995   -592308.931284731137566
 212.039480824999998   -592308.677354825311340


# Temperature: 440.000000
# Parameters: -592309.183640 0.452330 1.366471 191.430418
 166.774794203800013   -592308.377664360450581
 172.040983694900007   -592308.709171752212569
 177.416881540100007   -592308.943403290584683
 182.903618753100005   -592309.093938044155948
 188.502326347900009   -592309.163390744477510
 194.214135338599988   -592309.164628122816794
 200.040176739000003   -592309.103541413089260
 205.981581563199995   -592308.966471022926271
 212.039480824999998   -592308.710541329346597


# Temperature: 450.000000
# Parameters: -592309.219071 0.454880 1.182254 191.505994
 166.774794203800013   -592308.409866882371716
 172.040983694900007   -592308.742099641938694
 177.416881540100007   -592308.976918019354343
 182.903618753100005   -592309.128047189326026
 188.502326347900009   -592309.197984582744539
 194.214135338599988   -592309.199746801168658
 200.040176739000003   -592309.139200841775164
 205.981581563199995   -592309.002034144708887
 212.039480824999998   -592308.744086997583508


# Temperature: 460.000000
# Parameters: -592309.254595 0.456491 1.040101 191.560328
 166.774794203800013   -592308.442448747693561
 172.040983694900007   -592308.775409475434572
 177.416881540100007   -592309.010815623798408
 182.903618753100005   -592309.162539080600254
 188.502326347900009   -592309.232959908898920
 194.214135338599988   -592309.235245067626238
 200.040176739000003   -592309.175237122224644
 205.981581563199995   -592309.037966093397699
 212.039480824999998   -592308.777984183281660


# Temperature: 470.000000
# Parameters: -592309.290046 0.457002 1.250771 191.511344
 166.774794203800013   -592308.475402343901806
 172.040983694900007   -592308.809093536692671
 177.416881540100007   -592309.045088325394318
 182.903618753100005   -592309.197405894985422
 188.502326347900009   -592309.268308886443265
 194.214135338599988   -592309.271115085692145
 200.040176739000003   -592309.211642442038283
 205.981581563199995   -592309.074259192100726
 212.039480824999998   -592308.812225552625023


# Temperature: 480.000000
# Parameters: -592309.326363 0.458973 1.170769 191.547766
 166.774794203800013   -592308.508720348705538
 172.040983694900007   -592308.843144406797364
 177.416881540100007   -592309.079728642245755
 182.903618753100005   -592309.232640114263631
 188.502326347900009   -592309.304023985634558
 194.214135338599988   -592309.307349326787516
 200.040176739000003   -592309.248409296385944
 205.981581563199995   -592309.110906071844511
 212.039480824999998   -592308.846804062253796


# Temperature: 490.000000
# Parameters: -592309.362632 0.459659 1.079063 191.622461
 166.774794203800013   -592308.542395711177960
 172.040983694900007   -592308.877554943785071
 177.416881540100007   -592309.114729378372431
 182.903618753100005   -592309.268234508112073
 188.502326347900009   -592309.340097966138273
 194.214135338599988   -592309.343940557679161
 200.040176739000003   -592309.285530471708626
 205.981581563199995   -592309.147899649571627
 212.039480824999998   -592308.881712949252687


# Temperature: 500.000000
# Parameters: -592309.401126 0.464735 0.455786 191.853261
 166.774794203800013   -592308.576421636505984
 172.040983694900007   -592308.912318270886317
 177.416881540100007   -592309.150083603337407
 182.903618753100005   -592309.304182117222808
 188.502326347900009   -592309.376523860148154
 194.214135338599988   -592309.380881816614419
 200.040176739000003   -592309.322999034426175
 205.981581563199995   -592309.185233117197640
 212.039480824999998   -592308.916945710196160


# Temperature: 510.000000
# Parameters: -592309.435040 0.460081 1.079306 191.646776
 166.774794203800013   -592308.610791579820216
 172.040983694900007   -592308.947427761391737
 177.416881540100007   -592309.185784643515944
 182.903618753100005   -592309.340476238867268
 188.502326347900009   -592309.413294962723739
 194.214135338599988   -592309.418166405288503
 200.040176739000003   -592309.360808307654224
 205.981581563199995   -592309.222899923333898
 212.039480824999998   -592308.952496089157648


# Temperature: 520.000000
# Parameters: -592309.474419 0.464225 1.171051 191.598243
 166.774794203800013   -592308.645499223959632
 172.040983694900007   -592308.982877023518085
 177.416881540100007   -592309.221826064633206
 182.903618753100005   -592309.377110413042828
 188.502326347900009   -592309.450404808856547
 194.214135338599988   -592309.455787870916538
 200.040176739000003   -592309.398951864801347
 205.981581563199995   -592309.260893758269958
 212.039480824999998   -592308.988358061411418


# Temperature: 530.000000
# Parameters: -592309.515101 0.474323 0.022760 191.965358
 166.774794203800013   -592308.680538474814966
 172.040983694900007   -592309.018659894703887
 177.416881540100007   -592309.258201660821214
 182.903618753100005   -592309.414078413858078
 188.502326347900009   -592309.487847170676105
 194.214135338599988   -592309.493739990633912
 200.040176739000003   -592309.437423510942608
 205.981581563199995   -592309.299208546406589
 212.039480824999998   -592309.024525826098397


# Temperature: 540.000000
# Parameters: -592309.550755 0.475231 -0.075820 191.983905
 166.774794203800013   -592308.715903448523022
 172.040983694900007   -592309.054770422750153
 177.416881540100007   -592309.294905441347510
 182.903618753100005   -592309.451374230091460
 188.502326347900009   -592309.525616036844440
 194.214135338599988   -592309.532016768935136
 200.040176739000003   -592309.476217273157090
 205.981581563199995   -592309.337838426814415
 212.039480824999998   -592309.060993788647465


# Temperature: 550.000000
# Parameters: -592309.589126 0.469544 0.896471 191.737273
 166.774794203800013   -592308.751588457147591
 172.040983694900007   -592309.091202859650366
 177.416881540100007   -592309.331931624095887
 182.903618753100005   -592309.488992059952579
 188.502326347900009   -592309.563705607550219
 194.214135338599988   -592309.570612414157949
 200.040176739000003   -592309.515327387955040
 205.981581563199995   -592309.376777746831067
 212.039480824999998   -592309.097756553208455


# Temperature: 560.000000
# Parameters: -592309.629755 0.475224 0.426302 191.891240
 166.774794203800013   -592308.787588006700389
 172.040983694900007   -592309.127951650065370
 177.416881540100007   -592309.369274620548822
 182.903618753100005   -592309.526926300371997
 188.502326347900009   -592309.602110278676264
 194.214135338599988   -592309.609521337901242
 200.040176739000003   -592309.554748292779550
 205.981581563199995   -592309.416021049721166
 212.039480824999998   -592309.134808911941946


# Temperature: 570.000000
# Parameters: -592309.669697 0.477497 -0.013628 192.052555
 166.774794203800013   -592308.823896781424992
 172.040983694900007   -592309.165011423407122
 177.416881540100007   -592309.406929029035382
 182.903618753100005   -592309.565171532914974
 188.502326347900009   -592309.640824638190679
 194.214135338599988   -592309.648738138261251
 200.040176739000003   -592309.594474611687474
 205.981581563199995   -592309.455563064082526
 212.039480824999998   -592309.172145833959803


# Temperature: 580.000000
# Parameters: -592309.704614 0.473866 0.081226 192.017870
 166.774794203800013   -592308.860509637277573
 172.040983694900007   -592309.202376982895657
 177.416881540100007   -592309.444889623671770
 182.903618753100005   -592309.603722520521842
 188.502326347900009   -592309.679843450081535
 194.214135338599988   -592309.688257594825700
 200.040176739000003   -592309.634501150227152
 205.981581563199995   -592309.495398698025383
 212.039480824999998   -592309.209762459388003


# Temperature: 590.000000
# Parameters: -592309.744851 0.475340 0.406785 191.855786
 166.774794203800013   -592308.897421594359912
 172.040983694900007   -592309.240043298806995
 177.416881540100007   -592309.483151349937543
 182.903618753100005   -592309.642574196215719
 188.502326347900009   -592309.719161652377807
 194.214135338599988   -592309.728074659127742
 200.040176739000003   -592309.674822884728201
 205.981581563199995   -592309.535523026483133
 212.039480824999998   -592309.247654089238495


# Temperature: 600.000000
# Parameters: -592309.788964 0.484413 0.041356 192.027108
 166.774794203800013   -592308.934627831331454
 172.040983694900007   -592309.278005501953885
 177.416881540100007   -592309.521709310589358
 182.903618753100005   -592309.681721652392298
 188.502326347900009   -592309.758774343761615
 194.214135338599988   -592309.768184442305937
 200.040176739000003   -592309.715434954385273
 205.981581563199995   -592309.575931283878163
 212.039480824999998   -592309.285816177609377


# Temperature: 610.000000
# Parameters: -592309.827310 0.489241 -0.427125 192.193849
 166.774794203800013   -592308.972123672720045
 172.040983694900007   -592309.316258872509934
 177.416881540100007   -592309.560558765195310
 182.903618753100005   -592309.721160139190033
 188.502326347900009   -592309.798676779493690
 194.214135338599988   -592309.808582215337083
 200.040176739000003   -592309.756332654855214
 205.981581563199995   -592309.616618858184665
 212.039480824999998   -592309.324244323768653


# Temperature: 620.000000
# Parameters: -592309.870160 0.488037 -0.011004 192.060937
 166.774794203800013   -592309.009904590435326
 172.040983694900007   -592309.354798837797716
 177.416881540100007   -592309.599695118144155
 182.903618753100005   -592309.760885052848607
 188.502326347900009   -592309.838864361052401
 194.214135338599988   -592309.849263394833542
 200.040176739000003   -592309.797511427896097
 205.981581563199995   -592309.657581284525804
 212.039480824999998   -592309.362934268312529


# Temperature: 630.000000
# Parameters: -592309.911091 0.489784 -0.053515 192.083101
 166.774794203800013   -592309.047966187936254
 172.040983694900007   -592309.393620962859131
 177.416881540100007   -592309.639113913872279
 182.903618753100005   -592309.800891930353828
 188.502326347900009   -592309.879332632757723
 194.214135338599988   -592309.890223538968712
 200.040176739000003   -592309.838966858340427
 205.981581563199995   -592309.698814233648591
 212.039480824999998   -592309.401881882804446


# Temperature: 640.000000
# Parameters: -592309.952086 0.490501 0.077512 192.047508
 166.774794203800013   -592309.086304202442989
 172.040983694900007   -592309.432720944518223
 177.416881540100007   -592309.678810831508599
 182.903618753100005   -592309.841176444664598
 188.502326347900009   -592309.920077274786308
 194.214135338599988   -592309.931458342238329
 200.040176739000003   -592309.880694663734175
 205.981581563199995   -592309.740313513320871
 212.039480824999998   -592309.441083165816963


# Temperature: 650.000000
# Parameters: -592309.991495 0.486959 -0.072866 192.196091
 166.774794203800013   -592309.124914496438578
 172.040983694900007   -592309.472094609052874
 177.416881540100007   -592309.718781676609069
 182.903618753100005   -592309.881734395166859
 188.502326347900009   -592309.961094093858264
 194.214135338599988   -592309.972963628009893
 200.040176739000003   -592309.922690692124888
 205.981581563199995   -592309.782075052266009
 212.039480824999998   -592309.480534236878157


# Temperature: 660.000000
# Parameters: -592310.035866 0.495668 -0.186192 192.146112
 166.774794203800013   -592309.163793047657236
 172.040983694900007   -592309.511737899854779
 177.416881540100007   -592309.759022379177622
 182.903618753100005   -592309.922561705694534
 188.502326347900009   -592310.002379021840170
 194.214135338599988   -592310.014735341537744
 200.040176739000003   -592309.964950916008092
 205.981581563199995   -592309.824094905052334
 212.039480824999998   -592309.520231332746334


# Temperature: 670.000000
# Parameters: -592310.076986 0.497491 -0.643432 192.268807
 166.774794203800013   -592309.202935955021530
 172.040983694900007   -592309.551646880689077
 177.416881540100007   -592309.799528985167854
 182.903618753100005   -592309.963654419174418
 188.502326347900009   -592310.043928108992986
 194.214135338599988   -592310.056769548798911
 200.040176739000003   -592310.007471421733499
 205.981581563199995   -592309.866369240800850
 212.039480824999998   -592309.560170797980390


# Temperature: 680.000000
# Parameters: -592310.120731 0.504194 -0.824639 192.341142
 166.774794203800013   -592309.242339421994984
 172.040983694900007   -592309.591817723936401
 177.416881540100007   -592309.840297651593573
 182.903618753100005   -592310.005008690292016
 188.502326347900009   -592310.085737517336383
 194.214135338599988   -592310.099062427296303
 200.040176739000003   -592310.050248411833309
 205.981581563199995   -592309.908894337946549
 212.039480824999998   -592309.600349085871130


# Temperature: 690.000000
# Parameters: -592310.161949 0.498525 0.015788 192.104477
 166.774794203800013   -592309.281999759026803
 172.040983694900007   -592309.632246708963066
 177.416881540100007   -592309.881324646179564
 182.903618753100005   -592310.046620781766251
 188.502326347900009   -592310.127803519018926
 194.214135338599988   -592310.141610262566246
 200.040176739000003   -592310.093278196756728
 205.981581563199995   -592309.951666582259350
 212.039480824999998   -592309.640762750408612


# Temperature: 700.000000
# Parameters: -592310.206247 0.505096 -0.599756 192.322830
 166.774794203800013   -592309.321913379826583
 172.040983694900007   -592309.672930219443515
 177.416881540100007   -592309.922606337466277
 182.903618753100005   -592310.088487059925683
 188.502326347900009   -592310.170122488518246
 194.214135338599988   -592310.184409445617348
 200.040176739000003   -592310.136557189282030
 205.981581563199995   -592309.994682461372577
 212.039480824999998   -592309.681408441741951


# Temperature: 710.000000
# Parameters: -592310.248749 0.508376 -0.898052 192.392875
 166.774794203800013   -592309.362076790886931
 172.040983694900007   -592309.713864736841060
 177.416881540100007   -592309.964139195159078
 182.903618753100005   -592310.130603991565295
 188.502326347900009   -592310.212690902058966
 194.214135338599988   -592310.227456465247087
 200.040176739000003   -592310.180081901955418
 205.981581563199995   -592310.037938560359180
 212.039480824999998   -592309.722282902337611


# Temperature: 720.000000
# Parameters: -592310.290476 0.506451 -0.315733 192.220899
 166.774794203800013   -592309.402486596722156
 172.040983694900007   -592309.755046834703535
 177.416881540100007   -592310.005919781629927
 182.903618753100005   -592310.172968138940632
 188.502326347900009   -592310.255505328997970
 194.214135338599988   -592310.270747908507474
 200.040176739000003   -592310.223848942550831
 205.981581563199995   -592310.081431557307951
 212.039480824999998   -592309.763382967095822


# Temperature: 730.000000
# Parameters: -592310.336683 0.515510 -0.586223 192.279017
 166.774794203800013   -592309.443139488110319
 172.040983694900007   -592309.796473180991597
 177.416881540100007   -592310.047944753314368
 182.903618753100005   -592310.215576155344024
 188.502326347900009   -592310.298562432988547
 194.214135338599988   -592310.314280451275408
 200.040176739000003   -592310.267855010926723
 205.981581563199995   -592310.125158220762387
 212.039480824999998   -592309.804705554735847


# Temperature: 740.000000
# Parameters: -592310.382398 0.519190 -1.259230 192.520218
 166.774794203800013   -592309.484032243839465
 172.040983694900007   -592309.838140528532676
 177.416881540100007   -592310.090210853610188
 182.903618753100005   -592310.258424784289673
 188.502326347900009   -592310.341858964995481
 194.214135338599988   -592310.358050860231742
 200.040176739000003   -592310.312096893321723
 205.981581563199995   -592310.169115404132754
 212.039480824999998   -592309.846247666631825


# Temperature: 750.000000
# Parameters: -592310.425979 0.520531 -1.280246 192.534251
 166.774794203800013   -592309.525161724421196
 172.040983694900007   -592309.880045714206062
 177.416881540100007   -592310.132714909152128
 182.903618753100005   -592310.301510851248167
 188.502326347900009   -592310.385391759686172
 194.214135338599988   -592310.402055983431637
 200.040176739000003   -592310.356571461772546
 205.981581563199995   -592310.213300045696087
 212.039480824999998   -592309.888006382505409


# Temperature: 760.000000
# Parameters: -592310.469937 0.521335 -1.175757 192.508791
 166.774794203800013   -592309.566524870460853
 172.040983694900007   -592309.922185656614602
 177.416881540100007   -592310.175453829346225
 182.903618753100005   -592310.344831265625544
 188.502326347900009   -592310.429157735896297
 194.214135338599988   -592310.446292755194008
 200.040176739000003   -592310.401275670039468
 205.981581563199995   -592310.257709162775427
 212.039480824999998   -592309.929978858097456


# Temperature: 770.000000
# Parameters: -592310.510489 0.513350 -0.314310 192.314306
 166.774794203800013   -592309.608118701144122
 172.040983694900007   -592309.964557351195253
 177.416881540100007   -592310.218424601131119
 182.903618753100005   -592310.388383013429120
 188.502326347900009   -592310.473153889877722
 194.214135338599988   -592310.490758183412254
 200.040176739000003   -592310.446206547901966
 205.981581563199995   -592310.302339848014526
 212.039480824999998   -592309.972162324120291


# Temperature: 780.000000
# Parameters: -592310.560313 0.529411 -1.659751 192.663952
 166.774794203800013   -592309.649940308299847
 172.040983694900007   -592310.007157869054936
 177.416881540100007   -592310.261624287348241
 182.903618753100005   -592310.432163159595802
 188.502326347900009   -592310.517377291689627
 194.214135338599988   -592310.535449355607852
 200.040176739000003   -592310.491361202672124
 205.981581563199995   -592310.347189269028604
 212.039480824999998   -592310.014554080786183


# Temperature: 790.000000
# Parameters: -592310.605556 0.531741 -1.685523 192.672602
 166.774794203800013   -592309.691986853140406
 172.040983694900007   -592310.049984353710897
 177.416881540100007   -592310.305050024413504
 182.903618753100005   -592310.476168838446029
 188.502326347900009   -592310.561825087177567
 194.214135338599988   -592310.580363428802229
 200.040176739000003   -592310.536736811161973
 205.981581563199995   -592310.392254664679058
 212.039480824999998   -592310.057151494547725


# Temperature: 800.000000
# Parameters: -592310.650644 0.533736 -1.708226 192.682296
 166.774794203800013   -592309.734255570452660
 172.040983694900007   -592310.093034017249011
 177.416881540100007   -592310.348699016030878
 182.903618753100005   -592310.520397255546413
 188.502326347900009   -592310.606494490173645
 194.214135338599988   -592310.625497631845064
 200.040176739000003   -592310.582330622593872
 205.981581563199995   -592310.437533340300433
 212.039480824999998   -592310.099951999145560


# Temperature: 810.000000
# Parameters: -592310.696060 0.535878 -1.721607 192.678291
 166.774794203800013   -592309.776743756257929
 172.040983694900007   -592310.136304139043204
 177.416881540100007   -592310.392568535287865
 182.903618753100005   -592310.564845685265027
 188.502326347900009   -592310.651382784475572
 194.214135338599988   -592310.670849261456169
 200.040176739000003   -592310.628139951499179
 205.981581563199995   -592310.483022669563070
 212.039480824999998   -592310.142953090602532


# Temperature: 820.000000
# Parameters: -592310.741422 0.538150 -1.851184 192.730019
 166.774794203800013   -592309.819448774913326
 172.040983694900007   -592310.179792063776404
 177.416881540100007   -592310.436655920697376
 182.903618753100005   -592310.609511465998366
 188.502326347900009   -592310.696487316628918
 194.214135338599988   -592310.716415675939061
 200.040176739000003   -592310.674162179115228
 205.981581563199995   -592310.528720087371767
 212.039480824999998   -592310.186152325011790


# Temperature: 830.000000
# Parameters: -592310.784848 0.531645 -0.770166 192.346159
 166.774794203800013   -592309.862368049798533
 172.040983694900007   -592310.223495198297314
 177.416881540100007   -592310.480958572938107
 182.903618753100005   -592310.654391999472864
 188.502326347900009   -592310.741805496625602
 194.214135338599988   -592310.762194301933050
 200.040176739000003   -592310.720394746284001
 205.981581563199995   -592310.574623090564273
 212.039480824999998   -592310.229547316441312


# Temperature: 840.000000
# Parameters: -592310.828477 0.525791 -0.715562 192.437502
 166.774794203800013   -592309.905499065527692
 172.040983694900007   -592310.267411008477211
 177.416881540100007   -592310.525473951594904
 182.903618753100005   -592310.699484748532996
 188.502326347900009   -592310.787334796739742
 194.214135338599988   -592310.808182621723972
 200.040176739000003   -592310.766835157410242
 205.981581563199995   -592310.620729237562045
 212.039480824999998   -592310.273135736119002


# Temperature: 850.000000
# Parameters: -592310.880969 0.547033 -2.076993 192.809078
 166.774794203800013   -592309.948839363758452
 172.040983694900007   -592310.311537021538243
 177.416881540100007   -592310.570199578767642
 182.903618753100005   -592310.744787232950330
 188.502326347900009   -592310.833072746056132
 194.214135338599988   -592310.854378179181367
 200.040176739000003   -592310.813480972661637
 205.981581563199995   -592310.667036140454002
 212.039480824999998   -592310.316915311268531


# Temperature: 860.000000
# Parameters: -592310.927123 0.548648 -2.096684 192.820437
 166.774794203800013   -592309.992386540980078
 172.040983694900007   -592310.355870819301344
 177.416881540100007   -592310.615133029059507
 182.903618753100005   -592310.790297032566741
 188.502326347900009   -592310.879016932798550
 194.214135338599988   -592310.900778573821299
 200.040176739000003   -592310.860329809249379
 205.981581563199995   -592310.713541466975585
 212.039480824999998   -592310.360883818590082


# Temperature: 870.000000
# Parameters: -592310.973773 0.550915 -2.172575 192.840020
 166.774794203800013   -592310.036138248629868
 172.040983694900007   -592310.400410035857931
 177.416881540100007   -592310.660271935281344
 182.903618753100005   -592310.836011779494584
 188.502326347900009   -592310.925164995947853
 194.214135338599988   -592310.947381458245218
 200.040176739000003   -592310.907379339449108
 205.981581563199995   -592310.760242939344607
 212.039480824999998   -592310.405039086821489


# Temperature: 880.000000
# Parameters: -592311.020443 0.551981 -2.027046 192.795960
 166.774794203800013   -592310.080092192161828
 172.040983694900007   -592310.445152360829525
 177.416881540100007   -592310.705613980186172
 182.903618753100005   -592310.881929159048013
 188.502326347900009   -592310.971514631644823
 194.214135338599988   -592310.994184538722038
 200.040176739000003   -592310.954627285245806
 205.981581563199995   -592310.807138331234455
 212.039480824999998   -592310.449378995457664


# Temperature: 890.000000
# Parameters: -592311.068225 0.555861 -2.327993 192.882925
 166.774794203800013   -592310.124246123363264
 172.040983694900007   -592310.490095534943976
 177.416881540100007   -592310.751156898913905
 182.903618753100005   -592310.928046908811666
 188.502326347900009   -592311.018063584575430
 194.214135338599988   -592311.041185574606061
 200.040176739000003   -592311.002071422408335
 205.981581563199995   -592310.854225465096533
 212.039480824999998   -592310.493901468464173


# Temperature: 900.000000
# Parameters: -592311.116234 0.561269 -2.554010 192.967726
 166.774794203800013   -592310.168597845127806
 172.040983694900007   -592310.535237346310169
 177.416881540100007   -592310.796898476663046
 182.903618753100005   -592310.974362813984044
 188.502326347900009   -592311.064809648087248
 194.214135338599988   -592311.088382371701300
 200.040176739000003   -592311.049709575483575
 205.981581563199995   -592310.901502210064791
 212.039480824999998   -592310.538604476605542


# Temperature: 910.000000
# Parameters: -592311.163805 0.564086 -2.681126 193.016463
 166.774794203800013   -592310.213145207962953
 172.040983694900007   -592310.580575629835948
 177.416881540100007   -592310.842836545431055
 182.903618753100005   -592311.020874711568467
 188.502326347900009   -592311.111750667681918
 194.214135338599988   -592311.135772784589790
 200.040176739000003   -592311.097539613489062
 205.981581563199995   -592310.948966484982520
 212.039480824999998   -592310.583486037212424


# Temperature: 920.000000
# Parameters: -592311.211523 0.565821 -2.615236 192.990216
 166.774794203800013   -592310.257886107894592
 172.040983694900007   -592310.626108271419071
 177.416881540100007   -592310.888968985527754
 182.903618753100005   -592311.067580479895696
 188.502326347900009   -592311.158884530887008
 194.214135338599988   -592311.183354713604786
 200.040176739000003   -592311.145559455384500
 205.981581563199995   -592310.996616252232343
 212.039480824999998   -592310.628544207895175


# Temperature: 930.000000
# Parameters: -592311.258998 0.567450 -2.596129 192.979956
 166.774794203800013   -592310.302818483440205
 172.040983694900007   -592310.671833195956424
 177.416881540100007   -592310.935293718939647
 182.903618753100005   -592311.114478047238663
 188.502326347900009   -592311.206209172145464
 194.214135338599988   -592311.231126105412841
 200.040176739000003   -592311.193767061457038
 205.981581563199995   -592311.044449517619796
 212.039480824999998   -592310.673777088057250


# Temperature: 940.000000
# Parameters: -592311.307518 0.570357 -2.692897 193.015316
 166.774794203800013   -592310.347940319799818
 172.040983694900007   -592310.717748375143856
 177.416881540100007   -592310.981808714335784
 182.903618753100005   -592311.161565381102264
 188.502326347900009   -592311.253722568508238
 194.214135338599988   -592311.279084949521348
 200.040176739000003   -592311.242160437628627
 205.981581563199995   -592311.092464328743517
 212.039480824999998   -592310.719182819128036


# Temperature: 950.000000
# Parameters: -592311.356551 0.575988 -3.023116 193.117199
 166.774794203800013   -592310.393249639426358
 172.040983694900007   -592310.763851821189746
 177.416881540100007   -592311.028511979733594
 182.903618753100005   -592311.208840493694879
 188.502326347900009   -592311.301422740216367
 194.214135338599988   -592311.327229274436831
 200.040176739000003   -592311.290737628238276
 205.981581563199995   -592311.140658774296753
 212.039480824999998   -592310.764759579207748


# Temperature: 960.000000
# Parameters: -592311.404766 0.576485 -2.843944 193.061053
 166.774794203800013   -592310.438744508312084
 172.040983694900007   -592310.810141587746330
 177.416881540100007   -592311.075401567621157
 182.903618753100005   -592311.256301438552327
 188.502326347900009   -592311.349307748256251
 194.214135338599988   -592311.375557152670808
 200.040176739000003   -592311.339496720815077
 205.981581563199995   -592311.189030982553959
 212.039480824999998   -592310.810505586792715


# Temperature: 970.000000
# Parameters: -592311.454055 0.581854 -3.179241 193.167843
 166.774794203800013   -592310.484423030051403
 172.040983694900007   -592310.856615768745542
 177.416881540100007   -592311.122475565876812
 182.903618753100005   -592311.303946306579746
 188.502326347900009   -592311.397375690750778
 194.214135338599988   -592311.424066696665250
 200.040176739000003   -592311.388435841887258
 205.981581563199995   -592311.237579122069292
 212.039480824999998   -592310.856419094256125


# Temperature: 980.000000
# Parameters: -592311.503188 0.585202 -3.266279 193.191247
 166.774794203800013   -592310.530283347005025
 172.040983694900007   -592310.903272494440898
 177.416881540100007   -592311.169732104637660
 182.903618753100005   -592311.351773230126128
 188.502326347900009   -592311.445624708198011
 194.214135338599988   -592311.472756053437479
 200.040176739000003   -592311.437553155585192
 205.981581563199995   -592311.286301395623013
 212.039480824999998   -592310.902498390525579


# Temperature: 990.000000
# Parameters: -592311.551786 0.585790 -3.140962 193.155217
 166.774794203800013   -592310.576323638437316
 172.040983694900007   -592310.950109934550710
 177.416881540100007   -592311.217169348499738
 182.903618753100005   -592311.399780376930721
 188.502326347900009   -592311.494052975671366
 194.214135338599988   -592311.521623411215842
 200.040176739000003   -592311.486846861895174
 205.981581563199995   -592311.335196043597534
 212.039480824999998   -592310.948741800850257


