   0.000000000000000    0.000000000000000
  10.000000000000000    1.412331622615761
  20.000000000000000   11.772173600283510
  30.000000000000000   28.624614157749633
  40.000000000000000   46.823939433707181
  50.000000000000000   64.183405917396172
  60.000000000000000   79.743802937659126
  70.000000000000000   93.230280723768416
  80.000000000000000  104.765427718419971
  90.000000000000000  114.634824645875000
 100.000000000000000  123.142211714692010
 110.000000000000000  130.534945446286855
 120.000000000000000  137.015865158004544
 130.000000000000000  142.746513238914105
 140.000000000000000  147.833226798945049
 150.000000000000000  152.379778920172470
 160.000000000000000  156.468062541626352
 170.000000000000000  160.136055968705335
 180.000000000000000  163.444441710322423
 190.000000000000000  166.433702498972480
 200.000000000000000  169.147418410261793
 210.000000000000000  171.628799872204667
 220.000000000000000  173.884116232535035
 230.000000000000000  175.945365456470768
 240.000000000000000  177.834175611168007
 250.000000000000000  179.561158105620763
 260.000000000000000  181.166372729237168
 270.000000000000000  182.639329296492889
 280.000000000000000  184.007691595951087
 290.000000000000000  185.298147834300465
 300.000000000000000  186.463688721551648
 310.000000000000000  187.555114759553334
 320.000000000000000  188.591393518503565
 330.000000000000000  189.538595619363264
 340.000000000000000  190.451146669145601
 350.000000000000000  191.339363107674842
 360.000000000000000  192.114733333083677
 370.000000000000000  192.866413080366897
 380.000000000000000  193.595686593641972
 390.000000000000000  194.295390193307156
 400.000000000000000  194.964387732602859
 410.000000000000000  195.546990412555488
 420.000000000000000  196.126220378195541
 430.000000000000000  196.735086498322715
 440.000000000000000  197.313961554477913
 450.000000000000000  197.812014396005878
 460.000000000000000  198.309050428702818
 470.000000000000000  198.838247216696487
 480.000000000000000  199.278313885784030
 490.000000000000000  199.711171352124580
 500.000000000000000  200.188653919788322
 510.000000000000000  200.577823394054803
 520.000000000000000  201.039641543150935
 530.000000000000000  201.470742603808077
 540.000000000000000  201.829220875803571
 550.000000000000000  202.263893184283944
 560.000000000000000  202.683628615149217
 570.000000000000000  202.993356283516306
 580.000000000000000  203.341481610424410
 590.000000000000000  203.674573780891905
 600.000000000000000  204.044317763929484
 610.000000000000000  204.403991365506698
 620.000000000000000  204.743243471671718
 630.000000000000000  205.188478696442758
 640.000000000000000  205.506793934874395
 650.000000000000000  205.809215775753898
 660.000000000000000  206.072009080859630
 670.000000000000000  206.411993040303258
 680.000000000000000  206.782241717057190
 690.000000000000000  207.106253069507801
 700.000000000000000  207.356575305378669
 710.000000000000000  207.620200057145610
 720.000000000000000  208.036228780322745
 730.000000000000000  208.464343950038710
 740.000000000000000  208.672260977120658
 750.000000000000000  208.933293227884121
 760.000000000000000  209.287609486841291
 770.000000000000000  209.604974525455958
 780.000000000000000  209.984886982144246
 790.000000000000000  210.156807313207224
 800.000000000000000  210.504521569037024
 810.000000000000000  210.939836298679069
 820.000000000000000  211.202108877514320
 830.000000000000000  211.469874375709509
 840.000000000000000  211.708106990725526
 850.000000000000000  212.068877480709887
 860.000000000000000  212.461137554262677
 870.000000000000000  212.662699136812023
 880.000000000000000  212.984289705267230
 890.000000000000000  213.368743095873185
 900.000000000000000  213.734196294916075
 910.000000000000000  213.966056637986270
 920.000000000000000  214.256252498084280
 930.000000000000000  214.768515221331086
 940.000000000000000  214.932675033690145
 950.000000000000000  215.221121664133818
 960.000000000000000  215.706412519181498
 970.000000000000000  215.930017151415257
 980.000000000000000  216.243790023921008
 990.000000000000000  216.709080776159055
1000.000000000000000  216.989102196159877
1010.000000000000000  217.226323396727224
1020.000000000000000  217.566354193012216
1030.000000000000000  217.969597611841493
1040.000000000000000  218.443984094864987
1050.000000000000000  218.668883885716298
1060.000000000000000  219.014843631497399
1070.000000000000000  219.420697696669833
1080.000000000000000  219.752211162000833
1090.000000000000000  220.180654806629576
1100.000000000000000  220.538828968468380
1110.000000000000000  220.888434674293620
1120.000000000000000  221.280433073329476
1130.000000000000000  221.688022818670959
1140.000000000000000  221.955455788466111
1150.000000000000000  222.350632688497086
1160.000000000000000  222.809968802345765
1170.000000000000000  223.229804112302162
1180.000000000000000  223.715602827790605
1190.000000000000000  224.135822519278918
1200.000000000000000  224.417823324550767
1210.000000000000000  224.758671220674756
1220.000000000000000  225.405034458344801
1230.000000000000000  225.712521560781482
1240.000000000000000  226.083647972896671
1250.000000000000000  226.798344698639795
1260.000000000000000  226.909102982281354
1270.000000000000000  227.353666535582875
1280.000000000000000  228.143940491395881
1290.000000000000000  228.417482209606703
1300.000000000000000  228.926114839955176
1310.000000000000000  229.253056885403623
1320.000000000000000  229.557494207602645
1330.000000000000000  230.569550177644118
1340.000000000000000  230.913781305483383
1350.000000000000000  231.310177371902654
1360.000000000000000  231.646561153218727
1370.000000000000000  232.621159142260979
1380.000000000000000  233.008831510317094
1390.000000000000000  233.197389130448869
1400.000000000000000  234.225999561375829
1410.000000000000000  234.672874247778481
1420.000000000000000  234.681084996338370
1430.000000000000000  235.704965520672403
1440.000000000000000  237.052040458268266
1450.000000000000000  236.784310942123625
1460.000000000000000  236.881494410116943
1470.000000000000000  238.162764312285816
1480.000000000000000  239.098343316090507
1490.000000000000000  239.510115890359373
1500.000000000000000  239.560943450816893
1510.000000000000000  240.016270075821552
1520.000000000000000  241.121446574867065
1530.000000000000000  242.408534491848258
1540.000000000000000  242.796560629744931
1550.000000000000000  243.558294558398472
1560.000000000000000  242.558679285384869
1570.000000000000000  242.424136686496809
1580.000000000000000  246.511250143717405
1590.000000000000000  247.476264956880442
1600.000000000000000  249.420300337541676
1610.000000000000000  248.026025465511310
1620.000000000000000  245.882274462306015
1630.000000000000000  248.126707354068230
1640.000000000000000  251.918098692336400
1650.000000000000000  250.900605145947026
1660.000000000000000  251.905490294911942
1670.000000000000000  255.512996139734184
1680.000000000000000  253.377091283307834
1690.000000000000000  255.036557426424110
1700.000000000000000  256.205610805646074
1710.000000000000000  255.073400695934424
1720.000000000000000  255.775224472516754
1730.000000000000000  258.289412337314047
1740.000000000000000  259.853008420402091
1750.000000000000000  260.657265978671035
1760.000000000000000  262.136177967443871
1770.000000000000000  264.554449048528340
1780.000000000000000  265.618207091156933
1790.000000000000000  260.949483289625903
1800.000000000000000  264.007342355456274
1810.000000000000000  266.995207368278557
1820.000000000000000  267.936303943951941
1830.000000000000000  270.718969731040659
1840.000000000000000  272.426632559278175
1850.000000000000000  274.414802577061550
1860.000000000000000  272.318415199353467
1870.000000000000000  275.958206684805418
1880.000000000000000  272.953505051223601
1890.000000000000000  276.796852951248184
1900.000000000000000  285.084636120898551
1910.000000000000000  287.781515217998503
1920.000000000000000  278.155743315811151
1930.000000000000000  280.009300214212374
1940.000000000000000  288.947427613130003
1950.000000000000000  293.032294579502718
1960.000000000000000  297.314867103703989
1970.000000000000000  282.872524346845239
1980.000000000000000  287.198797668475038
1990.000000000000000  297.733134275507268
