   0.000000000000000    0.000000000000000
  10.000000000000000    1.680339781681954
  20.000000000000000   11.409266630515321
  30.000000000000000   28.225216203896220
  40.000000000000000   46.393210081584051
  50.000000000000000   63.903970778087206
  60.000000000000000   79.636381228112100
  70.000000000000000   93.200768132000448
  80.000000000000000  104.419838285544770
  90.000000000000000  114.477638958722650
 100.000000000000000  123.535264730134415
 110.000000000000000  130.575661319551841
 120.000000000000000  136.556419591180628
 130.000000000000000  142.989758878768384
 140.000000000000000  147.294764698963661
 150.000000000000000  152.859667023450925
 160.000000000000000  157.278918672588702
 170.000000000000000  159.922955800975473
 180.000000000000000  163.615097115487572
 190.000000000000000  164.076086448489065
 200.000000000000000  170.737918789739155
 210.000000000000000  172.236854203245599
 220.000000000000000  173.532060114076415
 230.000000000000000  176.500847598122846
 240.000000000000000  178.357845885622623
 250.000000000000000  178.066221108973252
 260.000000000000000  182.286728917708274
 270.000000000000000  181.340697721065737
 280.000000000000000  186.995451983146978
 290.000000000000000  183.083706679105404
 300.000000000000000  186.371346051038614
 310.000000000000000  188.134518067335449
 320.000000000000000  188.005265803882764
 330.000000000000000  188.014402101185823
 340.000000000000000  194.693964847374929
 350.000000000000000  191.370320850680798
 360.000000000000000  187.259029181338747
 370.000000000000000  195.992221197362909
 380.000000000000000  192.018913314227802
 390.000000000000000  199.712169728973464
 400.000000000000000  188.357026351643441
 410.000000000000000  197.144464581869471
 420.000000000000000  194.861477988956409
 430.000000000000000  203.655640167967221
 440.000000000000000  194.712991444875144
 450.000000000000000  195.282109911268606
 460.000000000000000  198.856163769259723
 470.000000000000000  205.231354715641601
 480.000000000000000  187.555066777007653
 490.000000000000000  206.425700759837127
 500.000000000000000  199.529468471096436
 510.000000000000000  196.280423024378734
 520.000000000000000  213.063077671568323
 530.000000000000000  191.647713160963747
 540.000000000000000  205.369077175636477
 550.000000000000000  205.044313526612001
 560.000000000000000  206.657824519997348
 570.000000000000000  190.135452781767555
 580.000000000000000  215.372880674656528
 590.000000000000000  183.029340086917102
 600.000000000000000  223.736952701869001
 610.000000000000000  187.821106061169417
 620.000000000000000  221.634839996879151
 630.000000000000000  210.211984578711309
 640.000000000000000  202.120546438210653
 650.000000000000000  203.755496421042011
 660.000000000000000  187.147482610145744
 670.000000000000000  231.497648393185301
 680.000000000000000  187.512441482773283
 690.000000000000000  229.664346920183817
 700.000000000000000  174.600893341384221
 710.000000000000000  226.320643087904614
 720.000000000000000  210.449015975137883
 730.000000000000000  234.469456936784866
 740.000000000000000  160.911255340921855
 750.000000000000000  241.990776301211355
 760.000000000000000  181.291785116040785
 770.000000000000000  239.250925282159187
 780.000000000000000  207.195459079564046
 790.000000000000000  171.173476918143052
 800.000000000000000  267.262245753260174
 810.000000000000000  200.174087220649994
 820.000000000000000  194.911225541721791
 830.000000000000000  212.878219356814498
 840.000000000000000  178.556538273482005
 850.000000000000000  266.376242150242376
 860.000000000000000  196.118299731989396
 870.000000000000000  181.549276622352863
 880.000000000000000  250.986287830255378
 890.000000000000000  212.908289103264281
 900.000000000000000  208.089999162588327
 910.000000000000000  173.835773786214276
 920.000000000000000  284.839501986770074
 930.000000000000000  208.749469809027659
 940.000000000000000  150.029681004295696
 950.000000000000000  276.772400469407216
 960.000000000000000  213.228144581446145
 970.000000000000000  156.578596538385227
 980.000000000000000  271.539499484060173
 990.000000000000000  257.045419178988652
1000.000000000000000  130.589406808504805
1010.000000000000000  224.796445471985578
1020.000000000000000  223.848772859450975
1030.000000000000000  255.977148461591412
1040.000000000000000  231.726802324766652
1050.000000000000000  188.394953054947791
1060.000000000000000  166.105128963432179
1070.000000000000000  300.689331108903559
1080.000000000000000  211.088361464248919
1090.000000000000000  171.626107984134904
1100.000000000000000  218.854537255405575
1110.000000000000000  256.935418516672939
1120.000000000000000  279.513670954212898
1130.000000000000000  103.847695032338692
1140.000000000000000  321.915078819054770
1150.000000000000000  185.170752286894725
1160.000000000000000  203.456289553128130
1170.000000000000000  231.037268546138790
1180.000000000000000  201.467191369745620
1190.000000000000000  222.491092311421141
1200.000000000000000  332.741511715219872
1210.000000000000000  173.838629196100698
1220.000000000000000  116.765609494345782
1230.000000000000000  377.271490473907875
1240.000000000000000  129.484774802344532
1250.000000000000000  209.775395860041556
1260.000000000000000  356.749520385673748
1270.000000000000000  134.429463335607863
1280.000000000000000  188.634477333240056
1290.000000000000000  344.141348040640480
1300.000000000000000  159.590341494749083
1310.000000000000000  237.668978166064392
1320.000000000000000  255.394091692592440
1330.000000000000000  152.227426363369347
1340.000000000000000  311.740667496876881
1350.000000000000000  201.095268255379580
1360.000000000000000  290.520788719256018
1370.000000000000000   72.283014325221956
1380.000000000000000  452.163546566599166
1390.000000000000000   46.345898195731628
1400.000000000000000  319.253949251919892
1410.000000000000000  175.647377857898590
1420.000000000000000  400.888679763950506
1430.000000000000000   31.422930712498449
1440.000000000000000  316.713333073996750
1450.000000000000000  277.655505039431205
1460.000000000000000  231.319955300592767
1470.000000000000000  173.568166887160345
1480.000000000000000  273.892282713283919
1490.000000000000000  238.332689214216060
1500.000000000000000  312.133004873158200
1510.000000000000000  188.532590121438346
1520.000000000000000  229.873716102211432
1530.000000000000000  188.896584819246158
1540.000000000000000  352.373380709117100
1550.000000000000000   99.708888691183233
1560.000000000000000  511.104777311075509
1570.000000000000000   43.573898171387398
1580.000000000000000  212.865835038876753
1590.000000000000000  292.590293855267930
1600.000000000000000  146.681830991068495
1610.000000000000000  461.917428173609153
1620.000000000000000  160.695282124694472
1630.000000000000000  275.974808934519160
1640.000000000000000  108.000078415790014
1650.000000000000000  433.384067275340726
1660.000000000000000   77.278670342066277
1670.000000000000000  369.450082890773899
1680.000000000000000  246.445286896994844
1690.000000000000000  196.356889982695975
1700.000000000000000  304.161230488234480
1710.000000000000000  306.610100960266436
1720.000000000000000  164.058599155215745
1730.000000000000000  313.522894367125559
1740.000000000000000  204.216266529593696
1750.000000000000000  339.973011871315293
1760.000000000000000  198.081862197935578
1770.000000000000000  296.049910061730088
1780.000000000000000  238.712193888438804
1790.000000000000000  256.483829903869832
1800.000000000000000  299.054341274026967
1810.000000000000000  209.766551041963368
1820.000000000000000  314.578580164934124
1830.000000000000000  257.476531077777111
1840.000000000000000  297.919231567079748
1850.000000000000000  218.366896949664664
1860.000000000000000  279.520174174258727
1870.000000000000000  327.478921406440691
1880.000000000000000  154.952078356213235
1890.000000000000000  400.542586899512344
1900.000000000000000  295.634840577102807
1910.000000000000000  330.319239559843083
1920.000000000000000  -58.895567024287928
1930.000000000000000  631.112214021105842
1940.000000000000000   59.168963925064055
1950.000000000000000  627.383571285714197
1960.000000000000000   10.046149006964175
1970.000000000000000   97.536768345682262
1980.000000000000000  560.965122929226027
1990.000000000000000  231.158630906769986
