   0.000000000000000    0.000000000000000
  10.000000000000000    0.000018617703831
  20.000000000000000    0.000151769520156
  30.000000000000000    0.000386059696467
  40.000000000000000    0.000639352056756
  50.000000000000000    0.000869595287386
  60.000000000000000    0.001064571842708
  70.000000000000000    0.001225722342786
  80.000000000000000    0.001359091906813
  90.000000000000000    0.001471050386052
 100.000000000000000    0.001566806331187
 110.000000000000000    0.001650137600398
 120.000000000000000    0.001723654856194
 130.000000000000000    0.001789172971368
 140.000000000000000    0.001847966636280
 150.000000000000000    0.001900949109930
 160.000000000000000    0.001948867038224
 170.000000000000000    0.001992291539663
 180.000000000000000    0.002031703435384
 190.000000000000000    0.002067532975427
 200.000000000000000    0.002100140864824
 210.000000000000000    0.002129872865337
 220.000000000000000    0.002157022509128
 230.000000000000000    0.002181845340681
 240.000000000000000    0.002204584359351
 250.000000000000000    0.002225442660128
 260.000000000000000    0.002244609677151
 270.000000000000000    0.002262264163443
 280.000000000000000    0.002278538342086
 290.000000000000000    0.002293587582475
 300.000000000000000    0.002307522608198
 310.000000000000000    0.002320436429500
 320.000000000000000    0.002332442346873
 330.000000000000000    0.002343617332611
 340.000000000000000    0.002354033461880
 350.000000000000000    0.002363776038412
 360.000000000000000    0.002372902862564
 370.000000000000000    0.002381442020220
 380.000000000000000    0.002389479982813
 390.000000000000000    0.002397032224503
 400.000000000000000    0.002404170617587
 410.000000000000000    0.002410900425330
 420.000000000000000    0.002417263566883
 430.000000000000000    0.002423290760702
 440.000000000000000    0.002429028279839
 450.000000000000000    0.002434478067519
 460.000000000000000    0.002439663806368
 470.000000000000000    0.002444611100175
 480.000000000000000    0.002449349751901
 490.000000000000000    0.002453861329374
 500.000000000000000    0.002458199664313
 510.000000000000000    0.002462358806932
 520.000000000000000    0.002466348641860
 530.000000000000000    0.002470209709646
 540.000000000000000    0.002473918000676
 550.000000000000000    0.002477500584669
 560.000000000000000    0.002480974122706
 570.000000000000000    0.002484337641904
 580.000000000000000    0.002487580587724
 590.000000000000000    0.002490741643881
 600.000000000000000    0.002493794075426
 610.000000000000000    0.002496789221918
 620.000000000000000    0.002499686475915
 630.000000000000000    0.002502534089231
 640.000000000000000    0.002505321877734
 650.000000000000000    0.002508039103550
 660.000000000000000    0.002510702970037
 670.000000000000000    0.002513296250551
 680.000000000000000    0.002515863851589
 690.000000000000000    0.002518375945329
 700.000000000000000    0.002520859275393
 710.000000000000000    0.002523277067132
 720.000000000000000    0.002525676380583
 730.000000000000000    0.002528051014465
 740.000000000000000    0.002530415593260
 750.000000000000000    0.002532711432484
 760.000000000000000    0.002535014947448
 770.000000000000000    0.002537274779083
 780.000000000000000    0.002539539160356
 790.000000000000000    0.002541777469509
 800.000000000000000    0.002543979760871
 810.000000000000000    0.002546197849704
 820.000000000000000    0.002548401831441
 830.000000000000000    0.002550588596322
 840.000000000000000    0.002552765837273
 850.000000000000000    0.002554922848475
 860.000000000000000    0.002557098991422
 870.000000000000000    0.002559263928425
 880.000000000000000    0.002561411643242
 890.000000000000000    0.002563575484388
 900.000000000000000    0.002565737130709
 910.000000000000000    0.002567913565794
 920.000000000000000    0.002570062857301
 930.000000000000000    0.002572241269188
 940.000000000000000    0.002574438804552
 950.000000000000000    0.002576597776878
 960.000000000000000    0.002578803142139
 970.000000000000000    0.002581010254964
 980.000000000000000    0.002583214006018
 990.000000000000000    0.002585439112742
1000.000000000000000    0.002587692265675
1010.000000000000000    0.002589931842345
1020.000000000000000    0.002592192970384
1030.000000000000000    0.002594461834043
1040.000000000000000    0.002596766270328
1050.000000000000000    0.002599093598654
1060.000000000000000    0.002601409344258
1070.000000000000000    0.002603773222494
1080.000000000000000    0.002606137937262
1090.000000000000000    0.002608538142394
1100.000000000000000    0.002610958971470
1110.000000000000000    0.002613403101648
1120.000000000000000    0.002615867388537
1130.000000000000000    0.002618364463116
1140.000000000000000    0.002620885822124
1150.000000000000000    0.002623414047026
1160.000000000000000    0.002625992550593
1170.000000000000000    0.002628591116169
1180.000000000000000    0.002631233882438
1190.000000000000000    0.002633910463191
1200.000000000000000    0.002636619896517
1210.000000000000000    0.002639337410366
1220.000000000000000    0.002642100410375
1230.000000000000000    0.002644931619045
1240.000000000000000    0.002647743523342
1250.000000000000000    0.002650637930961
1260.000000000000000    0.002653580069796
1270.000000000000000    0.002656488629885
1280.000000000000000    0.002659511670530
1290.000000000000000    0.002662568429097
1300.000000000000000    0.002665640967584
1310.000000000000000    0.002668794433095
1320.000000000000000    0.002671928362549
1330.000000000000000    0.002675140763200
1340.000000000000000    0.002678473268760
1350.000000000000000    0.002681753880995
1360.000000000000000    0.002685167850746
1370.000000000000000    0.002688516712888
1380.000000000000000    0.002692129468560
1390.000000000000000    0.002695558259059
1400.000000000000000    0.002699217405065
1410.000000000000000    0.002702856668236
1420.000000000000000    0.002706614913430
1430.000000000000000    0.002710264007545
1440.000000000000000    0.002714240360927
1450.000000000000000    0.002718170528928
1460.000000000000000    0.002722107581893
1470.000000000000000    0.002726071116905
1480.000000000000000    0.002730283797597
1490.000000000000000    0.002734452724044
1500.000000000000000    0.002738769223688
1510.000000000000000    0.002742965702504
1520.000000000000000    0.002747396807529
1530.000000000000000    0.002751839529766
1540.000000000000000    0.002756561007239
1550.000000000000000    0.002761105976146
1560.000000000000000    0.002766015159143
1570.000000000000000    0.002770370965915
1580.000000000000000    0.002775282067469
1590.000000000000000    0.002780520965096
1600.000000000000000    0.002785666359103
1610.000000000000000    0.002791358264352
1620.000000000000000    0.002796235962559
1630.000000000000000    0.002801511218738
1640.000000000000000    0.002806897631933
1650.000000000000000    0.002813029712870
1660.000000000000000    0.002818227113649
1670.000000000000000    0.002824632822999
1680.000000000000000    0.002830649463581
1690.000000000000000    0.002836640440282
1700.000000000000000    0.002843070569914
1710.000000000000000    0.002849364394767
1720.000000000000000    0.002855593531916
1730.000000000000000    0.002862092261581
1740.000000000000000    0.002868932818225
1750.000000000000000    0.002875835245271
1760.000000000000000    0.002882915797585
1770.000000000000000    0.002890213152891
1780.000000000000000    0.002897909553196
1790.000000000000000    0.002905515599612
1800.000000000000000    0.002912198597673
1810.000000000000000    0.002920585696736
1820.000000000000000    0.002928004918538
1830.000000000000000    0.002936699216488
1840.000000000000000    0.002944828718089
1850.000000000000000    0.002954018279567
1860.000000000000000    0.002962689441366
1870.000000000000000    0.002971471473895
1880.000000000000000    0.002981099228116
1890.000000000000000    0.002989226853580
1900.000000000000000    0.002999893052689
1910.000000000000000    0.003010099142926
1920.000000000000000    0.003021556783465
1930.000000000000000    0.003029476081819
1940.000000000000000    0.003041538030567
1950.000000000000000    0.003051714232698
1960.000000000000000    0.003064960508842
1970.000000000000000    0.003076297333082
1980.000000000000000    0.003086042605263
1990.000000000000000    0.003098599440557
