# Volume points
 161.65072    1.45394   1.42407   1.29356   1.08134   0.80807   0.48672   0.12595  -0.26815  -0.69106  -1.13933  -1.61022  -2.10154  -2.61147  -3.13848  -3.68128  -4.23875  -4.80994  -5.39398  -5.99014  -6.59775
 164.21655    1.25638   1.22577   1.09294   0.87779   0.60129   0.27656  -0.08769  -0.48531  -0.91179  -1.36365  -1.83815  -2.33309  -2.84666  -3.37731  -3.92376  -4.48490  -5.05975  -5.64747  -6.24730  -6.85858
 166.80940    1.08316   1.05186   0.91682   0.69887   0.41927   0.09130  -0.27627  -0.67727  -1.10716  -1.56244  -2.04040  -2.53880  -3.05583  -3.58995  -4.13989  -4.70450  -5.28284  -5.87405  -6.47737  -7.09215
 169.42939    0.93315   0.90101   0.76353   0.54253   0.25962  -0.07182  -0.44293  -0.84751  -1.28101  -1.73994  -2.22154  -2.72361  -3.24431  -3.78212  -4.33573  -4.90404  -5.48607  -6.08097  -6.68799  -7.30647
 172.07668    0.80519   0.77219   0.63223   0.40815   0.12187  -0.21306  -0.58775  -0.99596  -1.43312  -1.89572  -2.38102  -2.88678  -3.41120  -3.95272  -4.51006  -5.08209  -5.66785  -6.26649  -6.87725  -7.49946
 174.75140    0.69826   0.66426   0.52161   0.29422   0.00438  -0.33425  -0.71272  -1.12476  -1.56577  -2.03225  -2.52143  -3.03110  -3.55942  -4.10486  -4.66612  -5.24207  -5.83176  -6.43432  -7.04901  -7.67515
 177.45369    0.61149   0.57650   0.43118   0.20053  -0.09284  -0.43514  -0.81734  -1.23315  -1.67797  -2.14827  -2.64129  -3.15481  -3.68698  -4.23628  -4.80140  -5.38123  -5.97479  -6.58122  -7.19979  -7.82981
 180.18370    0.54362   0.50722   0.35864   0.12414  -0.17334  -0.51988  -0.90639  -1.32656  -1.77576  -2.25047  -2.74791  -3.26585  -3.80245  -4.35619  -4.92576  -5.51003  -6.10803  -6.71892  -7.34194  -7.97642
 182.94157    0.49411   0.45680   0.30560   0.06787  -0.23310  -0.58325  -0.97344  -1.39734  -1.85029  -2.32876  -2.82998  -3.35171  -3.89211  -4.44965  -5.02303  -5.61111  -6.21293  -6.82763  -7.45447  -8.09276
 185.72743    0.46168   0.42286   0.26824   0.02650  -0.27874  -0.63328  -1.02794  -1.45633  -1.91380  -2.39681  -2.90258  -3.42887  -3.97384  -4.53595  -5.11390  -5.70656  -6.31296  -6.93224  -7.56366  -8.20654
 188.54144    0.44590   0.40572   0.24786   0.00230  -0.30701  -0.66574  -1.06464  -1.49731  -1.95909  -2.44643  -2.95653  -3.48717  -4.03649  -4.60296  -5.18526  -5.78229  -6.39305  -7.01670  -7.65249  -8.29974
 191.38372    0.44583   0.40429   0.24320  -0.00618  -0.31954  -0.68243  -1.08556  -1.52250  -1.98857  -2.48021  -2.99464  -3.52960  -4.08325  -4.65406  -5.24071  -5.84208  -6.45719  -7.08519  -7.72533  -8.37694
 194.25443    0.46049   0.41745   0.25290  -0.00055  -0.31820  -0.68550  -1.09309  -1.53453  -2.00512  -2.50130  -3.02027  -3.55979  -4.11800  -4.69337  -5.28459  -5.89053  -6.51021  -7.14279  -7.78751  -8.44369
 197.15371    0.48940   0.44488   0.27687   0.01940  -0.30251  -0.67417  -1.08618  -1.53208  -2.00714  -2.50781  -3.03128  -3.57530  -4.13803  -4.71792  -5.31366  -5.92412  -6.54834  -7.18545  -7.83469  -8.49541
 200.08168    0.53163   0.48548   0.31382   0.05211  -0.27426  -0.65050  -1.06715  -1.51770  -1.99746  -2.50283  -3.03101  -3.57975  -4.14720  -4.73182  -5.33229  -5.94749  -6.57644  -7.21829  -7.87227  -8.53773
 203.03851    0.58671   0.53873   0.36315   0.09695  -0.23413  -0.61517  -1.03667  -1.49211  -1.97677  -2.48706  -3.02017  -3.57385  -4.14624  -4.73580  -5.34122  -5.96137  -6.59528  -7.24208  -7.90102  -8.57143
 206.02432    0.65393   0.60404   0.42446   0.15371  -0.18214  -0.56803  -0.99444  -1.45483  -1.94444  -2.45970  -2.99779  -3.55645  -4.13383  -4.72838  -5.33879  -5.96394  -6.60284  -7.25464  -7.91858  -8.59399
 209.03926    0.73253   0.68056   0.49671   0.22113  -0.11974  -0.51077  -0.94236  -1.40795  -1.90280  -2.42329  -2.96663  -3.53055  -4.11319  -4.71300  -5.32868  -5.95910  -6.60327  -7.26034  -7.92955  -8.61024
 212.08348    0.82205   0.76784   0.57954   0.29895  -0.04714  -0.44347  -0.88041  -1.35139  -1.85163  -2.37754  -2.92629  -3.49564  -4.08371  -4.68896  -5.31007  -5.94592  -6.59554  -7.25805  -7.93271  -8.61884
 215.15710    0.92174   0.86507   0.67197   0.38603   0.03437  -0.36762  -0.81026  -1.28697  -1.79296  -2.32463  -2.87916  -3.45427  -4.04813  -4.65916  -5.28607  -5.92771  -6.58311  -7.25142  -7.93187  -8.62380
 218.26028    1.03136   0.97195   0.77376   0.48216   0.12467  -0.28324  -0.73185  -1.21454  -1.72654  -2.26423  -2.82478  -3.40594  -4.00583  -4.62290  -5.25585  -5.90353  -6.56498  -7.23934  -7.92584  -8.62382

# Fitted data
 161.65072    1.45418   1.42446   1.29412   1.08204   0.80896   0.48775   0.12716  -0.26684  -0.68952  -1.13767  -1.60853  -2.09960  -2.60929  -3.13626  -3.67885  -4.23613  -4.80728  -5.39103  -5.98725  -6.59460
 161.93376    1.43101   1.40120   1.27060   1.05819   0.78475   0.46316   0.10218  -0.29221  -0.71529  -1.16384  -1.63510  -2.12658  -2.63668  -3.16405  -3.70705  -4.26474  -4.83629  -5.42046  -6.01707  -6.62485
 162.21681    1.40819   1.37828   1.24742   1.03468   0.76088   0.43891   0.07754  -0.31724  -0.74073  -1.18967  -1.66132  -2.15322  -2.66373  -3.19150  -3.73491  -4.29301  -4.86496  -5.44956  -6.04655  -6.65475
 162.49986    1.38570   1.35571   1.22458   1.01151   0.73735   0.41500   0.05324  -0.34193  -0.76582  -1.21517  -1.68721  -2.17952  -2.69044  -3.21860  -3.76243  -4.32094  -4.89329  -5.47830  -6.07569  -6.68430
 162.78291    1.36355   1.33346   1.20207   0.98868   0.71415   0.39142   0.02927  -0.36629  -0.79058  -1.24032  -1.71276  -2.20548  -2.71681  -3.24537  -3.78961  -4.34853  -4.92128  -5.50671  -6.10449  -6.71352
 163.06596    1.34173   1.31155   1.17989   0.96618   0.69128   0.36818   0.00564  -0.39031  -0.81501  -1.26515  -1.73798  -2.23110  -2.74285  -3.27181  -3.81645  -4.37579  -4.94893  -5.53478  -6.13296  -6.74240
 163.34900    1.32024   1.28996   1.15805   0.94400   0.66875   0.34526  -0.01767  -0.41400  -0.83911  -1.28964  -1.76286  -2.25640  -2.76856  -3.29791  -3.84296  -4.40271  -4.97625  -5.56252  -6.16109  -6.77094
 163.63205    1.29907   1.26871   1.13652   0.92215   0.64653   0.32268  -0.04064  -0.43737  -0.86288  -1.31380  -1.78742  -2.28137  -2.79394  -3.32369  -3.86915  -4.42930  -5.00324  -5.58993  -6.18889  -6.79916
 163.91510    1.27823   1.24777   1.11533   0.90063   0.62465   0.30041  -0.06330  -0.46041  -0.88632  -1.33765  -1.81166  -2.30601  -2.81899  -3.34914  -3.89501  -4.45557  -5.02991  -5.61702  -6.21636  -6.82705
 164.19815    1.25771   1.22716   1.09445   0.87942   0.60308   0.27846  -0.08563  -0.48314  -0.90944  -1.36117  -1.83557  -2.33033  -2.84372  -3.37426  -3.92054  -4.48152  -5.05625  -5.64378  -6.24351  -6.85461
 164.48119    1.23750   1.20686   1.07389   0.85853   0.58183   0.25684  -0.10765  -0.50554  -0.93225  -1.38437  -1.85916  -2.35434  -2.86813  -3.39907  -3.94576  -4.50714  -5.08227  -5.67021  -6.27034  -6.88186
 164.76424    1.21761   1.18688   1.05365   0.83796   0.56089   0.23553  -0.12935  -0.52763  -0.95474  -1.40726  -1.88244  -2.37802  -2.89223  -3.42357  -3.97066  -4.53245  -5.10798  -5.69634  -6.29686  -6.90878
 165.04729    1.19804   1.16721   1.03371   0.81770   0.54027   0.21453  -0.15074  -0.54941  -0.97692  -1.42983  -1.90541  -2.40140  -2.91601  -3.44775  -3.99525  -4.55744  -5.13337  -5.72214  -6.32306  -6.93540
 165.33034    1.17877   1.14786   1.01409   0.79775   0.51996   0.19383  -0.17181  -0.57088  -0.99879  -1.45209  -1.92807  -2.42446  -2.93948  -3.47162  -4.01952  -4.58213  -5.15846  -5.74764  -6.34895  -6.96170
 165.61339    1.15981   1.12880   0.99478   0.77810   0.49995   0.17345  -0.19259  -0.59204  -1.02035  -1.47405  -1.95042  -2.44722  -2.96265  -3.49518  -4.04349  -4.60650  -5.18323  -5.77283  -6.37453  -6.98769
 165.89643    1.14116   1.11006   0.97576   0.75876   0.48025   0.15337  -0.21305  -0.61289  -1.04160  -1.49570  -1.97247  -2.46967  -2.98551  -3.51843  -4.06716  -4.63057  -5.20770  -5.79771  -6.39981  -7.01338
 166.17948    1.12281   1.09161   0.95706   0.73972   0.46085   0.13359  -0.23322  -0.63345  -1.06256  -1.51705  -1.99421  -2.49182  -3.00806  -3.54139  -4.09052  -4.65434  -5.23187  -5.82229  -6.42478  -7.03876
 166.46253    1.10475   1.07347   0.93865   0.72098   0.44174   0.11411  -0.25309  -0.65371  -1.08321  -1.53811  -2.01566  -2.51368  -3.03032  -3.56405  -4.11358  -4.67781  -5.25573  -5.84657  -6.44946  -7.06385
 166.74558    1.08700   1.05562   0.92053   0.70254   0.42294   0.09493  -0.27266  -0.67367  -1.10357  -1.55886  -2.03681  -2.53523  -3.05228  -3.58641  -4.13635  -4.70098  -5.27930  -5.87055  -6.47383  -7.08863
 167.02862    1.06954   1.03807   0.90271   0.68439   0.40443   0.07604  -0.29193  -0.69333  -1.12364  -1.57932  -2.05767  -2.55649  -3.07395  -3.60847  -4.15882  -4.72386  -5.30258  -5.89424  -6.49792  -7.11313
 167.31167    1.05237   1.02081   0.88519   0.66654   0.38621   0.05744  -0.31092  -0.71271  -1.14341  -1.59949  -2.07823  -2.57747  -3.09533  -3.63025  -4.18100  -4.74645  -5.32557  -5.91764  -6.52171  -7.13733
 167.59472    1.03549   1.00384   0.86795   0.64897   0.36827   0.03913  -0.32962  -0.73180  -1.16290  -1.61938  -2.09851  -2.59815  -3.11641  -3.65173  -4.20289  -4.76874  -5.34827  -5.94074  -6.54522  -7.16125
 167.87777    1.01890   0.98715   0.85100   0.63168   0.35063   0.02111  -0.34803  -0.75060  -1.18210  -1.63897  -2.11850  -2.61855  -3.13722  -3.67293  -4.22450  -4.79076  -5.37068  -5.96357  -6.56844  -7.18488
 168.16082    1.00260   0.97076   0.83433   0.61469   0.33327   0.00337  -0.36616  -0.76912  -1.20102  -1.65829  -2.13821  -2.63866  -3.15774  -3.69385  -4.24582  -4.81249  -5.39281  -5.98611  -6.59138  -7.20822
 168.44386    0.98658   0.95464   0.81795   0.59797   0.31619  -0.01409  -0.38400  -0.78735  -1.21965  -1.67732  -2.15764  -2.65849  -3.17797  -3.71449  -4.26686  -4.83394  -5.41466  -6.00837  -6.61404  -7.23129
 168.72691    0.97083   0.93880   0.80185   0.58153   0.29939  -0.03127  -0.40157  -0.80531  -1.23801  -1.69607  -2.17679  -2.67805  -3.19793  -3.73485  -4.28763  -4.85511  -5.43623  -6.03035  -6.63642  -7.25408
 169.00996    0.95537   0.92324   0.78602   0.56537   0.28286  -0.04817  -0.41886  -0.82299  -1.25609  -1.71455  -2.19567  -2.69733  -3.21762  -3.75494  -4.30812  -4.87600  -5.45753  -6.05206  -6.65852  -7.27659
 169.29301    0.94018   0.90796   0.77047   0.54949   0.26661  -0.06480  -0.43588  -0.84040  -1.27390  -1.73276  -2.21427  -2.71633  -3.23703  -3.77475  -4.32834  -4.89663  -5.47855  -6.07349  -6.68036  -7.29884
 169.57606    0.92527   0.89295   0.75519   0.53388   0.25063  -0.08116  -0.45263  -0.85754  -1.29143  -1.75069  -2.23260  -2.73507  -3.25617  -3.79429  -4.34828  -4.91698  -5.49931  -6.09465  -6.70192  -7.32081
 169.85910    0.91062   0.87821   0.74018   0.51853   0.23493  -0.09724  -0.46910  -0.87441  -1.30870  -1.76836  -2.25067  -2.75354  -3.27504  -3.81356  -4.36796  -4.93706  -5.51980  -6.11555  -6.72322  -7.34251
 170.14215    0.89625   0.86374   0.72544   0.50346   0.21948  -0.11307  -0.48531  -0.89101  -1.32570  -1.78576  -2.26847  -2.77174  -3.29365  -3.83257  -4.38738  -4.95688  -5.54002  -6.13618  -6.74425  -7.36395
 170.42520    0.88214   0.84954   0.71096   0.48865   0.20431  -0.12862  -0.50126  -0.90735  -1.34244  -1.80290  -2.28600  -2.78968  -3.31199  -3.85132  -4.40653  -4.97644  -5.55998  -6.15655  -6.76502  -7.38513
 170.70825    0.86830   0.83560   0.69675   0.47410   0.18939  -0.14392  -0.51694  -0.92343  -1.35892  -1.81977  -2.30327  -2.80736  -3.33008  -3.86980  -4.42542  -4.99574  -5.57968  -6.17666  -6.78553  -7.40605
 170.99129    0.85472   0.82192   0.68280   0.45981   0.17474  -0.15895  -0.53236  -0.93925  -1.37513  -1.83639  -2.32029  -2.82478  -3.34790  -3.88803  -4.44405  -5.01478  -5.59912  -6.19651  -6.80579  -7.42672
 171.27434    0.84140   0.80850   0.66911   0.44579   0.16035  -0.17372  -0.54753  -0.95481  -1.39109  -1.85274  -2.33705  -2.84194  -3.36547  -3.90600  -4.46243  -5.03356  -5.61831  -6.21611  -6.82579  -7.44712
 171.55739    0.82834   0.79535   0.65568   0.43202   0.14621  -0.18824  -0.56244  -0.97011  -1.40679  -1.86885  -2.35355  -2.85885  -3.38278  -3.92372  -4.48056  -5.05209  -5.63725  -6.23545  -6.84554  -7.46728
 171.84044    0.81553   0.78244   0.64250   0.41850   0.13233  -0.20251  -0.57710  -0.98516  -1.42225  -1.88470  -2.36980  -2.87551  -3.39985  -3.94119  -4.49843  -5.07037  -5.65593  -6.25455  -6.86504  -7.48719
 172.12349    0.80298   0.76979   0.62957   0.40523   0.11869  -0.21653  -0.59150  -0.99996  -1.43745  -1.90030  -2.38581  -2.89191  -3.41666  -3.95840  -4.51605  -5.08840  -5.67437  -6.27339  -6.88429  -7.50685
 172.40653    0.79068   0.75739   0.61690   0.39222   0.10531  -0.23029  -0.60566  -1.01451  -1.45240  -1.91565  -2.40156  -2.90808  -3.43323  -3.97537  -4.53343  -5.10619  -5.69256  -6.29199  -6.90329  -7.52626
 172.68958    0.77863   0.74524   0.60447   0.37945   0.09217  -0.24381  -0.61957  -1.02882  -1.46710  -1.93076  -2.41707  -2.92399  -3.44955  -3.99210  -4.55056  -5.12373  -5.71051  -6.31035  -6.92205  -7.54543
 172.97263    0.76683   0.73334   0.59229   0.36693   0.07928  -0.25708  -0.63324  -1.04288  -1.48157  -1.94563  -2.43234  -2.93966  -3.46563  -4.00859  -4.56746  -5.14103  -5.72821  -6.32846  -6.94058  -7.56436
 173.25568    0.75527   0.72168   0.58036   0.35466   0.06664  -0.27011  -0.64666  -1.05670  -1.49579  -1.96025  -2.44737  -2.95510  -3.48146  -4.02483  -4.58411  -5.15809  -5.74568  -6.34634  -6.95886  -7.58306
 173.53873    0.74395   0.71026   0.56867   0.34262   0.05423  -0.28290  -0.65984  -1.07028  -1.50977  -1.97463  -2.46215  -2.97029  -3.49706  -4.04084  -4.60052  -5.17491  -5.76291  -6.36398  -6.97691  -7.60151
 173.82177    0.73288   0.69909   0.55721   0.33083   0.04207  -0.29545  -0.67278  -1.08362  -1.52351  -1.98878  -2.47671  -2.98525  -3.51243  -4.05661  -4.61670  -5.19149  -5.77991  -6.38138  -6.99472  -7.61974
 174.10482    0.72205   0.68816   0.54600   0.31927   0.03014  -0.30777  -0.68549  -1.09673  -1.53702  -2.00269  -2.49102  -2.99997  -3.52756  -4.07214  -4.63265  -5.20785  -5.79667  -6.39855  -7.01230  -7.63773
 174.38787    0.71145   0.67746   0.53502   0.30795   0.01845  -0.31985  -0.69797  -1.10960  -1.55029  -2.01637  -2.50510  -3.01446  -3.54245  -4.08745  -4.64836  -5.22397  -5.81320  -6.41550  -7.02966  -7.65549
 174.67092    0.70110   0.66700   0.52428   0.29687   0.00699  -0.33169  -0.71021  -1.12224  -1.56333  -2.02982  -2.51896  -3.02872  -3.55712  -4.10253  -4.66385  -5.23987  -5.82951  -6.43221  -7.04678  -7.67303
 174.95396    0.69097   0.65677   0.51377   0.28601  -0.00424  -0.34331  -0.72222  -1.13465  -1.57615  -2.04303  -2.53258  -3.04275  -3.57156  -4.11738  -4.67910  -5.25553  -5.84559  -6.44870  -7.06368  -7.69034
 175.23701    0.68108   0.64677   0.50349   0.27539  -0.01524  -0.35469  -0.73400  -1.14684  -1.58873  -2.05603  -2.54598  -3.05656  -3.58578  -4.13200  -4.69414  -5.27098  -5.86144  -6.46497  -7.08036  -7.70743
 175.52006    0.67141   0.63700   0.49344   0.26499  -0.02601  -0.36585  -0.74556  -1.15879  -1.60109  -2.06879  -2.55915  -3.07014  -3.59977  -4.14640  -4.70895  -5.28620  -5.87707  -6.48101  -7.09681  -7.72429
 175.80311    0.66198   0.62746   0.48362   0.25482  -0.03656  -0.37679  -0.75689  -1.17053  -1.61323  -2.08133  -2.57211  -3.08350  -3.61354  -4.16058  -4.72354  -5.30120  -5.89249  -6.49683  -7.11305  -7.74094
 176.08616    0.65277   0.61815   0.47402   0.24487  -0.04688  -0.38750  -0.76800  -1.18204  -1.62514  -2.09366  -2.58484  -3.09664  -3.62708  -4.17454  -4.73791  -5.31598  -5.90768  -6.51244  -7.12907  -7.75737
 176.36920    0.64379   0.60906   0.46464   0.23515  -0.05698  -0.39799  -0.77888  -1.19333  -1.63684  -2.10576  -2.59735  -3.10956  -3.64042  -4.18828  -4.75206  -5.33055  -5.92266  -6.52783  -7.14488  -7.77359
 176.65225    0.63503   0.60019   0.45549   0.22564  -0.06686  -0.40826  -0.78955  -1.20440  -1.64832  -2.11765  -2.60964  -3.12226  -3.65353  -4.20181  -4.76600  -5.34490  -5.93743  -6.54301  -7.16047  -7.78960
 176.93530    0.62649   0.59154   0.44655   0.21636  -0.07653  -0.41832  -0.80001  -1.21525  -1.65958  -2.12932  -2.62173  -3.13475  -3.66643  -4.21512  -4.77973  -5.35904  -5.95198  -6.55797  -7.17585  -7.80539
 177.21835    0.61816   0.58311   0.43783   0.20729  -0.08597  -0.42815  -0.81024  -1.22590  -1.67063  -2.14077  -2.63359  -3.14703  -3.67912  -4.22823  -4.79325  -5.37297  -5.96632  -6.57273  -7.19102  -7.82098
 177.50139    0.61006   0.57490   0.42933   0.19844  -0.09520  -0.43778  -0.82027  -1.23633  -1.68146  -2.15202  -2.64525  -3.15910  -3.69160  -4.24112  -4.80655  -5.38669  -5.98046  -6.58728  -7.20599  -7.83636
 177.78444    0.60217   0.56690   0.42105   0.18980  -0.10422  -0.44719  -0.83008  -1.24654  -1.69209  -2.16305  -2.65670  -3.17096  -3.70387  -4.25381  -4.81965  -5.40020  -5.99439  -6.60162  -7.22075  -7.85153
 178.06749    0.59450   0.55912   0.41297   0.18137  -0.11303  -0.45639  -0.83968  -1.25655  -1.70250  -2.17388  -2.66794  -3.18261  -3.71594  -4.26629  -4.83255  -5.41351  -6.00811  -6.61576  -7.23531  -7.86650
 178.35054    0.58703   0.55154   0.40510   0.17315  -0.12163  -0.46539  -0.84908  -1.26635  -1.71271  -2.18450  -2.67897  -3.19406  -3.72780  -4.27856  -4.84524  -5.42661  -6.02164  -6.62970  -7.24966  -7.88127
 178.63359    0.57978   0.54418   0.39745   0.16514  -0.13002  -0.47417  -0.85827  -1.27595  -1.72272  -2.19492  -2.68981  -3.20530  -3.73945  -4.29064  -4.85773  -5.43952  -6.03496  -6.64343  -7.26382  -7.89585
 178.91663    0.57274   0.53702   0.39000   0.15733  -0.13821  -0.48275  -0.86725  -1.28534  -1.73252  -2.20513  -2.70043  -3.21634  -3.75091  -4.30251  -4.87001  -5.45222  -6.04808  -6.65697  -7.27778  -7.91022
 179.19968    0.56590   0.53007   0.38276   0.14973  -0.14619  -0.49113  -0.87603  -1.29453  -1.74212  -2.21515  -2.71086  -3.22719  -3.76217  -4.31418  -4.88211  -5.46473  -6.06101  -6.67031  -7.29154  -7.92440
 179.48273    0.55927   0.52333   0.37572   0.14234  -0.15398  -0.49931  -0.88461  -1.30352  -1.75152  -2.22496  -2.72109  -3.23783  -3.77323  -4.32566  -4.89400  -5.47704  -6.07374  -6.68346  -7.30511  -7.93839
 179.76578    0.55284   0.51679   0.36888   0.13514  -0.16156  -0.50729  -0.89300  -1.31232  -1.76072  -2.23458  -2.73113  -3.24828  -3.78409  -4.33695  -4.90570  -5.48916  -6.08628  -6.69642  -7.31849  -7.95218
 180.04883    0.54661   0.51045   0.36224   0.12814  -0.16894  -0.51507  -0.90118  -1.32091  -1.76973  -2.24400  -2.74097  -3.25853  -3.79476  -4.34804  -4.91721  -5.50109  -6.09863  -6.70918  -7.33167  -7.96579
 180.33187    0.54059   0.50431   0.35580   0.12135  -0.17612  -0.52265  -0.90917  -1.32931  -1.77854  -2.25323  -2.75061  -3.26860  -3.80524  -4.35893  -4.92853  -5.51282  -6.11078  -6.72175  -7.34467  -7.97921
 180.61492    0.53476   0.49836   0.34956   0.11474  -0.18311  -0.53004  -0.91697  -1.33752  -1.78716  -2.26226  -2.76007  -3.27847  -3.81553  -4.36964  -4.93965  -5.52437  -6.12275  -6.73414  -7.35748  -7.99244
 180.89797    0.52913   0.49261   0.34351   0.10834  -0.18991  -0.53723  -0.92457  -1.34553  -1.79559  -2.27111  -2.76933  -3.28815  -3.82563  -4.38016  -4.95059  -5.53573  -6.13453  -6.74634  -7.37011  -8.00548
 181.18102    0.52369   0.48706   0.33766   0.10212  -0.19651  -0.54424  -0.93198  -1.35336  -1.80383  -2.27977  -2.77841  -3.29764  -3.83554  -4.39050  -4.96135  -5.54690  -6.14613  -6.75836  -7.38255  -8.01835
 181.46406    0.51845   0.48170   0.33200   0.09610  -0.20292  -0.55105  -0.93920  -1.36099  -1.81188  -2.28823  -2.78730  -3.30695  -3.84527  -4.40065  -4.97192  -5.55789  -6.15755  -6.77019  -7.39482  -8.03103
 181.74711    0.51340   0.47654   0.32653   0.09027  -0.20914  -0.55768  -0.94624  -1.36844  -1.81974  -2.29652  -2.79600  -3.31607  -3.85481  -4.41061  -4.98231  -5.56870  -6.16878  -6.78185  -7.40690  -8.04353
 182.03016    0.50855   0.47156   0.32125   0.08462  -0.21518  -0.56412  -0.95308  -1.37571  -1.82742  -2.30462  -2.80452  -3.32501  -3.86417  -4.42040  -4.99251  -5.57933  -6.17984  -6.79332  -7.41880  -8.05586
 182.31321    0.50388   0.46677   0.31616   0.07916  -0.22103  -0.57037  -0.95975  -1.38279  -1.83492  -2.31253  -2.81286  -3.33377  -3.87335  -4.43000  -5.00254  -5.58978  -6.19071  -6.80462  -7.43053  -8.06801
 182.59626    0.49940   0.46217   0.31125   0.07389  -0.22669  -0.57644  -0.96623  -1.38968  -1.84223  -2.32027  -2.82102  -3.34235  -3.88235  -4.43943  -5.01239  -5.60005  -6.20141  -6.81574  -7.44208  -8.07998
 182.87930    0.49510   0.45775   0.30653   0.06880  -0.23218  -0.58233  -0.97253  -1.39640  -1.84936  -2.32782  -2.82900  -3.35075  -3.89117  -4.44868  -5.02206  -5.61015  -6.21194  -6.82669  -7.45346  -8.09178
 183.16235    0.49099   0.45352   0.30199   0.06389  -0.23748  -0.58803  -0.97865  -1.40294  -1.85632  -2.33520  -2.83681  -3.35898  -3.89982  -4.45775  -5.03156  -5.62008  -6.22229  -6.83747  -7.46466  -8.10341
 183.44540    0.48707   0.44947   0.29763   0.05917  -0.24260  -0.59356  -0.98459  -1.40930  -1.86310  -2.34240  -2.84443  -3.36703  -3.90829  -4.46665  -5.04089  -5.62983  -6.23247  -6.84807  -7.47570  -8.11487
 183.72845    0.48332   0.44560   0.29346   0.05462  -0.24754  -0.59891  -0.99035  -1.41548  -1.86970  -2.34943  -2.85189  -3.37491  -3.91660  -4.47538  -5.05004  -5.63941  -6.24248  -6.85851  -7.48656  -8.12617
 184.01149    0.47976   0.44191   0.28946   0.05025  -0.25231  -0.60408  -0.99594  -1.42149  -1.87613  -2.35629  -2.85917  -3.38261  -3.92473  -4.48394  -5.05903  -5.64882  -6.25232  -6.86877  -7.49726  -8.13729
 184.29454    0.47637   0.43840   0.28563   0.04605  -0.25690  -0.60908  -1.00136  -1.42733  -1.88239  -2.36297  -2.86628  -3.39015  -3.93269  -4.49233  -5.06785  -5.65806  -6.26200  -6.87887  -7.50780  -8.14826
 184.57759    0.47316   0.43507   0.28199   0.04204  -0.26131  -0.61391  -1.00660  -1.43299  -1.88848  -2.36948  -2.87322  -3.39751  -3.94048  -4.50055  -5.07650  -5.66714  -6.27151  -6.88881  -7.51817  -8.15905
 184.86064    0.47013   0.43191   0.27852   0.03819  -0.26556  -0.61857  -1.01167  -1.43849  -1.89439  -2.37582  -2.87999  -3.40471  -3.94810  -4.50861  -5.08498  -5.67606  -6.28085  -6.89858  -7.52838  -8.16969
 185.14369    0.46728   0.42892   0.27522   0.03452  -0.26963  -0.62305  -1.01657  -1.44381  -1.90014  -2.38200  -2.88660  -3.41174  -3.95556  -4.51650  -5.09330  -5.68481  -6.29004  -6.90820  -7.53842  -8.18017
 185.42673    0.46459   0.42611   0.27209   0.03101  -0.27353  -0.62737  -1.02131  -1.44897  -1.90572  -2.38801  -2.89304  -3.41861  -3.96286  -4.52423  -5.10146  -5.69339  -6.29906  -6.91765  -7.54831  -8.19048
 185.70978    0.46208   0.42347   0.26913   0.02768  -0.27727  -0.63151  -1.02588  -1.45396  -1.91114  -2.39386  -2.89931  -3.42532  -3.96999  -4.53180  -5.10946  -5.70182  -6.30792  -6.92694  -7.55804  -8.20064
 185.99283    0.45974   0.42100   0.26634   0.02451  -0.28084  -0.63550  -1.03028  -1.45879  -1.91639  -2.39954  -2.90543  -3.43186  -3.97697  -4.53921  -5.11730  -5.71009  -6.31663  -6.93607  -7.56761  -8.21065
 186.27588    0.45756   0.41870   0.26372   0.02151  -0.28424  -0.63931  -1.03452  -1.46346  -1.92148  -2.40506  -2.91138  -3.43824  -3.98378  -4.54645  -5.12498  -5.71821  -6.32518  -6.94505  -7.57703  -8.22050
 186.55893    0.45556   0.41656   0.26127   0.01868  -0.28748  -0.64297  -1.03859  -1.46796  -1.92641  -2.41042  -2.91718  -3.44447  -3.99044  -4.55354  -5.13250  -5.72616  -6.33357  -6.95388  -7.58629  -8.23019
 186.84197    0.45372   0.41459   0.25898   0.01601  -0.29055  -0.64646  -1.04251  -1.47230  -1.93118  -2.41562  -2.92281  -3.45053  -3.99693  -4.56048  -5.13987  -5.73396  -6.34181  -6.96255  -7.59541  -8.23974
 187.12502    0.45205   0.41278   0.25685   0.01350  -0.29347  -0.64979  -1.04626  -1.47648  -1.93579  -2.42067  -2.92829  -3.45644  -4.00328  -4.56726  -5.14708  -5.74161  -6.34990  -6.97107  -7.60437  -8.24913
 187.40807    0.45054   0.41114   0.25488   0.01115  -0.29622  -0.65296  -1.04986  -1.48051  -1.94025  -2.42555  -2.93362  -3.46220  -4.00947  -4.57389  -5.15415  -5.74911  -6.35783  -6.97944  -7.61318  -8.25838
 187.69112    0.44919   0.40965   0.25308   0.00896  -0.29882  -0.65598  -1.05330  -1.48438  -1.94455  -2.43029  -2.93879  -3.46780  -4.01550  -4.58036  -5.16106  -5.75646  -6.36562  -6.98766  -7.62184  -8.26748
 187.97416    0.44800   0.40833   0.25143   0.00693  -0.30126  -0.65883  -1.05658  -1.48809  -1.94869  -2.43487  -2.94380  -3.47325  -4.02139  -4.58669  -5.16782  -5.76365  -6.37326  -6.99573  -7.63035  -8.27643
 188.25721    0.44698   0.40717   0.24994   0.00506  -0.30354  -0.66154  -1.05971  -1.49165  -1.95268  -2.43929  -2.94867  -3.47856  -4.02713  -4.59286  -5.17443  -5.77070  -6.38075  -7.00366  -7.63873  -8.28524
 188.54026    0.44611   0.40617   0.24861   0.00334  -0.30567  -0.66408  -1.06268  -1.49506  -1.95652  -2.44357  -2.95338  -3.48371  -4.03271  -4.59889  -5.18090  -5.77761  -6.38809  -7.01144  -7.64695  -8.29390
 188.82331    0.44540   0.40532   0.24743   0.00178  -0.30764  -0.66648  -1.06551  -1.49832  -1.96021  -2.44770  -2.95795  -3.48871  -4.03815  -4.60477  -5.18722  -5.78437  -6.39530  -7.01908  -7.65503  -8.30242
 189.10636    0.44485   0.40462   0.24641   0.00037  -0.30946  -0.66872  -1.06818  -1.50143  -1.96376  -2.45168  -2.96237  -3.49356  -4.04345  -4.61051  -5.19339  -5.79098  -6.40235  -7.02658  -7.66298  -8.31080
 189.38940    0.44445   0.40408   0.24554  -0.00089  -0.31113  -0.67082  -1.07070  -1.50438  -1.96715  -2.45551  -2.96664  -3.49828  -4.04860  -4.61610  -5.19942  -5.79746  -6.40927  -7.03393  -7.67078  -8.31905
 189.67245    0.44420   0.40370   0.24483  -0.00200  -0.31265  -0.67276  -1.07308  -1.50719  -1.97039  -2.45919  -2.97077  -3.50284  -4.05360  -4.62155  -5.20531  -5.80379  -6.41605  -7.04115  -7.67844  -8.32715
 189.95550    0.44411   0.40346   0.24426  -0.00295  -0.31402  -0.67456  -1.07531  -1.50986  -1.97350  -2.46274  -2.97475  -3.50726  -4.05847  -4.62686  -5.21106  -5.80998  -6.42268  -7.04822  -7.68597  -8.33512
 190.23855    0.44416   0.40338   0.24384  -0.00376  -0.31525  -0.67621  -1.07739  -1.51238  -1.97645  -2.46613  -2.97859  -3.51155  -4.06319  -4.63202  -5.21667  -5.81603  -6.42918  -7.05516  -7.69336  -8.34295
 190.52160    0.44437   0.40344   0.24357  -0.00443  -0.31632  -0.67772  -1.07933  -1.51476  -1.97927  -2.46939  -2.98229  -3.51569  -4.06777  -4.63705  -5.22215  -5.82195  -6.43554  -7.06197  -7.70061  -8.35065
 190.80464    0.44473   0.40365   0.24345  -0.00494  -0.31726  -0.67908  -1.08112  -1.51699  -1.98194  -2.47250  -2.98585  -3.51969  -4.07222  -4.64194  -5.22748  -5.82773  -6.44177  -7.06864  -7.70773  -8.35821
 191.08769    0.44523   0.40401   0.24347  -0.00531  -0.31805  -0.68030  -1.08278  -1.51908  -1.98447  -2.47548  -2.98928  -3.52355  -4.07652  -4.64670  -5.23268  -5.83337  -6.44786  -7.07518  -7.71472  -8.36564
 191.37074    0.44588   0.40452   0.24364  -0.00554  -0.31869  -0.68137  -1.08429  -1.52103  -1.98686  -2.47832  -2.99256  -3.52728  -4.08069  -4.65132  -5.23775  -5.83888  -6.45382  -7.08158  -7.72157  -8.37294
 191.65379    0.44668   0.40517   0.24395  -0.00563  -0.31920  -0.68231  -1.08566  -1.52285  -1.98912  -2.48102  -2.99571  -3.53087  -4.08473  -4.65580  -5.24268  -5.84426  -6.45965  -7.08785  -7.72830  -8.38011
 191.93683    0.44762   0.40596   0.24440  -0.00557  -0.31956  -0.68310  -1.08690  -1.52452  -1.99124  -2.48358  -2.99872  -3.53433  -4.08863  -4.66015  -5.24748  -5.84951  -6.46535  -7.09400  -7.73489  -8.38716
 192.21988    0.44870   0.40689   0.24500  -0.00538  -0.31979  -0.68376  -1.08799  -1.52606  -1.99322  -2.48601  -3.00159  -3.53765  -4.09240  -4.66437  -5.25214  -5.85462  -6.47092  -7.10001  -7.74136  -8.39408
 192.50293    0.44992   0.40797   0.24573  -0.00504  -0.31988  -0.68428  -1.08895  -1.52747  -1.99507  -2.48830  -3.00434  -3.54084  -4.09604  -4.66846  -5.25668  -5.85961  -6.47636  -7.10590  -7.74770  -8.40087
 192.78598    0.45129   0.40918   0.24660  -0.00457  -0.31983  -0.68467  -1.08978  -1.52874  -1.99678  -2.49047  -3.00695  -3.54390  -4.09955  -4.67242  -5.26109  -5.86447  -6.48167  -7.11166  -7.75392  -8.40753
 193.06903    0.45279   0.41054   0.24761  -0.00396  -0.31964  -0.68492  -1.09047  -1.52987  -1.99836  -2.49250  -3.00943  -3.54683  -4.10293  -4.67626  -5.26538  -5.86920  -6.48686  -7.11730  -7.76001  -8.41408
 193.35207    0.45444   0.41203   0.24876  -0.00322  -0.31932  -0.68504  -1.09103  -1.53088  -1.99981  -2.49440  -3.01178  -3.54963  -4.10618  -4.67996  -5.26953  -5.87381  -6.49192  -7.12281  -7.76598  -8.42050
 193.63512    0.45622   0.41366   0.25004  -0.00234  -0.31887  -0.68502  -1.09145  -1.53175  -2.00113  -2.49617  -3.01401  -3.55231  -4.10930  -4.68354  -5.27356  -5.87830  -6.49686  -7.12820  -7.77183  -8.42679
 193.91817    0.45813   0.41542   0.25146  -0.00133  -0.31829  -0.68487  -1.09175  -1.53249  -2.00233  -2.49781  -3.01610  -3.55485  -4.11230  -4.68699  -5.27747  -5.88266  -6.50167  -7.13347  -7.77755  -8.43297
 194.20122    0.46018   0.41732   0.25301  -0.00018  -0.31757  -0.68459  -1.09192  -1.53311  -2.00339  -2.49933  -3.01807  -3.55728  -4.11518  -4.69032  -5.28125  -5.88689  -6.50637  -7.13862  -7.78316  -8.43903
 194.48426    0.46237   0.41935   0.25469   0.00109  -0.31672  -0.68419  -1.09195  -1.53360  -2.00433  -2.50072  -3.01992  -3.55957  -4.11793  -4.69353  -5.28492  -5.89101  -6.51094  -7.14364  -7.78865  -8.44498
 194.76731    0.46469   0.42151   0.25650   0.00250  -0.31575  -0.68365  -1.09186  -1.53396  -2.00514  -2.50198  -3.02164  -3.56175  -4.12056  -4.69662  -5.28846  -5.89501  -6.51540  -7.14855  -7.79401  -8.45080
 195.05036    0.46714   0.42381   0.25845   0.00403  -0.31464  -0.68299  -1.09165  -1.53419  -2.00582  -2.50312  -3.02324  -3.56380  -4.12306  -4.69958  -5.29188  -5.89889  -6.51973  -7.15335  -7.79927  -8.45651
 195.33341    0.46972   0.42623   0.26052   0.00570  -0.31341  -0.68220  -1.09131  -1.53430  -2.00639  -2.50414  -3.02471  -3.56573  -4.12545  -4.70243  -5.29518  -5.90265  -6.52395  -7.15802  -7.80440  -8.46210
 195.61646    0.47243   0.42878   0.26272   0.00749  -0.31206  -0.68129  -1.09084  -1.53429  -2.00683  -2.50504  -3.02607  -3.56754  -4.12772  -4.70515  -5.29836  -5.90629  -6.52806  -7.16258  -7.80943  -8.46758
 195.89950    0.47527   0.43146   0.26504   0.00940  -0.31057  -0.68025  -1.09025  -1.53415  -2.00715  -2.50581  -3.02730  -3.56923  -4.12987  -4.70776  -5.30143  -5.90982  -6.53205  -7.16703  -7.81434  -8.47295
 196.18255    0.47824   0.43427   0.26750   0.01144  -0.30897  -0.67909  -1.08954  -1.53390  -2.00735  -2.50647  -3.02841  -3.57080  -4.13190  -4.71026  -5.30439  -5.91323  -6.53592  -7.17136  -7.81913  -8.47821
 196.46560    0.48133   0.43721   0.27007   0.01361  -0.30724  -0.67781  -1.08871  -1.53352  -2.00742  -2.50700  -3.02941  -3.57226  -4.13382  -4.71263  -5.30722  -5.91653  -6.53968  -7.17559  -7.82382  -8.48336
 196.74865    0.48456   0.44026   0.27278   0.01589  -0.30539  -0.67640  -1.08776  -1.53302  -2.00738  -2.50742  -3.03029  -3.57360  -4.13562  -4.71490  -5.30995  -5.91971  -6.54333  -7.17970  -7.82839  -8.48839
 197.03170    0.48790   0.44345   0.27560   0.01830  -0.30342  -0.67488  -1.08669  -1.53241  -2.00723  -2.50773  -3.03106  -3.57483  -4.13730  -4.71705  -5.31256  -5.92279  -6.54687  -7.18370  -7.83286  -8.49332
 197.31474    0.49137   0.44675   0.27855   0.02083  -0.30133  -0.67323  -1.08550  -1.53168  -2.00695  -2.50791  -3.03171  -3.57594  -4.13888  -4.71908  -5.31506  -5.92575  -6.55030  -7.18759  -7.83722  -8.49814
 197.59779    0.49496   0.45018   0.28161   0.02348  -0.29912  -0.67147  -1.08419  -1.53083  -2.00657  -2.50799  -3.03224  -3.57694  -4.14034  -4.72101  -5.31745  -5.92861  -6.55362  -7.19137  -7.84147  -8.50286
 197.88084    0.49868   0.45373   0.28480   0.02625  -0.29679  -0.66959  -1.08277  -1.52986  -2.00606  -2.50795  -3.03267  -3.57782  -4.14169  -4.72283  -5.31973  -5.93135  -6.55683  -7.19505  -7.84561  -8.50747
 198.16389    0.50251   0.45740   0.28810   0.02913  -0.29434  -0.66760  -1.08123  -1.52879  -2.00545  -2.50779  -3.03298  -3.57860  -4.14293  -4.72453  -5.32190  -5.93399  -6.55993  -7.19862  -7.84965  -8.51197
 198.44693    0.50647   0.46119   0.29153   0.03214  -0.29178  -0.66549  -1.07958  -1.52759  -2.00472  -2.50753  -3.03318  -3.57926  -4.14406  -4.72613  -5.32397  -5.93652  -6.56293  -7.20208  -7.85358  -8.51637
 198.72998    0.51054   0.46509   0.29507   0.03526  -0.28910  -0.66327  -1.07781  -1.52629  -2.00387  -2.50715  -3.03327  -3.57982  -4.14508  -4.72762  -5.32593  -5.93895  -6.56583  -7.20545  -7.85741  -8.52067
 199.01303    0.51473   0.46912   0.29873   0.03849  -0.28631  -0.66093  -1.07593  -1.52487  -2.00292  -2.50666  -3.03325  -3.58027  -4.14600  -4.72900  -5.32778  -5.94127  -6.56862  -7.20870  -7.86114  -8.52487
 199.29608    0.51904   0.47326   0.30250   0.04184  -0.28341  -0.65848  -1.07394  -1.52335  -2.00186  -2.50607  -3.03312  -3.58061  -4.14681  -4.73028  -5.32952  -5.94348  -6.57130  -7.21186  -7.86477  -8.52896
 199.57913    0.52347   0.47751   0.30638   0.04530  -0.28039  -0.65592  -1.07184  -1.52171  -2.00069  -2.50537  -3.03289  -3.58084  -4.14751  -4.73146  -5.33117  -5.94560  -6.57389  -7.21491  -7.86829  -8.53296
 199.86217    0.52801   0.48188   0.31038   0.04888  -0.27727  -0.65325  -1.06963  -1.51997  -1.99941  -2.50456  -3.03255  -3.58097  -4.14811  -4.73252  -5.33271  -5.94761  -6.57637  -7.21787  -7.87172  -8.53686
 200.14522    0.53266   0.48636   0.31449   0.05256  -0.27403  -0.65047  -1.06731  -1.51811  -1.99803  -2.50364  -3.03210  -3.58099  -4.14860  -4.73349  -5.33415  -5.94952  -6.57875  -7.22072  -7.87505  -8.54066
 200.42827    0.53743   0.49096   0.31872   0.05636  -0.27068  -0.64758  -1.06489  -1.51616  -1.99654  -2.50262  -3.03155  -3.58091  -4.14900  -4.73436  -5.33548  -5.95133  -6.58104  -7.22348  -7.87828  -8.54436
 200.71132    0.54231   0.49566   0.32305   0.06026  -0.26722  -0.64458  -1.06235  -1.51409  -1.99494  -2.50149  -3.03089  -3.58073  -4.14929  -4.73512  -5.33672  -5.95304  -6.58322  -7.22614  -7.88141  -8.54797
 200.99436    0.54730   0.50048   0.32749   0.06428  -0.26366  -0.64148  -1.05972  -1.51192  -1.99324  -2.50026  -3.03014  -3.58045  -4.14948  -4.73578  -5.33786  -5.95465  -6.58531  -7.22870  -7.88445  -8.55148
 201.27741    0.55241   0.50541   0.33205   0.06840  -0.25999  -0.63827  -1.05697  -1.50964  -1.99144  -2.49893  -3.02928  -3.58006  -4.14957  -4.73635  -5.33890  -5.95617  -6.58730  -7.23116  -7.88739  -8.55489
 201.56046    0.55762   0.51045   0.33671   0.07263  -0.25621  -0.63495  -1.05412  -1.50726  -1.98953  -2.49750  -3.02832  -3.57958  -4.14956  -4.73681  -5.33984  -5.95759  -6.58919  -7.23353  -7.89023  -8.55822
 201.84351    0.56294   0.51559   0.34147   0.07697  -0.25233  -0.63153  -1.05117  -1.50478  -1.98752  -2.49596  -3.02726  -3.57899  -4.14945  -4.73718  -5.34068  -5.95891  -6.59099  -7.23581  -7.89299  -8.56145
 202.12656    0.56837   0.52084   0.34635   0.08141  -0.24834  -0.62801  -1.04812  -1.50220  -1.98541  -2.49433  -3.02610  -3.57831  -4.14924  -4.73745  -5.34143  -5.96014  -6.59269  -7.23799  -7.89565  -8.56459
 202.40960    0.57391   0.52620   0.35133   0.08595  -0.24425  -0.62438  -1.04496  -1.49952  -1.98320  -2.49259  -3.02484  -3.57753  -4.14894  -4.73763  -5.34209  -5.96127  -6.59431  -7.24008  -7.89822  -8.56763
 202.69265    0.57956   0.53167   0.35641   0.09060  -0.24006  -0.62065  -1.04170  -1.49673  -1.98089  -2.49076  -3.02349  -3.57666  -4.14854  -4.73771  -5.34265  -5.96231  -6.59582  -7.24208  -7.90069  -8.57059
 202.97570    0.58531   0.53723   0.36160   0.09535  -0.23577  -0.61683  -1.03835  -1.49385  -1.97849  -2.48883  -3.02204  -3.57568  -4.14805  -4.73770  -5.34311  -5.96326  -6.59725  -7.24399  -7.90308  -8.57346
 203.25875    0.59116   0.54291   0.36689   0.10020  -0.23137  -0.61290  -1.03489  -1.49087  -1.97598  -2.48681  -3.02049  -3.57462  -4.14746  -4.73759  -5.34349  -5.96411  -6.59859  -7.24581  -7.90538  -8.57624
 203.54180    0.59712   0.54868   0.37228   0.10516  -0.22687  -0.60887  -1.03134  -1.48779  -1.97338  -2.48468  -3.01885  -3.57345  -4.14678  -4.73739  -5.34377  -5.96488  -6.59983  -7.24754  -7.90759  -8.57894
 203.82484    0.60318   0.55456   0.37777   0.11021  -0.22228  -0.60475  -1.02768  -1.48461  -1.97069  -2.48247  -3.01711  -3.57220  -4.14601  -4.73710  -5.34396  -5.96555  -6.60099  -7.24918  -7.90971  -8.58154
 204.10789    0.60934   0.56054   0.38336   0.11536  -0.21759  -0.60052  -1.02394  -1.48134  -1.96790  -2.48016  -3.01528  -3.57085  -4.14515  -4.73672  -5.34407  -5.96614  -6.60206  -7.25073  -7.91175  -8.58406
 204.39094    0.61561   0.56662   0.38906   0.12062  -0.21280  -0.59620  -1.02009  -1.47798  -1.96501  -2.47775  -3.01336  -3.56941  -4.14419  -4.73625  -5.34408  -5.96664  -6.60304  -7.25220  -7.91370  -8.58650
 204.67399    0.62198   0.57280   0.39485   0.12597  -0.20791  -0.59179  -1.01615  -1.47452  -1.96203  -2.47526  -3.01134  -3.56788  -4.14315  -4.73569  -5.34400  -5.96705  -6.60393  -7.25358  -7.91556  -8.58885
 204.95703    0.62844   0.57908   0.40074   0.13141  -0.20293  -0.58728  -1.01212  -1.47096  -1.95896  -2.47267  -3.00923  -3.56626  -4.14202  -4.73504  -5.34384  -5.96737  -6.60474  -7.25488  -7.91734  -8.59112
 205.24008    0.63501   0.58546   0.40673   0.13696  -0.19785  -0.58267  -1.00799  -1.46732  -1.95580  -2.46999  -3.00704  -3.56455  -4.14079  -4.73430  -5.34359  -5.96761  -6.60547  -7.25609  -7.91904  -8.59330
 205.52313    0.64167   0.59193   0.41281   0.14259  -0.19267  -0.57797  -1.00377  -1.46358  -1.95255  -2.46722  -3.00475  -3.56276  -4.13948  -4.73348  -5.34325  -5.96776  -6.60610  -7.25722  -7.92065  -8.59540
 205.80618    0.64843   0.59850   0.41899   0.14833  -0.18741  -0.57318  -0.99946  -1.45975  -1.94920  -2.46436  -3.00238  -3.56087  -4.13809  -4.73257  -5.34283  -5.96783  -6.60666  -7.25826  -7.92218  -8.59742
 206.08923    0.65529   0.60517   0.42526   0.15415  -0.18205  -0.56830  -0.99506  -1.45583  -1.94577  -2.46141  -2.99992  -3.55890  -4.13660  -4.73157  -5.34232  -5.96781  -6.60713  -7.25922  -7.92363  -8.59936
 206.37227    0.66224   0.61193   0.43163   0.16007  -0.17659  -0.56332  -0.99056  -1.45182  -1.94225  -2.45837  -2.99737  -3.55684  -4.13503  -4.73049  -5.34173  -5.96771  -6.60752  -7.26011  -7.92500  -8.60122
 206.65532    0.66929   0.61879   0.43809   0.16609  -0.17105  -0.55826  -0.98598  -1.44772  -1.93863  -2.45525  -2.99473  -3.55469  -4.13338  -4.72932  -5.34106  -5.96753  -6.60783  -7.26091  -7.92629  -8.60301
 206.93837    0.67643   0.62574   0.44464   0.17219  -0.16542  -0.55310  -0.98131  -1.44353  -1.93494  -2.45204  -2.99201  -3.55246  -4.13164  -4.72808  -5.34031  -5.96727  -6.60805  -7.26163  -7.92750  -8.60471
 207.22142    0.68367   0.63278   0.45129   0.17838  -0.15969  -0.54786  -0.97655  -1.43926  -1.93115  -2.44875  -2.98920  -3.55015  -4.12982  -4.72675  -5.33947  -5.96692  -6.60820  -7.26227  -7.92863  -8.60634
 207.50447    0.69100   0.63992   0.45802   0.18467  -0.15388  -0.54252  -0.97170  -1.43490  -1.92728  -2.44537  -2.98631  -3.54775  -4.12792  -4.72534  -5.33855  -5.96650  -6.60827  -7.26284  -7.92968  -8.60789
 207.78751    0.69842   0.64714   0.46485   0.19104  -0.14798  -0.53710  -0.96677  -1.43045  -1.92333  -2.44190  -2.98334  -3.54527  -4.12594  -4.72384  -5.33755  -5.96600  -6.60826  -7.26332  -7.93066  -8.60936
 208.07056    0.70594   0.65446   0.47176   0.19751  -0.14199  -0.53159  -0.96175  -1.42592  -1.91929  -2.43835  -2.98028  -3.54271  -4.12387  -4.72227  -5.33648  -5.96542  -6.60817  -7.26373  -7.93156  -8.61076
 208.35361    0.71354   0.66187   0.47877   0.20406  -0.13591  -0.52600  -0.95664  -1.42130  -1.91517  -2.43472  -2.97714  -3.54007  -4.12173  -4.72062  -5.33532  -5.96476  -6.60800  -7.26407  -7.93239  -8.61208
 208.63666    0.72124   0.66936   0.48586   0.21069  -0.12975  -0.52032  -0.95145  -1.41660  -1.91096  -2.43101  -2.97392  -3.53735  -4.11950  -4.71889  -5.33409  -5.96402  -6.60776  -7.26432  -7.93314  -8.61333
 208.91970    0.72902   0.67695   0.49304   0.21742  -0.12350  -0.51456  -0.94618  -1.41182  -1.90667  -2.42721  -2.97062  -3.53454  -4.11720  -4.71708  -5.33277  -5.96321  -6.60744  -7.26451  -7.93381  -8.61451
 209.20275    0.73689   0.68462   0.50031   0.22423  -0.11717  -0.50871  -0.94082  -1.40695  -1.90230  -2.42334  -2.96724  -3.53166  -4.11481  -4.71519  -5.33139  -5.96232  -6.60705  -7.26462  -7.93441  -8.61561
 209.48580    0.74485   0.69238   0.50766   0.23112  -0.11075  -0.50278  -0.93538  -1.40200  -1.89785  -2.41939  -2.96378  -3.52870  -4.11236  -4.71323  -5.32992  -5.96136  -6.60658  -7.26465  -7.93494  -8.61664
 209.76885    0.75290   0.70023   0.51510   0.23810  -0.10425  -0.49677  -0.92986  -1.39698  -1.89332  -2.41535  -2.96024  -3.52566  -4.10982  -4.71119  -5.32838  -5.96032  -6.60604  -7.26461  -7.93540  -8.61760
 210.05190    0.76103   0.70816   0.52262   0.24517  -0.09767  -0.49067  -0.92426  -1.39187  -1.88872  -2.41124  -2.95662  -3.52255  -4.10721  -4.70907  -5.32677  -5.95921  -6.60543  -7.26450  -7.93579  -8.61849
 210.33494    0.76925   0.71618   0.53023   0.25231  -0.09100  -0.48450  -0.91857  -1.38668  -1.88403  -2.40705  -2.95293  -3.51936  -4.10452  -4.70688  -5.32508  -5.95802  -6.60474  -7.26432  -7.93610  -8.61931
 210.61799    0.77756   0.72428   0.53792   0.25954  -0.08425  -0.47824  -0.91281  -1.38141  -1.87926  -2.40278  -2.94916  -3.51609  -4.10175  -4.70462  -5.32332  -5.95677  -6.60398  -7.26407  -7.93635  -8.62006
 210.90104    0.78595   0.73246   0.54569   0.26685  -0.07743  -0.47190  -0.90697  -1.37607  -1.87442  -2.39843  -2.94531  -3.51275  -4.09892  -4.70228  -5.32149  -5.95544  -6.60315  -7.26375  -7.93652  -8.62074
 211.18409    0.79442   0.74073   0.55355   0.27424  -0.07052  -0.46549  -0.90105  -1.37064  -1.86950  -2.39401  -2.94139  -3.50933  -4.09601  -4.69987  -5.31958  -5.95404  -6.60225  -7.26336  -7.93663  -8.62135
 211.46713    0.80298   0.74908   0.56149   0.28171  -0.06353  -0.45899  -0.89505  -1.36514  -1.86450  -2.38952  -2.93739  -3.50584  -4.09302  -4.69739  -5.31761  -5.95257  -6.60129  -7.26290  -7.93667  -8.62190
 211.75018    0.81162   0.75751   0.56950   0.28927  -0.05647  -0.45242  -0.88898  -1.35957  -1.85943  -2.38495  -2.93332  -3.50228  -4.08997  -4.69483  -5.31556  -5.95103  -6.60025  -7.26237  -7.93664  -8.62238
 212.03323    0.82034   0.76602   0.57760   0.29690  -0.04932  -0.44577  -0.88282  -1.35392  -1.85428  -2.38030  -2.92918  -3.49864  -4.08684  -4.69221  -5.31344  -5.94942  -6.59914  -7.26178  -7.93654  -8.62279
 212.31628    0.82914   0.77461   0.58577   0.30460  -0.04210  -0.43904  -0.87660  -1.34819  -1.84906  -2.37558  -2.92496  -3.49494  -4.08364  -4.68951  -5.31126  -5.94774  -6.59797  -7.26111  -7.93638  -8.62314
 212.59933    0.83802   0.78329   0.59403   0.31239  -0.03480  -0.43224  -0.87030  -1.34239  -1.84377  -2.37079  -2.92068  -3.49116  -4.08037  -4.68675  -5.30900  -5.94600  -6.59672  -7.26038  -7.93615  -8.62343
 212.88237    0.84699   0.79204   0.60236   0.32025  -0.02743  -0.42536  -0.86392  -1.33651  -1.83840  -2.36593  -2.91632  -3.48731  -4.07704  -4.68392  -5.30668  -5.94418  -6.59542  -7.25959  -7.93586  -8.62364
 213.16542    0.85603   0.80087   0.61077   0.32819  -0.01998  -0.41841  -0.85747  -1.33056  -1.83296  -2.36100  -2.91189  -3.48339  -4.07363  -4.68101  -5.30428  -5.94231  -6.59404  -7.25873  -7.93550  -8.62380
 213.44847    0.86515   0.80978   0.61926   0.33621  -0.01245  -0.41138  -0.85094  -1.32454  -1.82745  -2.35599  -2.90738  -3.47940  -4.07015  -4.67805  -5.30183  -5.94036  -6.59260  -7.25781  -7.93508  -8.62389
 213.73152    0.87435   0.81876   0.62782   0.34430  -0.00485  -0.40428  -0.84435  -1.31845  -1.82187  -2.35092  -2.90281  -3.47535  -4.06661  -4.67501  -5.29930  -5.93835  -6.59110  -7.25682  -7.93459  -8.62392
 214.01457    0.88362   0.82782   0.63646   0.35247   0.00282  -0.39711  -0.83768  -1.31229  -1.81622  -2.34577  -2.89817  -3.47122  -4.06300  -4.67191  -5.29671  -5.93627  -6.58953  -7.25577  -7.93405  -8.62389
 214.29761    0.89297   0.83696   0.64517   0.36071   0.01057  -0.38986  -0.83094  -1.30605  -1.81049  -2.34056  -2.89347  -3.46703  -4.05932  -4.66874  -5.29406  -5.93413  -6.58789  -7.25465  -7.93344  -8.62380
 214.58066    0.90240   0.84617   0.65396   0.36902   0.01839  -0.38254  -0.82413  -1.29975  -1.80470  -2.33527  -2.88869  -3.46277  -4.05558  -4.66550  -5.29134  -5.93193  -6.58620  -7.25348  -7.93277  -8.62364
 214.86371    0.91191   0.85546   0.66282   0.37740   0.02628  -0.37516  -0.81725  -1.29337  -1.79884  -2.32992  -2.88385  -3.45844  -4.05177  -4.66220  -5.28855  -5.92966  -6.58444  -7.25224  -7.93203  -8.62343
 215.14676    0.92148   0.86482   0.67176   0.38586   0.03424  -0.36770  -0.81030  -1.28693  -1.79291  -2.32450  -2.87894  -3.45405  -4.04790  -4.65884  -5.28571  -5.92733  -6.58262  -7.25094  -7.93124  -8.62316
 215.42980    0.93114   0.87426   0.68076   0.39439   0.04227  -0.36017  -0.80328  -1.28042  -1.78692  -2.31902  -2.87396  -3.44959  -4.04396  -4.65541  -5.28280  -5.92494  -6.58074  -7.24958  -7.93039  -8.62282
 215.71285    0.94086   0.88376   0.68984   0.40299   0.05038  -0.35257  -0.79619  -1.27384  -1.78086  -2.31347  -2.86892  -3.44507  -4.03996  -4.65192  -5.27982  -5.92249  -6.57880  -7.24816  -7.92948  -8.62243
 215.99590    0.95066   0.89334   0.69899   0.41166   0.05855  -0.34490  -0.78903  -1.26719  -1.77473  -2.30785  -2.86382  -3.44049  -4.03589  -4.64837  -5.27679  -5.91997  -6.57679  -7.24668  -7.92851  -8.62198
 216.27895    0.96054   0.90299   0.70821   0.42040   0.06679  -0.33717  -0.78181  -1.26048  -1.76853  -2.30217  -2.85865  -3.43584  -4.03177  -4.64475  -5.27370  -5.91740  -6.57473  -7.24515  -7.92748  -8.62148
 216.56200    0.97048   0.91272   0.71750   0.42921   0.07510  -0.32937  -0.77452  -1.25370  -1.76227  -2.29642  -2.85341  -3.43113  -4.02758  -4.64108  -5.27054  -5.91476  -6.57261  -7.24355  -7.92639  -8.62092
 216.84504    0.98050   0.92251   0.72686   0.43809   0.08348  -0.32150  -0.76716  -1.24686  -1.75595  -2.29061  -2.84812  -3.42635  -4.02332  -4.63734  -5.26732  -5.91207  -6.57043  -7.24190  -7.92525  -8.62030
 217.12809    0.99058   0.93237   0.73629   0.44704   0.09192  -0.31356  -0.75974  -1.23995  -1.74956  -2.28474  -2.84276  -3.42152  -4.01901  -4.63354  -5.26405  -5.90932  -6.56819  -7.24019  -7.92405  -8.61962
 217.41114    1.00074   0.94231   0.74579   0.45605   0.10044  -0.30556  -0.75225  -1.23297  -1.74311  -2.27881  -2.83733  -3.41662  -4.01464  -4.62969  -5.26072  -5.90651  -6.56590  -7.23842  -7.92279  -8.61889
 217.69419    1.01097   0.95231   0.75535   0.46513   0.10901  -0.29749  -0.74470  -1.22594  -1.73660  -2.27281  -2.83185  -3.41166  -4.01021  -4.62577  -5.25732  -5.90364  -6.56355  -7.23660  -7.92148  -8.61811
 217.97724    1.02126   0.96238   0.76499   0.47428   0.11766  -0.28936  -0.73708  -1.21884  -1.73002  -2.26675  -2.82631  -3.40664  -4.00572  -4.62180  -5.25387  -5.90072  -6.56114  -7.23472  -7.92011  -8.61727
 218.26028    1.03163   0.97252   0.77469   0.48349   0.12637  -0.28116  -0.72941  -1.21167  -1.72338  -2.26063  -2.82070  -3.40157  -4.00117  -4.61776  -5.25037  -5.89774  -6.55867  -7.23279  -7.91869  -8.61638

# Minimas
 189.98890    0.44411 
 190.25741    0.40338 
 190.90112    0.24344 
 191.68371   -0.00563 
 192.54299   -0.31988 
 193.45951   -0.68505 
 194.42639   -1.09196 
 195.44515   -1.53431 
 196.51236   -2.00743 
 197.63685   -2.50799 
 198.82170   -3.03327 
 200.06947   -3.58100 
 201.39169   -4.14957 
 202.79395   -4.73772 
 204.28967   -5.34408 
 205.89330   -5.96783 
 207.60703   -6.60827 
 209.48210   -7.26465 
 211.48605   -7.93667 
 213.72671   -8.62392 

