        0.000000000000000       189.988896545598209
       10.000000000000000       189.988912902496651
       20.000000000000000       189.991704273432731
       30.000000000000000       190.000626565096752
       40.000000000000000       190.018037425029888
       50.000000000000000       190.043524707688732
       60.000000000000000       190.076149891755790
       70.000000000000000       190.114762496805184
       80.000000000000000       190.158589331417772
       90.000000000000000       190.205979022372333
      100.000000000000000       190.257411259651548
      110.000000000000000       190.312321595353296
      120.000000000000000       190.369503778325452
      130.000000000000000       190.429215107298916
      140.000000000000000       190.491473227240931
      150.000000000000000       190.554814066801725
      160.000000000000000       190.620968533392301
      170.000000000000000       190.689088690562386
      180.000000000000000       190.758451455916457
      190.000000000000000       190.829438562951111
      200.000000000000000       190.901124102985136
      210.000000000000000       190.974511771827252
      220.000000000000000       191.049437357803328
      230.000000000000000       191.125233381139338
      240.000000000000000       191.202377678307897
      250.000000000000000       191.280229245499186
      260.000000000000000       191.358809500479055
      270.000000000000000       191.438899901750432
      280.000000000000000       191.519039457267695
      290.000000000000000       191.600889330816756
      300.000000000000000       191.683708563981696
      310.000000000000000       191.766324734407789
      320.000000000000000       191.850162397296060
      330.000000000000000       191.934500929905909
      340.000000000000000       192.018942069349634
      350.000000000000000       192.104882814683464
      360.000000000000000       192.192008162926214
      370.000000000000000       192.277983409180791
      380.000000000000000       192.365947464014283
      390.000000000000000       192.453375304275653
      400.000000000000000       192.542989324067065
      410.000000000000000       192.632082849644092
      420.000000000000000       192.721425631495379
      430.000000000000000       192.811091454651319
      440.000000000000000       192.902762530368648
      450.000000000000000       192.994454834224882
      460.000000000000000       193.086283300738614
      470.000000000000000       193.178707458685096
      480.000000000000000       193.272713876841891
      490.000000000000000       193.365193267846394
      500.000000000000000       193.459511958680878
      510.000000000000000       193.553900323994156
      520.000000000000000       193.648084640320178
      530.000000000000000       193.744566151560946
      540.000000000000000       193.840281907332553
      550.000000000000000       193.936713630650274
      560.000000000000000       194.034495315156903
      570.000000000000000       194.132789670185019
      580.000000000000000       194.229999585385031
      590.000000000000000       194.328829400293870
      600.000000000000000       194.426394657548116
      610.000000000000000       194.526552258803633
      620.000000000000000       194.625328137268042
      630.000000000000000       194.726363292569232
      640.000000000000000       194.828346460640006
      650.000000000000000       194.929972850525559
      660.000000000000000       195.032317712460355
      670.000000000000000       195.133602844002610
      680.000000000000000       195.237238708680621
      690.000000000000000       195.340446831933662
      700.000000000000000       195.445146630901831
      710.000000000000000       195.548073800324630
      720.000000000000000       195.652822954788263
      730.000000000000000       195.758644758050593
      740.000000000000000       195.866481605758906
      750.000000000000000       195.971450727604605
      760.000000000000000       196.079446917845615
      770.000000000000000       196.186223750108866
      780.000000000000000       196.295398392811705
      790.000000000000000       196.404409535522632
      800.000000000000000       196.512359046509886
      810.000000000000000       196.623086296092225
      820.000000000000000       196.734147976074865
      830.000000000000000       196.845188630445108
      840.000000000000000       196.956672749809485
      850.000000000000000       197.067695800345462
      860.000000000000000       197.181064437646285
      870.000000000000000       197.294421856642401
      880.000000000000000       197.407246402167459
      890.000000000000000       197.521864306169505
      900.000000000000000       197.636851451621965
      910.000000000000000       197.753325505118028
      920.000000000000000       197.868241554933689
      930.000000000000000       197.985484689329212
      940.000000000000000       198.104246515604672
      950.000000000000000       198.220481661667918
      960.000000000000000       198.339962206061500
      970.000000000000000       198.459547476967799
      980.000000000000000       198.578843294494874
      990.000000000000000       198.699441850435647
     1000.000000000000000       198.821702265437040
     1010.000000000000000       198.942829381596908
     1020.000000000000000       199.065073735076965
     1030.000000000000000       199.187482106924250
     1040.000000000000000       199.311772833911505
     1050.000000000000000       199.437062496659877
     1060.000000000000000       199.561142284173116
     1070.000000000000000       199.687690553586776
     1080.000000000000000       199.813717258738819
     1090.000000000000000       199.941300622262958
     1100.000000000000000       200.069474370717245
     1110.000000000000000       200.198351128981301
     1120.000000000000000       200.327695666049806
     1130.000000000000000       200.458201840447259
     1140.000000000000000       200.589318318386859
     1150.000000000000000       200.720004090618744
     1160.000000000000000       200.852704544662970
     1170.000000000000000       200.985639971289487
     1180.000000000000000       201.120120233751038
     1190.000000000000000       201.255503936260482
     1200.000000000000000       201.391688987796783
     1210.000000000000000       201.527292015962701
     1220.000000000000000       201.664304035010446
     1230.000000000000000       201.803861928022343
     1240.000000000000000       201.941289350570486
     1250.000000000000000       202.081900876466136
     1260.000000000000000       202.223797093735300
     1270.000000000000000       202.362791946132774
     1280.000000000000000       202.506389438894104
     1290.000000000000000       202.650414178352065
     1300.000000000000000       202.793950831366061
     1310.000000000000000       202.940165678292487
     1320.000000000000000       203.084117229065356
     1330.000000000000000       203.230528296487819
     1340.000000000000000       203.381266994175746
     1350.000000000000000       203.528152025599724
     1360.000000000000000       203.679838676244287
     1370.000000000000000       203.827091721591472
     1380.000000000000000       203.984899540887142
     1390.000000000000000       204.132888855904298
     1400.000000000000000       204.289674045162172
     1410.000000000000000       204.444010784341231
     1420.000000000000000       204.601965891704822
     1430.000000000000000       204.753644704939120
     1440.000000000000000       204.917698734429649
     1450.000000000000000       205.078078110097181
     1460.000000000000000       205.237082317689953
     1470.000000000000000       205.395539766218462
     1480.000000000000000       205.562459441360772
     1490.000000000000000       205.725825916899851
     1500.000000000000000       205.893304730497249
     1510.000000000000000       206.054280118913312
     1520.000000000000000       206.222659889547259
     1530.000000000000000       206.389655954345471
     1540.000000000000000       206.565386618318684
     1550.000000000000000       206.732539416327228
     1560.000000000000000       206.911340644500171
     1570.000000000000000       207.067905649645411
     1580.000000000000000       207.242956432219245
     1590.000000000000000       207.427732083007015
     1600.000000000000000       207.607034039548154
     1610.000000000000000       207.803292248457723
     1620.000000000000000       207.969138475855999
     1630.000000000000000       208.146761779921661
     1640.000000000000000       208.326127029625667
     1650.000000000000000       208.528193028562924
     1660.000000000000000       208.697087291011428
     1670.000000000000000       208.903322870577313
     1680.000000000000000       209.094473877380551
     1690.000000000000000       209.282540283251990
     1700.000000000000000       209.482101262071524
     1710.000000000000000       209.675003488044439
     1720.000000000000000       209.863646388090729
     1730.000000000000000       210.058205858598967
     1740.000000000000000       210.260590511780208
     1750.000000000000000       210.462289314305025
     1760.000000000000000       210.666668263056920
     1770.000000000000000       210.874709527958970
     1780.000000000000000       211.091384618939543
     1790.000000000000000       211.302730054589404
     1800.000000000000000       211.486051322009047
     1810.000000000000000       211.713642971159828
     1820.000000000000000       211.912257279315895
     1830.000000000000000       212.142265662954458
     1840.000000000000000       212.354439223387345
     1850.000000000000000       212.591265802684688
     1860.000000000000000       212.811674335300239
     1870.000000000000000       213.032047658900126
     1880.000000000000000       213.270528654294679
     1890.000000000000000       213.469153530439485
     1900.000000000000000       213.726705640822587
     1910.000000000000000       213.969578800574141
     1920.000000000000000       214.238375246464443
     1930.000000000000000       214.421523231962084
     1940.000000000000000       214.697307658287173
     1950.000000000000000       214.926561768534782
     1960.000000000000000       215.220854735272582
     1970.000000000000000       215.468838423521987
     1980.000000000000000       215.679223567362413
     1990.000000000000000       215.946945329734376
