   0.000000000000000    0.000000000000000
  10.000000000000000    0.000100811984086
  20.000000000000000    0.000407380383582
  30.000000000000000    0.000660945490496
  40.000000000000000    0.000836977968554
  50.000000000000000    0.000962490561724
  60.000000000000000    0.001057316729497
  70.000000000000000    0.001133436599893
  80.000000000000000    0.001197423593172
  90.000000000000000    0.001252150731727
 100.000000000000000    0.001299534304202
 110.000000000000000    0.001340604898660
 120.000000000000000    0.001376151946051
 130.000000000000000    0.001406633145194
 140.000000000000000    0.001432454541133
 150.000000000000000    0.001454407066167
 160.000000000000000    0.001473005134276
 170.000000000000000    0.001488515303052
 180.000000000000000    0.001501128078632
 190.000000000000000    0.001511574422846
 200.000000000000000    0.001519824931189
 210.000000000000000    0.001526626713760
 220.000000000000000    0.001531591637800
 230.000000000000000    0.001535158995608
 240.000000000000000    0.001537930094748
 250.000000000000000    0.001539359839833
 260.000000000000000    0.001539944359670
 270.000000000000000    0.001539935247690
 280.000000000000000    0.001539244683135
 290.000000000000000    0.001538109728267
 300.000000000000000    0.001536249313714
 310.000000000000000    0.001534067655589
 320.000000000000000    0.001531665515837
 330.000000000000000    0.001528500591377
 340.000000000000000    0.001525319970402
 350.000000000000000    0.001521806944294
 360.000000000000000    0.001518215869246
 370.000000000000000    0.001514464028457
 380.000000000000000    0.001510497198580
 390.000000000000000    0.001506380545784
 400.000000000000000    0.001502168025447
 410.000000000000000    0.001497797549893
 420.000000000000000    0.001493281399910
 430.000000000000000    0.001488913858513
 440.000000000000000    0.001484258046677
 450.000000000000000    0.001479589287260
 460.000000000000000    0.001474938124760
 470.000000000000000    0.001470467883611
 480.000000000000000    0.001465470544107
 490.000000000000000    0.001460753253045
 500.000000000000000    0.001455936700035
 510.000000000000000    0.001451159773351
 520.000000000000000    0.001446255090744
 530.000000000000000    0.001441394292578
 540.000000000000000    0.001436582028558
 550.000000000000000    0.001431720209052
 560.000000000000000    0.001426861106630
 570.000000000000000    0.001421967787256
 580.000000000000000    0.001417129484112
 590.000000000000000    0.001412254571061
 600.000000000000000    0.001407398892118
 610.000000000000000    0.001402535674158
 620.000000000000000    0.001397689795258
 630.000000000000000    0.001392844827399
 640.000000000000000    0.001387997542828
 650.000000000000000    0.001383161040649
 660.000000000000000    0.001378330479005
 670.000000000000000    0.001373509077410
 680.000000000000000    0.001368688315498
 690.000000000000000    0.001363878812114
 700.000000000000000    0.001359071271648
 710.000000000000000    0.001354272329947
 720.000000000000000    0.001349466014269
 730.000000000000000    0.001344682651637
 740.000000000000000    0.001339895011752
 750.000000000000000    0.001335103962723
 760.000000000000000    0.001330326226306
 770.000000000000000    0.001325574469201
 780.000000000000000    0.001320851169094
 790.000000000000000    0.001316046254928
 800.000000000000000    0.001311308884070
 810.000000000000000    0.001306619327173
 820.000000000000000    0.001301795431019
 830.000000000000000    0.001297076905998
 840.000000000000000    0.001292299287491
 850.000000000000000    0.001287660387681
 860.000000000000000    0.001282809554127
 870.000000000000000    0.001278107958862
 880.000000000000000    0.001273396673792
 890.000000000000000    0.001268725275156
 900.000000000000000    0.001263905088947
 910.000000000000000    0.001259342915629
 920.000000000000000    0.001254581510898
 930.000000000000000    0.001249544924224
 940.000000000000000    0.001244932600927
 950.000000000000000    0.001240164644402
 960.000000000000000    0.001235084066114
 970.000000000000000    0.001230766530351
 980.000000000000000    0.001226189809311
 990.000000000000000    0.001221175453026
1000.000000000000000    0.001216400591424
1010.000000000000000    0.001212120416039
1020.000000000000000    0.001207339830480
1030.000000000000000    0.001201903246748
1040.000000000000000    0.001197120297249
1050.000000000000000    0.001192266087002
1060.000000000000000    0.001187863693338
1070.000000000000000    0.001183308252398
1080.000000000000000    0.001178406089937
1090.000000000000000    0.001173849488876
1100.000000000000000    0.001167842385063
1110.000000000000000    0.001164944487013
1120.000000000000000    0.001160108114822
1130.000000000000000    0.001154852894585
1140.000000000000000    0.001149873428486
1150.000000000000000    0.001143598140674
1160.000000000000000    0.001139185307887
1170.000000000000000    0.001134612694937
1180.000000000000000    0.001130045430116
1190.000000000000000    0.001125421566072
1200.000000000000000    0.001119064039288
1210.000000000000000    0.001115361370834
1220.000000000000000    0.001108928802176
1230.000000000000000    0.001105411227894
1240.000000000000000    0.001101362517966
1250.000000000000000    0.001095956414132
1260.000000000000000    0.001091788637298
1270.000000000000000    0.001086773938850
1280.000000000000000    0.001080998047691
1290.000000000000000    0.001072701967010
1300.000000000000000    0.001070996306284
1310.000000000000000    0.001063772211958
1320.000000000000000    0.001060169779494
1330.000000000000000    0.001053750286165
1340.000000000000000    0.001048720899003
1350.000000000000000    0.001042217991216
1360.000000000000000    0.001041072805609
1370.000000000000000    0.001036670849096
1380.000000000000000    0.001031912519775
1390.000000000000000    0.001021890209354
1400.000000000000000    0.001022619110686
1410.000000000000000    0.001015931536096
1420.000000000000000    0.001009629208708
1430.000000000000000    0.001003294633880
1440.000000000000000    0.000998840310998
1450.000000000000000    0.000994354193043
1460.000000000000000    0.000988193512459
1470.000000000000000    0.000981469781672
1480.000000000000000    0.000976046509362
1490.000000000000000    0.000972989122678
1500.000000000000000    0.000966613078151
1510.000000000000000    0.000960493242884
1520.000000000000000    0.000957188995576
1530.000000000000000    0.000952240130047
1540.000000000000000    0.000943020552016
1550.000000000000000    0.000940846152264
1560.000000000000000    0.000929669215291
1570.000000000000000    0.000923341889856
1580.000000000000000    0.000912742355794
1590.000000000000000    0.000915529546348
1600.000000000000000    0.000907993612532
1610.000000000000000    0.000896693379660
1620.000000000000000    0.000897411782672
1630.000000000000000    0.000892025922462
1640.000000000000000    0.000889896229355
1650.000000000000000    0.000880287767861
1660.000000000000000    0.000879306174318
1670.000000000000000    0.000879787383138
1680.000000000000000    0.000864509995478
1690.000000000000000    0.000857572500512
1700.000000000000000    0.000859741357879
1710.000000000000000    0.000848286695083
1720.000000000000000    0.000846473828118
1730.000000000000000    0.000840416978429
1740.000000000000000    0.000832146170512
1750.000000000000000    0.000831010622548
1760.000000000000000    0.000807033281633
1770.000000000000000    0.000828130482569
1780.000000000000000    0.000821085063690
1790.000000000000000    0.000783642887771
1800.000000000000000    0.000823945321730
1810.000000000000000    0.000802251418671
1820.000000000000000    0.000776405795346
1830.000000000000000    0.000765176068500
1840.000000000000000    0.000769492776926
1850.000000000000000    0.000754679944186
1860.000000000000000    0.000779254428196
1870.000000000000000    0.000746587490659
1880.000000000000000    0.000750837855952
1890.000000000000000    0.000719184090585
1900.000000000000000    0.000742500032015
1910.000000000000000    0.000741731303016
1920.000000000000000    0.000712627137861
1930.000000000000000    0.000726216218087
1940.000000000000000    0.000717608358814
1950.000000000000000    0.000692934713638
1960.000000000000000    0.000697326511459
1970.000000000000000    0.000709219059985
1980.000000000000000    0.000698363199347
1990.000000000000000    0.000668586072060
