# Volume points
 179.05121    0.60140   0.55408   0.39294   0.15340  -0.14210  -0.48068  -0.85414  -1.25687  -1.68478  -2.13479  -2.60448  -3.09190  -3.59546  -4.11382  -4.64585  -5.19058  -5.74717  -6.31488  -6.89306  -7.48113
 179.59821    0.58730   0.53970   0.37802   0.13788  -0.15825  -0.49746  -0.87154  -1.27489  -1.70342  -2.15404  -2.62433  -3.11236  -3.61651  -4.13546  -4.66809  -5.21340  -5.77058  -6.33887  -6.91762  -7.50627
 180.14632    0.57404   0.52621   0.36405   0.12338  -0.17330  -0.51305  -0.88768  -1.29156  -1.72062  -2.17176  -2.64257  -3.13111  -3.63577  -4.15522  -4.68834  -5.23415  -5.79180  -6.36058  -6.93981  -7.52893
 180.69555    0.56158   0.51342   0.35067   0.10932  -0.18804  -0.52849  -0.90381  -1.30838  -1.73812  -2.18995  -2.66144  -3.15064  -3.65597  -4.17609  -4.70987  -5.25634  -5.81465  -6.38408  -6.96396  -7.55373
 181.24589    0.54995   0.50151   0.33821   0.09625  -0.20174  -0.54282  -0.91877  -1.32397  -1.75434  -2.20678  -2.67888  -3.16870  -3.67463  -4.19535  -4.72973  -5.27679  -5.83569  -6.40570  -6.98617  -7.57652
 181.79735    0.53914   0.49042   0.32661   0.08409  -0.21448  -0.55614  -0.93267  -1.33844  -1.76936  -2.22236  -2.69502  -3.18538  -3.69185  -4.21310  -4.74801  -5.29559  -5.85502  -6.42555  -7.00653  -7.59739
 182.34993    0.52914   0.48018   0.31591   0.07286  -0.22626  -0.56846  -0.94553  -1.35183  -1.78329  -2.23681  -2.70998  -3.20085  -3.70783  -4.22958  -4.76499  -5.31306  -5.87298  -6.44399  -7.02546  -7.61679
 182.90362    0.51993   0.47074   0.30603   0.06249  -0.23712  -0.57980  -0.95734  -1.36411  -1.79602  -2.24998  -2.72359  -3.21489  -3.72228  -4.24445  -4.78026  -5.32874  -5.88905  -6.46045  -7.04230  -7.63401
 183.45843    0.51150   0.46211   0.29698   0.05299  -0.24708  -0.59023  -0.96822  -1.37542  -1.80776  -2.26215  -2.73617  -3.22787  -3.73567  -4.25823  -4.79443  -5.34329  -5.90397  -6.47574  -7.05796  -7.65003
 184.01437    0.50385   0.45423   0.28868   0.04421  -0.25634  -0.59995  -0.97840  -1.38605  -1.81883  -2.27364  -2.74808  -3.24019  -3.74839  -4.27135  -4.80793  -5.35717  -5.91823  -6.49038  -7.07295  -7.66539
 184.57142    0.49695   0.44708   0.28108   0.03611  -0.26493  -0.60903  -0.98796  -1.39608  -1.82931  -2.28457  -2.75944  -3.25198  -3.76059  -4.28396  -4.82094  -5.37058  -5.93203  -6.50456  -7.08751  -7.68031
 185.12960    0.49080   0.44071   0.27428   0.02887  -0.27263  -0.61718  -0.99653  -1.40506  -1.83870  -2.29435  -2.76960  -3.26251  -3.77149  -4.29521  -4.83254  -5.38252  -5.94430  -6.51715  -7.10042  -7.69354
 185.68891    0.48539   0.43506   0.26819   0.02229  -0.27968  -0.62469  -1.00450  -1.41347  -1.84753  -2.30360  -2.77925  -3.27256  -3.78192  -4.30601  -4.84371  -5.39404  -5.95617  -6.52937  -7.11298  -7.70643
 186.24933    0.48072   0.43011   0.26274   0.01630  -0.28622  -0.63176  -1.01208  -1.42156  -1.85611  -2.31266  -2.78879  -3.28255  -3.79237  -4.31691  -4.85504  -5.40581  -5.96836  -6.54198  -7.12600  -7.71985
 186.81089    0.47679   0.42591   0.25807   0.01113  -0.29188  -0.63790  -1.01868  -1.42861  -1.86359  -2.32056  -2.79709  -3.29125  -3.80145  -4.32637  -4.86487  -5.41599  -5.97889  -6.55285  -7.13720  -7.73139
 187.37357    0.47358   0.42243   0.25410   0.00664  -0.29689  -0.64341  -1.02469  -1.43509  -1.87054  -2.32795  -2.80492  -3.29951  -3.81013  -4.33545  -4.87435  -5.42586  -5.98915  -6.56348  -7.14821  -7.74275
 187.93738    0.47112   0.41970   0.25090   0.00291  -0.30113  -0.64816  -1.02992  -1.44080  -1.87671  -2.33458  -2.81199  -3.30701  -3.81805  -4.34378  -4.88308  -5.43500  -5.99867  -6.57339  -7.15849  -7.75341
 188.50233    0.46938   0.41770   0.24842  -0.00007  -0.30462  -0.65215  -1.03440  -1.44575  -1.88212  -2.34043  -2.81828  -3.31373  -3.82519  -4.35134  -4.89104  -5.44335  -6.00742  -6.58252  -7.16800  -7.76329
 189.06840    0.46834   0.41635   0.24652  -0.00257  -0.30773  -0.65585  -1.03868  -1.45059  -1.88752  -2.34639  -2.82478  -3.32076  -3.83274  -4.35940  -4.89962  -5.45243  -6.01699  -6.59258  -7.17855  -7.77432
 189.63560    0.46801   0.41574   0.24543  -0.00417  -0.30984  -0.65845  -1.04176  -1.45414  -1.89152  -2.35083  -2.82964  -3.32604  -3.83843  -4.36549  -4.90610  -5.45929  -6.02423  -6.60019  -7.18652  -7.78264
 190.20394    0.46837   0.41580   0.24496  -0.00520  -0.31143  -0.66058  -1.04443  -1.45733  -1.89521  -2.35501  -2.83431  -3.33117  -3.84403  -4.37154  -4.91259  -5.46622  -6.03159  -6.60797  -7.19471  -7.79125
 190.77341    0.46942   0.41658   0.24527  -0.00540  -0.31212  -0.66175  -1.04605  -1.45939  -1.89771  -2.35792  -2.83762  -3.33488  -3.84811  -4.37599  -4.91740  -5.47138  -6.03710  -6.61381  -7.20089  -7.79774
 191.34402    0.47115   0.41799   0.24612  -0.00513  -0.31243  -0.66264  -1.04749  -1.46137  -1.90021  -2.36094  -2.84114  -3.33889  -3.85260  -4.38096  -4.92283  -5.47727  -6.04343  -6.62059  -7.20810  -7.80539
 191.91577    0.47353   0.42004   0.24764  -0.00418  -0.31203  -0.66277  -1.04814  -1.46253  -1.90185  -2.36305  -2.84370  -3.34190  -3.85604  -4.38482  -4.92711  -5.48195  -6.04851  -6.62605  -7.21394  -7.81160
 192.48865    0.47658   0.42277   0.24984  -0.00252  -0.31091  -0.66216  -1.04802  -1.46287  -1.90265  -2.36428  -2.84535  -3.34395  -3.85849  -4.38765  -4.93031  -5.48552  -6.05242  -6.63031  -7.21854  -7.81652
 193.06267    0.48027   0.42610   0.25258  -0.00040  -0.30937  -0.66120  -1.04761  -1.46299  -1.90328  -2.36541  -2.84697  -3.34604  -3.86103  -4.39064  -4.93373  -5.48936  -6.05668  -6.63497  -7.22359  -7.82197
 193.63783    0.48462   0.43012   0.25606   0.00254  -0.30696  -0.65928  -1.04617  -1.46200  -1.90272  -2.36526  -2.84721  -3.34666  -3.86203  -4.39198  -4.93542  -5.49138  -6.05902  -6.63762  -7.22654  -7.82521
 194.21414    0.48963   0.43481   0.26025   0.00624  -0.30374  -0.65650  -1.04381  -1.46003  -1.90112  -2.36400  -2.84629  -3.34605  -3.86171  -4.39195  -4.93565  -5.49187  -6.05975  -6.63859  -7.22774  -7.82662
 194.79158    0.49527   0.44011   0.26502   0.01045  -0.30005  -0.65331  -1.04109  -1.45777  -1.89929  -2.36259  -2.84528  -3.34542  -3.86145  -4.39205  -4.93609  -5.49264  -6.06085  -6.64000  -7.22945  -7.82862
 195.37017    0.50158   0.44609   0.27046   0.01533  -0.29571  -0.64949  -1.03777  -1.45492  -1.89690  -2.36063  -2.84374  -3.34429  -3.86072  -4.39170  -4.93612  -5.49303  -6.06159  -6.64108  -7.23087  -7.83037
 195.94990    0.50851   0.45266   0.27646   0.02076  -0.29085  -0.64517  -1.03396  -1.45161  -1.89407  -2.35827  -2.84182  -3.34280  -3.85965  -4.39103  -4.93585  -5.49314  -6.06208  -6.64194  -7.23208  -7.83193
 196.53078    0.51609   0.45993   0.28323   0.02700  -0.28510  -0.63989  -1.02912  -1.44720  -1.89006  -2.35464  -2.83856  -3.33990  -3.85708  -4.38880  -4.93393  -5.49153  -6.06077  -6.64091  -7.23133  -7.83144
 197.11281    0.52428   0.46769   0.29036   0.03350  -0.27921  -0.63458  -1.02438  -1.44299  -1.88636  -2.35144  -2.83584  -3.33764  -3.85528  -4.38743  -4.93299  -5.49100  -6.06064  -6.64117  -7.23197  -7.83246
 197.69598    0.53309   0.47613   0.29824   0.04081  -0.27244  -0.62834  -1.01863  -1.43771  -1.88154  -2.34705  -2.83187  -3.33408  -3.85210  -4.38463  -4.93055  -5.48891  -6.05889  -6.63976  -7.23088  -7.83169
 198.28030    0.54250   0.48519   0.30676   0.04878  -0.26500  -0.62140  -1.01216  -1.43169  -1.87594  -2.34187  -2.82708  -3.32966  -3.84804  -4.38092  -4.92718  -5.48587  -6.05616  -6.63733  -7.22875  -7.82984

# Fitted data
 179.05121    0.60143   0.55402   0.39270   0.15292  -0.14280  -0.48156  -0.85505  -1.25807  -1.68616  -2.13628  -2.60599  -3.09355  -3.59741  -4.11639  -4.64876  -5.19325  -5.74979  -6.31840  -6.89795  -7.48521
 179.14736    0.59889   0.55144   0.39003   0.15017  -0.14565  -0.48450  -0.85811  -1.26122  -1.68940  -2.13962  -2.60944  -3.09710  -3.60104  -4.12009  -4.65253  -5.19714  -5.75379  -6.32245  -6.90201  -7.48944
 179.24350    0.59638   0.54888   0.38739   0.14744  -0.14848  -0.48742  -0.86114  -1.26434  -1.69262  -2.14293  -2.61286  -3.10061  -3.60463  -4.12376  -4.65627  -5.20100  -5.75776  -6.32646  -6.90604  -7.49364
 179.33965    0.59389   0.54635   0.38478   0.14474  -0.15127  -0.49032  -0.86414  -1.26742  -1.69580  -2.14622  -2.61624  -3.10410  -3.60820  -4.12739  -4.65998  -5.20483  -5.76170  -6.33045  -6.91004  -7.49781
 179.43579    0.59143   0.54385   0.38220   0.14206  -0.15404  -0.49318  -0.86712  -1.27049  -1.69896  -2.14947  -2.61960  -3.10756  -3.61174  -4.13100  -4.66366  -5.20863  -5.76560  -6.33440  -6.91402  -7.50195
 179.53194    0.58899   0.54137   0.37964   0.13942  -0.15678  -0.49602  -0.87006  -1.27352  -1.70209  -2.15270  -2.62293  -3.11098  -3.61525  -4.13458  -4.66731  -5.21240  -5.76948  -6.33832  -6.91796  -7.50606
 179.62809    0.58659   0.53892   0.37711   0.13680  -0.15950  -0.49883  -0.87298  -1.27652  -1.70519  -2.15590  -2.62623  -3.11438  -3.61874  -4.13813  -4.67094  -5.21614  -5.77332  -6.34222  -6.92188  -7.51013
 179.72423    0.58420   0.53650   0.37460   0.13420  -0.16219  -0.50162  -0.87588  -1.27950  -1.70827  -2.15907  -2.62950  -3.11775  -3.62219  -4.14165  -4.67453  -5.21985  -5.77714  -6.34608  -6.92577  -7.51417
 179.82038    0.58185   0.53410   0.37212   0.13163  -0.16485  -0.50437  -0.87874  -1.28245  -1.71131  -2.16221  -2.63275  -3.12109  -3.62561  -4.14515  -4.67810  -5.22353  -5.78092  -6.34991  -6.92963  -7.51819
 179.91652    0.57952   0.53173   0.36967   0.12909  -0.16749  -0.50711  -0.88158  -1.28538  -1.71433  -2.16533  -2.63596  -3.12440  -3.62900  -4.14861  -4.68164  -5.22719  -5.78467  -6.35371  -6.93346  -7.52217
 180.01267    0.57722   0.52939   0.36724   0.12658  -0.17010  -0.50981  -0.88439  -1.28827  -1.71732  -2.16842  -2.63915  -3.12768  -3.63237  -4.15205  -4.68515  -5.23081  -5.78840  -6.35749  -6.93726  -7.52612
 180.10881    0.57494   0.52707   0.36484   0.12409  -0.17268  -0.51249  -0.88717  -1.29114  -1.72029  -2.17148  -2.64231  -3.13093  -3.63570  -4.15545  -4.68863  -5.23440  -5.79209  -6.36123  -6.94103  -7.53004
 180.20496    0.57269   0.52477   0.36247   0.12163  -0.17524  -0.51514  -0.88993  -1.29399  -1.72322  -2.17451  -2.64544  -3.13415  -3.63901  -4.15883  -4.69208  -5.23796  -5.79575  -6.36494  -6.94478  -7.53393
 180.30110    0.57047   0.52251   0.36012   0.11919  -0.17777  -0.51777  -0.89266  -1.29680  -1.72613  -2.17751  -2.64854  -3.13735  -3.64229  -4.16218  -4.69551  -5.24149  -5.79938  -6.36863  -6.94850  -7.53779
 180.39725    0.56827   0.52027   0.35780   0.11678  -0.18027  -0.52037  -0.89536  -1.29959  -1.72902  -2.18049  -2.65161  -3.14051  -3.64554  -4.16550  -4.69890  -5.24499  -5.80298  -6.37228  -6.95219  -7.54162
 180.49339    0.56610   0.51805   0.35550   0.11440  -0.18275  -0.52294  -0.89804  -1.30235  -1.73187  -2.18344  -2.65466  -3.14365  -3.64876  -4.16879  -4.70227  -5.24847  -5.80655  -6.37591  -6.95585  -7.54541
 180.58954    0.56395   0.51586   0.35323   0.11204  -0.18520  -0.52548  -0.90069  -1.30509  -1.73470  -2.18636  -2.65768  -3.14676  -3.65195  -4.17206  -4.70561  -5.25191  -5.81009  -6.37950  -6.95948  -7.54918
 180.68569    0.56183   0.51370   0.35099   0.10970  -0.18763  -0.52801  -0.90331  -1.30780  -1.73750  -2.18926  -2.66067  -3.14984  -3.65511  -4.17529  -4.70892  -5.25533  -5.81360  -6.38307  -6.96309  -7.55292
 180.78183    0.55974   0.51156   0.34877   0.10740  -0.19003  -0.53050  -0.90590  -1.31048  -1.74028  -2.19212  -2.66363  -3.15290  -3.65825  -4.17850  -4.71221  -5.25871  -5.81709  -6.38661  -6.96667  -7.55663
 180.87798    0.55767   0.50945   0.34658   0.10512  -0.19241  -0.53297  -0.90847  -1.31314  -1.74302  -2.19496  -2.66656  -3.15592  -3.66136  -4.18168  -4.71546  -5.26207  -5.82054  -6.39012  -6.97022  -7.56031
 180.97412    0.55562   0.50737   0.34441   0.10286  -0.19475  -0.53541  -0.91102  -1.31577  -1.74574  -2.19778  -2.66947  -3.15892  -3.66444  -4.18484  -4.71869  -5.26540  -5.82396  -6.39360  -6.97374  -7.56395
 181.07027    0.55361   0.50531   0.34227   0.10063  -0.19708  -0.53783  -0.91353  -1.31837  -1.74844  -2.20056  -2.67235  -3.16189  -3.66749  -4.18796  -4.72189  -5.26870  -5.82735  -6.39705  -6.97724  -7.56757
 181.16641    0.55161   0.50327   0.34015   0.09842  -0.19938  -0.54022  -0.91602  -1.32095  -1.75111  -2.20332  -2.67520  -3.16483  -3.67051  -4.19106  -4.72507  -5.27197  -5.83072  -6.40047  -6.98071  -7.57116
 181.26256    0.54965   0.50126   0.33806   0.09624  -0.20165  -0.54259  -0.91849  -1.32350  -1.75375  -2.20606  -2.67803  -3.16775  -3.67351  -4.19413  -4.72821  -5.27522  -5.83405  -6.40387  -6.98415  -7.57472
 181.35870    0.54770   0.49928   0.33600   0.09409  -0.20390  -0.54493  -0.92093  -1.32602  -1.75636  -2.20876  -2.68083  -3.17063  -3.67648  -4.19717  -4.73133  -5.27843  -5.83736  -6.40724  -6.98756  -7.57825
 181.45485    0.54579   0.49732   0.33396   0.09196  -0.20612  -0.54724  -0.92334  -1.32852  -1.75895  -2.21144  -2.68360  -3.17349  -3.67942  -4.20019  -4.73442  -5.28162  -5.84064  -6.41057  -6.99095  -7.58175
 181.55099    0.54389   0.49538   0.33194   0.08986  -0.20832  -0.54953  -0.92573  -1.33099  -1.76152  -2.21410  -2.68635  -3.17632  -3.68233  -4.20318  -4.73749  -5.28478  -5.84388  -6.41388  -6.99431  -7.58523
 181.64714    0.54203   0.49347   0.32995   0.08778  -0.21049  -0.55180  -0.92809  -1.33344  -1.76406  -2.21673  -2.68906  -3.17913  -3.68522  -4.20614  -4.74053  -5.28791  -5.84710  -6.41717  -6.99764  -7.58867
 181.74329    0.54019   0.49159   0.32799   0.08572  -0.21263  -0.55404  -0.93042  -1.33586  -1.76657  -2.21933  -2.69176  -3.18191  -3.68808  -4.20907  -4.74354  -5.29102  -5.85030  -6.42042  -7.00095  -7.59209
 181.83943    0.53837   0.48973   0.32605   0.08369  -0.21475  -0.55625  -0.93273  -1.33826  -1.76905  -2.22190  -2.69442  -3.18466  -3.69091  -4.21198  -4.74652  -5.29409  -5.85346  -6.42364  -7.00423  -7.59547
 181.93558    0.53658   0.48790   0.32413   0.08169  -0.21685  -0.55844  -0.93502  -1.34063  -1.77151  -2.22445  -2.69706  -3.18738  -3.69372  -4.21486  -4.74948  -5.29714  -5.85659  -6.42684  -7.00748  -7.59883
 182.03172    0.53481   0.48609   0.32224   0.07971  -0.21892  -0.56060  -0.93727  -1.34298  -1.77395  -2.22697  -2.69967  -3.19008  -3.69649  -4.21771  -4.75241  -5.30016  -5.85970  -6.43001  -7.01071  -7.60216
 182.12787    0.53307   0.48430   0.32037   0.07775  -0.22097  -0.56274  -0.93951  -1.34530  -1.77635  -2.22947  -2.70226  -3.19275  -3.69925  -4.22054  -4.75532  -5.30316  -5.86278  -6.43316  -7.01391  -7.60546
 182.22401    0.53135   0.48254   0.31853   0.07582  -0.22299  -0.56486  -0.94172  -1.34759  -1.77874  -2.23194  -2.70482  -3.19540  -3.70197  -4.22334  -4.75819  -5.30612  -5.86583  -6.43627  -7.01708  -7.60873
 182.32016    0.52966   0.48081   0.31672   0.07392  -0.22499  -0.56695  -0.94390  -1.34986  -1.78110  -2.23439  -2.70735  -3.19801  -3.70467  -4.22611  -4.76104  -5.30906  -5.86885  -6.43936  -7.02023  -7.61197
 182.41630    0.52799   0.47909   0.31492   0.07203  -0.22696  -0.56901  -0.94606  -1.35211  -1.78343  -2.23681  -2.70986  -3.20060  -3.70734  -4.22886  -4.76387  -5.31197  -5.87185  -6.44242  -7.02335  -7.61519
 182.51245    0.52634   0.47741   0.31316   0.07018  -0.22891  -0.57105  -0.94819  -1.35433  -1.78574  -2.23920  -2.71234  -3.20317  -3.70999  -4.23158  -4.76667  -5.31486  -5.87481  -6.44545  -7.02644  -7.61838
 182.60859    0.52472   0.47575   0.31141   0.06834  -0.23084  -0.57307  -0.95030  -1.35652  -1.78802  -2.24157  -2.71479  -3.20571  -3.71261  -4.23428  -4.76944  -5.31771  -5.87775  -6.44846  -7.02951  -7.62154
 182.70474    0.52313   0.47411   0.30969   0.06654  -0.23274  -0.57506  -0.95238  -1.35869  -1.79027  -2.24391  -2.71722  -3.20822  -3.71520  -4.23695  -4.77219  -5.32055  -5.88067  -6.45144  -7.03255  -7.62467
 182.80089    0.52156   0.47249   0.30800   0.06475  -0.23461  -0.57702  -0.95444  -1.36084  -1.79251  -2.24623  -2.71963  -3.21071  -3.71777  -4.23959  -4.77491  -5.32335  -5.88355  -6.45439  -7.03556  -7.62777
 182.89703    0.52001   0.47090   0.30633   0.06299  -0.23646  -0.57897  -0.95647  -1.36296  -1.79471  -2.24852  -2.72201  -3.21317  -3.72031  -4.24221  -4.77760  -5.32613  -5.88641  -6.45732  -7.03855  -7.63085
 182.99318    0.51849   0.46934   0.30468   0.06125  -0.23829  -0.58088  -0.95848  -1.36505  -1.79689  -2.25079  -2.72436  -3.21560  -3.72282  -4.24480  -4.78027  -5.32888  -5.88924  -6.46022  -7.04152  -7.63390
 183.08932    0.51699   0.46780   0.30306   0.05954  -0.24009  -0.58278  -0.96046  -1.36712  -1.79905  -2.25303  -2.72669  -3.21801  -3.72531  -4.24736  -4.78292  -5.33160  -5.89204  -6.46309  -7.04445  -7.63692
 183.18547    0.51551   0.46628   0.30146   0.05785  -0.24187  -0.58465  -0.96242  -1.36917  -1.80118  -2.25525  -2.72899  -3.22040  -3.72777  -4.24990  -4.78553  -5.33430  -5.89482  -6.46593  -7.04737  -7.63991
 183.28161    0.51406   0.46478   0.29988   0.05619  -0.24363  -0.58649  -0.96436  -1.37119  -1.80329  -2.25745  -2.73127  -3.22275  -3.73021  -4.25242  -4.78813  -5.33697  -5.89757  -6.46875  -7.05025  -7.64288
 183.37776    0.51264   0.46331   0.29833   0.05455  -0.24536  -0.58832  -0.96627  -1.37319  -1.80538  -2.25961  -2.73352  -3.22509  -3.73262  -4.25491  -4.79069  -5.33962  -5.90029  -6.47155  -7.05311  -7.64582
 183.47390    0.51123   0.46187   0.29680   0.05293  -0.24707  -0.59011  -0.96816  -1.37516  -1.80743  -2.26176  -2.73575  -3.22739  -3.73501  -4.25737  -4.79323  -5.34224  -5.90299  -6.47431  -7.05595  -7.64874
 183.57005    0.50985   0.46044   0.29530   0.05134  -0.24875  -0.59189  -0.97002  -1.37711  -1.80947  -2.26388  -2.73795  -3.22968  -3.73737  -4.25981  -4.79575  -5.34483  -5.90566  -6.47705  -7.05876  -7.65162
 183.66619    0.50850   0.45904   0.29382   0.04977  -0.25041  -0.59364  -0.97186  -1.37904  -1.81148  -2.26597  -2.74013  -3.23193  -3.73970  -4.26222  -4.79824  -5.34740  -5.90830  -6.47977  -7.06154  -7.65448
 183.76234    0.50716   0.45767   0.29236   0.04822  -0.25205  -0.59537  -0.97367  -1.38094  -1.81346  -2.26804  -2.74228  -3.23417  -3.74202  -4.26461  -4.80071  -5.34994  -5.91092  -6.48245  -7.06430  -7.65731
 183.85849    0.50586   0.45632   0.29093   0.04670  -0.25366  -0.59707  -0.97546  -1.38282  -1.81543  -2.27008  -2.74441  -3.23637  -3.74430  -4.26697  -4.80315  -5.35246  -5.91351  -6.48512  -7.06703  -7.66012
 183.95463    0.50457   0.45499   0.28952   0.04520  -0.25525  -0.59875  -0.97723  -1.38467  -1.81736  -2.27211  -2.74651  -3.23855  -3.74656  -4.26931  -4.80556  -5.35495  -5.91608  -6.48775  -7.06974  -7.66290
 184.05078    0.50331   0.45368   0.28813   0.04372  -0.25682  -0.60041  -0.97897  -1.38650  -1.81928  -2.27410  -2.74859  -3.24071  -3.74880  -4.27162  -4.80795  -5.35742  -5.91862  -6.49036  -7.07243  -7.66565
 184.14692    0.50207   0.45240   0.28677   0.04227  -0.25836  -0.60204  -0.98069  -1.38831  -1.82117  -2.27608  -2.75064  -3.24284  -3.75101  -4.27391  -4.81032  -5.35986  -5.92113  -6.49295  -7.07508  -7.66838
 184.24307    0.50085   0.45114   0.28543   0.04084  -0.25988  -0.60365  -0.98239  -1.39009  -1.82303  -2.27802  -2.75267  -3.24495  -3.75319  -4.27617  -4.81266  -5.36227  -5.92362  -6.49551  -7.07772  -7.67108
 184.33921    0.49966   0.44991   0.28411   0.03943  -0.26138  -0.60523  -0.98406  -1.39185  -1.82488  -2.27995  -2.75468  -3.24703  -3.75535  -4.27841  -4.81498  -5.36466  -5.92608  -6.49804  -7.08032  -7.67376
 184.43536    0.49849   0.44869   0.28282   0.03805  -0.26285  -0.60680  -0.98571  -1.39359  -1.82670  -2.28185  -2.75666  -3.24909  -3.75749  -4.28062  -4.81727  -5.36702  -5.92852  -6.50055  -7.08291  -7.67641
 184.53150    0.49735   0.44750   0.28155   0.03669  -0.26430  -0.60834  -0.98733  -1.39530  -1.82849  -2.28373  -2.75861  -3.25113  -3.75960  -4.28281  -4.81953  -5.36936  -5.93093  -6.50304  -7.08547  -7.67903
 184.62765    0.49622   0.44634   0.28030   0.03535  -0.26573  -0.60985  -0.98894  -1.39699  -1.83026  -2.28558  -2.76055  -3.25314  -3.76169  -4.28498  -4.82178  -5.37168  -5.93331  -6.50550  -7.08800  -7.68163
 184.72379    0.49512   0.44519   0.27907   0.03403  -0.26713  -0.61135  -0.99052  -1.39865  -1.83201  -2.28741  -2.76246  -3.25512  -3.76375  -4.28712  -4.82400  -5.37397  -5.93567  -6.50793  -7.09051  -7.68420
 184.81994    0.49405   0.44407   0.27787   0.03274  -0.26852  -0.61282  -0.99207  -1.40029  -1.83374  -2.28921  -2.76434  -3.25709  -3.76579  -4.28924  -4.82619  -5.37623  -5.93801  -6.51034  -7.09300  -7.68675
 184.91609    0.49299   0.44297   0.27669   0.03147  -0.26988  -0.61427  -0.99360  -1.40191  -1.83544  -2.29100  -2.76620  -3.25902  -3.76781  -4.29133  -4.82836  -5.37847  -5.94032  -6.51272  -7.09546  -7.68927
 185.01223    0.49196   0.44190   0.27553   0.03023  -0.27121  -0.61569  -0.99511  -1.40351  -1.83711  -2.29276  -2.76804  -3.26094  -3.76980  -4.29340  -4.83051  -5.38069  -5.94260  -6.51508  -7.09789  -7.69176
 185.10838    0.49095   0.44084   0.27440   0.02900  -0.27253  -0.61710  -0.99660  -1.40508  -1.83877  -2.29449  -2.76986  -3.26283  -3.77177  -4.29544  -4.83263  -5.38288  -5.94486  -6.51742  -7.10030  -7.69423
 185.20452    0.48997   0.43981   0.27329   0.02780  -0.27382  -0.61848  -0.99806  -1.40663  -1.84040  -2.29620  -2.77165  -3.26469  -3.77371  -4.29746  -4.83473  -5.38505  -5.94710  -6.51973  -7.10269  -7.69668
 185.30067    0.48900   0.43881   0.27220   0.02662  -0.27509  -0.61983  -0.99950  -1.40816  -1.84201  -2.29789  -2.77341  -3.26654  -3.77563  -4.29946  -4.83680  -5.38719  -5.94931  -6.52201  -7.10505  -7.69910
 185.39681    0.48806   0.43782   0.27113   0.02546  -0.27633  -0.62117  -1.00092  -1.40967  -1.84360  -2.29956  -2.77516  -3.26836  -3.77753  -4.30143  -4.83885  -5.38931  -5.95149  -6.52427  -7.10739  -7.70149
 185.49296    0.48714   0.43686   0.27008   0.02433  -0.27756  -0.62248  -1.00232  -1.41115  -1.84516  -2.30120  -2.77688  -3.27015  -3.77940  -4.30338  -4.84088  -5.39140  -5.95366  -6.52651  -7.10971  -7.70386
 185.58910    0.48625   0.43592   0.26906   0.02321  -0.27876  -0.62377  -1.00369  -1.41261  -1.84670  -2.30282  -2.77858  -3.27192  -3.78125  -4.30531  -4.84288  -5.39347  -5.95579  -6.52872  -7.11200  -7.70621
 185.68525    0.48537   0.43500   0.26806   0.02212  -0.27994  -0.62504  -1.00504  -1.41404  -1.84822  -2.30442  -2.78025  -3.27367  -3.78307  -4.30721  -4.84486  -5.39552  -5.95791  -6.53091  -7.11427  -7.70853
 185.78139    0.48452   0.43410   0.26708   0.02105  -0.28110  -0.62629  -1.00637  -1.41546  -1.84971  -2.30599  -2.78190  -3.27540  -3.78487  -4.30909  -4.84682  -5.39754  -5.95999  -6.53307  -7.11651  -7.71082
 185.87754    0.48369   0.43323   0.26613   0.02001  -0.28223  -0.62751  -1.00768  -1.41685  -1.85119  -2.30755  -2.78353  -3.27710  -3.78665  -4.31095  -4.84875  -5.39954  -5.96206  -6.53521  -7.11873  -7.71309
 185.97369    0.48288   0.43237   0.26519   0.01898  -0.28335  -0.62871  -1.00896  -1.41822  -1.85264  -2.30908  -2.78514  -3.27878  -3.78841  -4.31278  -4.85066  -5.40151  -5.96410  -6.53733  -7.12093  -7.71534
 186.06983    0.48210   0.43154   0.26428   0.01798  -0.28444  -0.62989  -1.01022  -1.41957  -1.85407  -2.31058  -2.78672  -3.28044  -3.79014  -4.31459  -4.85255  -5.40346  -5.96612  -6.53942  -7.12310  -7.71756
 186.16598    0.48133   0.43073   0.26339   0.01700  -0.28551  -0.63105  -1.01146  -1.42089  -1.85547  -2.31207  -2.78828  -3.28207  -3.79185  -4.31638  -4.85441  -5.40539  -5.96811  -6.54149  -7.12525  -7.71976
 186.26212    0.48059   0.42995   0.26252   0.01604  -0.28656  -0.63218  -1.01268  -1.42219  -1.85685  -2.31353  -2.78982  -3.28368  -3.79354  -4.31814  -4.85625  -5.40729  -5.97008  -6.54353  -7.12737  -7.72193
 186.35827    0.47987   0.42918   0.26167   0.01510  -0.28758  -0.63330  -1.01387  -1.42348  -1.85821  -2.31497  -2.79133  -3.28527  -3.79520  -4.31988  -4.85807  -5.40917  -5.97202  -6.54555  -7.12947  -7.72408
 186.45441    0.47918   0.42844   0.26085   0.01419  -0.28859  -0.63439  -1.01505  -1.42473  -1.85955  -2.31638  -2.79282  -3.28683  -3.79684  -4.32160  -4.85986  -5.41103  -5.97395  -6.54755  -7.13155  -7.72621
 186.55056    0.47850   0.42772   0.26004   0.01329  -0.28957  -0.63546  -1.01620  -1.42597  -1.86087  -2.31778  -2.79429  -3.28838  -3.79846  -4.32329  -4.86164  -5.41287  -5.97584  -6.54952  -7.13361  -7.72831
 186.64670    0.47785   0.42702   0.25926   0.01242  -0.29053  -0.63651  -1.01733  -1.42719  -1.86217  -2.31915  -2.79574  -3.28990  -3.80005  -4.32497  -4.86338  -5.41468  -5.97772  -6.55147  -7.13564  -7.73039
 186.74285    0.47721   0.42634   0.25850   0.01157  -0.29147  -0.63754  -1.01844  -1.42838  -1.86344  -2.32050  -2.79717  -3.29140  -3.80163  -4.32662  -4.86511  -5.41647  -5.97957  -6.55340  -7.13765  -7.73244
 186.83899    0.47660   0.42568   0.25776   0.01074  -0.29239  -0.63854  -1.01952  -1.42955  -1.86469  -2.32183  -2.79857  -3.29287  -3.80318  -4.32824  -4.86681  -5.41823  -5.98140  -6.55530  -7.13963  -7.73447
 186.93514    0.47601   0.42505   0.25704   0.00993  -0.29329  -0.63953  -1.02059  -1.43070  -1.86592  -2.32314  -2.79995  -3.29433  -3.80471  -4.32985  -4.86850  -5.41997  -5.98321  -6.55718  -7.14159  -7.73648
 187.03129    0.47544   0.42444   0.25635   0.00915  -0.29416  -0.64049  -1.02163  -1.43183  -1.86713  -2.32442  -2.80131  -3.29576  -3.80621  -4.33143  -4.87015  -5.42169  -5.98499  -6.55904  -7.14353  -7.73846
 187.12743    0.47490   0.42384   0.25567   0.00838  -0.29502  -0.64143  -1.02265  -1.43294  -1.86831  -2.32569  -2.80265  -3.29717  -3.80769  -4.33299  -4.87179  -5.42339  -5.98675  -6.56088  -7.14545  -7.74042
 187.22358    0.47437   0.42327   0.25502   0.00764  -0.29585  -0.64235  -1.02365  -1.43402  -1.86948  -2.32693  -2.80397  -3.29855  -3.80916  -4.33453  -4.87340  -5.42506  -5.98848  -6.56269  -7.14734  -7.74236
 187.31972    0.47387   0.42272   0.25439   0.00691  -0.29666  -0.64325  -1.02463  -1.43509  -1.87062  -2.32815  -2.80526  -3.29992  -3.81060  -4.33604  -4.87499  -5.42672  -5.99020  -6.56448  -7.14921  -7.74427
 187.41587    0.47339   0.42219   0.25377   0.00621  -0.29745  -0.64413  -1.02559  -1.43613  -1.87174  -2.32934  -2.80653  -3.30126  -3.81201  -4.33754  -4.87656  -5.42835  -5.99189  -6.56625  -7.15106  -7.74616
 187.51201    0.47293   0.42168   0.25318   0.00553  -0.29822  -0.64499  -1.02653  -1.43715  -1.87284  -2.33052  -2.80778  -3.30258  -3.81341  -4.33901  -4.87811  -5.42995  -5.99356  -6.56799  -7.15289  -7.74803
 187.60816    0.47249   0.42120   0.25261   0.00487  -0.29897  -0.64582  -1.02744  -1.43815  -1.87392  -2.33168  -2.80901  -3.30388  -3.81478  -4.34046  -4.87964  -5.43154  -5.99521  -6.56971  -7.15469  -7.74987
 187.70430    0.47207   0.42073   0.25206   0.00423  -0.29970  -0.64664  -1.02834  -1.43913  -1.87498  -2.33281  -2.81022  -3.30516  -3.81614  -4.34189  -4.88114  -5.43310  -5.99683  -6.57141  -7.15647  -7.75170
 187.80045    0.47167   0.42029   0.25154   0.00361  -0.30041  -0.64743  -1.02921  -1.44009  -1.87602  -2.33392  -2.81140  -3.30642  -3.81747  -4.34329  -4.88262  -5.43464  -5.99843  -6.57309  -7.15823  -7.75349
 187.89659    0.47129   0.41986   0.25103   0.00301  -0.30109  -0.64820  -1.03006  -1.44103  -1.87703  -2.33502  -2.81257  -3.30766  -3.81878  -4.34468  -4.88408  -5.43616  -6.00001  -6.57474  -7.15997  -7.75527
 187.99274    0.47093   0.41946   0.25054   0.00243  -0.30176  -0.64896  -1.03090  -1.44195  -1.87803  -2.33609  -2.81371  -3.30887  -3.82006  -4.34604  -4.88552  -5.43766  -6.00157  -6.57637  -7.16168  -7.75702
 188.08889    0.47060   0.41908   0.25008   0.00188  -0.30240  -0.64969  -1.03171  -1.44284  -1.87900  -2.33714  -2.81483  -3.31006  -3.82133  -4.34738  -4.88693  -5.43913  -6.00310  -6.57798  -7.16337  -7.75876
 188.18503    0.47028   0.41872   0.24963   0.00134  -0.30303  -0.65040  -1.03250  -1.44372  -1.87996  -2.33817  -2.81594  -3.31124  -3.82258  -4.34870  -4.88833  -5.44058  -6.00462  -6.57957  -7.16504  -7.76046
 188.28118    0.46999   0.41837   0.24921   0.00083  -0.30363  -0.65109  -1.03327  -1.44457  -1.88089  -2.33917  -2.81702  -3.31239  -3.82380  -4.35000  -4.88970  -5.44202  -6.00611  -6.58114  -7.16668  -7.76215
 188.37732    0.46972   0.41805   0.24880   0.00033  -0.30422  -0.65176  -1.03402  -1.44541  -1.88180  -2.34016  -2.81808  -3.31352  -3.82500  -4.35128  -4.89105  -5.44343  -6.00758  -6.58268  -7.16831  -7.76381
 188.47347    0.46946   0.41775   0.24842  -0.00014  -0.30478  -0.65241  -1.03475  -1.44622  -1.88269  -2.34113  -2.81911  -3.31463  -3.82618  -4.35254  -4.89238  -5.44481  -6.00903  -6.58421  -7.16991  -7.76546
 188.56961    0.46923   0.41747   0.24805  -0.00060  -0.30532  -0.65304  -1.03545  -1.44701  -1.88356  -2.34207  -2.82013  -3.31571  -3.82734  -4.35377  -4.89369  -5.44618  -6.01045  -6.58571  -7.17149  -7.76708
 188.66576    0.46902   0.41721   0.24771  -0.00103  -0.30585  -0.65365  -1.03614  -1.44778  -1.88441  -2.34300  -2.82113  -3.31678  -3.82848  -4.35499  -4.89498  -5.44753  -6.01186  -6.58719  -7.17305  -7.76867
 188.76190    0.46883   0.41697   0.24739  -0.00145  -0.30635  -0.65424  -1.03681  -1.44853  -1.88524  -2.34390  -2.82211  -3.31783  -3.82960  -4.35618  -4.89624  -5.44885  -6.01324  -6.58864  -7.17459  -7.77025
 188.85805    0.46866   0.41676   0.24708  -0.00184  -0.30683  -0.65481  -1.03746  -1.44927  -1.88605  -2.34479  -2.82306  -3.31885  -3.83070  -4.35735  -4.89749  -5.45015  -6.01461  -6.59008  -7.17610  -7.77180
 188.95419    0.46851   0.41656   0.24680  -0.00221  -0.30729  -0.65535  -1.03809  -1.44998  -1.88684  -2.34565  -2.82400  -3.31986  -3.83178  -4.35850  -4.89871  -5.45143  -6.01595  -6.59149  -7.17760  -7.77334
 189.05034    0.46838   0.41638   0.24654  -0.00257  -0.30774  -0.65588  -1.03869  -1.45067  -1.88761  -2.34649  -2.82491  -3.32084  -3.83283  -4.35963  -4.89991  -5.45270  -6.01727  -6.59289  -7.17907  -7.77485
 189.14649    0.46827   0.41622   0.24630  -0.00290  -0.30816  -0.65639  -1.03928  -1.45134  -1.88836  -2.34731  -2.82581  -3.32181  -3.83387  -4.36074  -4.90110  -5.45394  -6.01857  -6.59426  -7.18052  -7.77634
 189.24263    0.46818   0.41608   0.24607  -0.00321  -0.30856  -0.65688  -1.03985  -1.45199  -1.88908  -2.34812  -2.82668  -3.32275  -3.83489  -4.36183  -4.90226  -5.45515  -6.01984  -6.59561  -7.18195  -7.77780
 189.33878    0.46811   0.41596   0.24587  -0.00351  -0.30894  -0.65735  -1.04040  -1.45262  -1.88979  -2.34890  -2.82753  -3.32368  -3.83588  -4.36290  -4.90340  -5.45635  -6.02110  -6.59694  -7.18335  -7.77925
 189.43492    0.46806   0.41587   0.24569  -0.00378  -0.30931  -0.65780  -1.04093  -1.45323  -1.89048  -2.34966  -2.82837  -3.32458  -3.83686  -4.36395  -4.90452  -5.45753  -6.02234  -6.59825  -7.18474  -7.78067
 189.53107    0.46803   0.41579   0.24552  -0.00404  -0.30965  -0.65823  -1.04143  -1.45382  -1.89115  -2.35041  -2.82918  -3.32546  -3.83781  -4.36497  -4.90562  -5.45869  -6.02355  -6.59953  -7.18610  -7.78208
 189.62721    0.46802   0.41573   0.24538  -0.00427  -0.30997  -0.65863  -1.04192  -1.45440  -1.89180  -2.35113  -2.82998  -3.32633  -3.83875  -4.36598  -4.90670  -5.45982  -6.02475  -6.60080  -7.18745  -7.78346
 189.72336    0.46803   0.41569   0.24526  -0.00449  -0.31028  -0.65902  -1.04239  -1.45495  -1.89242  -2.35183  -2.83075  -3.32717  -3.83966  -4.36697  -4.90775  -5.46094  -6.02592  -6.60205  -7.18877  -7.78482
 189.81950    0.46806   0.41567   0.24515  -0.00468  -0.31056  -0.65939  -1.04284  -1.45548  -1.89303  -2.35251  -2.83150  -3.32799  -3.84056  -4.36793  -4.90879  -5.46203  -6.02708  -6.60327  -7.19007  -7.78616
 189.91565    0.46811   0.41567   0.24507  -0.00486  -0.31082  -0.65974  -1.04327  -1.45599  -1.89362  -2.35318  -2.83224  -3.32880  -3.84143  -4.36888  -4.90981  -5.46311  -6.02821  -6.60448  -7.19135  -7.78748
 190.01179    0.46818   0.41569   0.24500  -0.00501  -0.31107  -0.66008  -1.04368  -1.45648  -1.89419  -2.35382  -2.83295  -3.32958  -3.84228  -4.36981  -4.91081  -5.46416  -6.02932  -6.60566  -7.19261  -7.78878
 190.10794    0.46827   0.41573   0.24496  -0.00515  -0.31129  -0.66039  -1.04407  -1.45696  -1.89474  -2.35444  -2.83365  -3.33035  -3.84312  -4.37071  -4.91178  -5.46520  -6.03041  -6.60682  -7.19385  -7.79006
 190.20409    0.46837   0.41579   0.24493  -0.00527  -0.31150  -0.66068  -1.04444  -1.45741  -1.89527  -2.35505  -2.83432  -3.33109  -3.84393  -4.37160  -4.91274  -5.46621  -6.03149  -6.60797  -7.19506  -7.79131
 190.30023    0.46850   0.41587   0.24492  -0.00537  -0.31169  -0.66095  -1.04480  -1.45785  -1.89578  -2.35563  -2.83498  -3.33182  -3.84473  -4.37247  -4.91368  -5.46720  -6.03254  -6.60909  -7.19626  -7.79255
 190.39638    0.46865   0.41597   0.24493  -0.00545  -0.31186  -0.66120  -1.04513  -1.45826  -1.89628  -2.35620  -2.83561  -3.33252  -3.84551  -4.37331  -4.91459  -5.46818  -6.03357  -6.61019  -7.19743  -7.79377
 190.49252    0.46882   0.41608   0.24497  -0.00551  -0.31200  -0.66144  -1.04544  -1.45866  -1.89675  -2.35675  -2.83623  -3.33321  -3.84626  -4.37414  -4.91549  -5.46913  -6.03459  -6.61127  -7.19859  -7.79496
 190.58867    0.46900   0.41622   0.24502  -0.00555  -0.31213  -0.66165  -1.04574  -1.45903  -1.89720  -2.35727  -2.83683  -3.33387  -3.84700  -4.37495  -4.91636  -5.47007  -6.03558  -6.61234  -7.19972  -7.79614
 190.68481    0.46921   0.41637   0.24509  -0.00557  -0.31224  -0.66185  -1.04601  -1.45939  -1.89764  -2.35778  -2.83741  -3.33452  -3.84772  -4.37574  -4.91722  -5.47098  -6.03655  -6.61338  -7.20083  -7.79729
 190.78096    0.46944   0.41655   0.24517  -0.00557  -0.31234  -0.66203  -1.04627  -1.45973  -1.89805  -2.35827  -2.83797  -3.33515  -3.84842  -4.37650  -4.91806  -5.47188  -6.03750  -6.61440  -7.20193  -7.79843
 190.87710    0.46968   0.41674   0.24528  -0.00556  -0.31241  -0.66219  -1.04651  -1.46005  -1.89845  -2.35874  -2.83851  -3.33576  -3.84909  -4.37725  -4.91888  -5.47275  -6.03844  -6.61540  -7.20300  -7.79954
 190.97325    0.46994   0.41696   0.24541  -0.00552  -0.31246  -0.66232  -1.04673  -1.46035  -1.89882  -2.35919  -2.83903  -3.33635  -3.84975  -4.37798  -4.91967  -5.47361  -6.03935  -6.61638  -7.20405  -7.80063
 191.06939    0.47023   0.41719   0.24555  -0.00547  -0.31250  -0.66244  -1.04693  -1.46063  -1.89918  -2.35962  -2.83953  -3.33692  -3.85040  -4.37869  -4.92045  -5.47444  -6.04025  -6.61734  -7.20508  -7.80171
 191.16554    0.47053   0.41744   0.24572  -0.00539  -0.31251  -0.66255  -1.04711  -1.46089  -1.89952  -2.36003  -2.84001  -3.33748  -3.85102  -4.37938  -4.92121  -5.47526  -6.04112  -6.61829  -7.20609  -7.80276
 191.26168    0.47085   0.41771   0.24590  -0.00530  -0.31251  -0.66263  -1.04728  -1.46114  -1.89984  -2.36043  -2.84048  -3.33801  -3.85162  -4.38005  -4.92195  -5.47606  -6.04198  -6.61921  -7.20708  -7.80380
 191.35783    0.47119   0.41800   0.24610  -0.00519  -0.31249  -0.66269  -1.04742  -1.46136  -1.90014  -2.36080  -2.84092  -3.33852  -3.85220  -4.38071  -4.92267  -5.47683  -6.04281  -6.62011  -7.20805  -7.80481
 191.45398    0.47155   0.41830   0.24632  -0.00506  -0.31245  -0.66274  -1.04755  -1.46157  -1.90043  -2.36116  -2.84135  -3.33902  -3.85277  -4.38134  -4.92337  -5.47759  -6.04363  -6.62100  -7.20900  -7.80581
 191.55012    0.47193   0.41863   0.24656  -0.00492  -0.31239  -0.66276  -1.04765  -1.46176  -1.90069  -2.36150  -2.84176  -3.33950  -3.85332  -4.38195  -4.92405  -5.47833  -6.04443  -6.62186  -7.20993  -7.80678
 191.64627    0.47232   0.41898   0.24682  -0.00475  -0.31231  -0.66277  -1.04774  -1.46193  -1.90094  -2.36182  -2.84215  -3.33996  -3.85384  -4.38255  -4.92471  -5.47905  -6.04521  -6.62271  -7.21084  -7.80774
 191.74241    0.47274   0.41934   0.24710  -0.00456  -0.31222  -0.66276  -1.04782  -1.46208  -1.90116  -2.36212  -2.84252  -3.34040  -3.85435  -4.38313  -4.92535  -5.47976  -6.04597  -6.62353  -7.21173  -7.80867
 191.83856    0.47317   0.41972   0.24739  -0.00436  -0.31210  -0.66273  -1.04787  -1.46221  -1.90137  -2.36240  -2.84287  -3.34082  -3.85484  -4.38368  -4.92598  -5.48044  -6.04671  -6.62434  -7.21260  -7.80959
 191.93470    0.47362   0.42012   0.24770  -0.00414  -0.31197  -0.66269  -1.04790  -1.46233  -1.90156  -2.36266  -2.84321  -3.34123  -3.85532  -4.38422  -4.92658  -5.48110  -6.04744  -6.62512  -7.21345  -7.81049
 192.03085    0.47410   0.42054   0.24804  -0.00390  -0.31182  -0.66262  -1.04792  -1.46242  -1.90174  -2.36291  -2.84352  -3.34161  -3.85577  -4.38474  -4.92717  -5.48175  -6.04814  -6.62589  -7.21428  -7.81137
 192.12699    0.47459   0.42098   0.24839  -0.00364  -0.31165  -0.66254  -1.04792  -1.46250  -1.90189  -2.36314  -2.84382  -3.34198  -3.85620  -4.38524  -4.92773  -5.48237  -6.04883  -6.62664  -7.21509  -7.81223
 192.22314    0.47509   0.42143   0.24875  -0.00337  -0.31147  -0.66244  -1.04790  -1.46256  -1.90203  -2.36335  -2.84410  -3.34233  -3.85662  -4.38573  -4.92828  -5.48298  -6.04949  -6.62737  -7.21589  -7.81307
 192.31928    0.47562   0.42191   0.24914  -0.00307  -0.31126  -0.66232  -1.04786  -1.46260  -1.90215  -2.36354  -2.84436  -3.34266  -3.85702  -4.38619  -4.92881  -5.48357  -6.05014  -6.62808  -7.21666  -7.81389
 192.41543    0.47617   0.42240   0.24954  -0.00276  -0.31104  -0.66218  -1.04780  -1.46262  -1.90224  -2.36371  -2.84461  -3.34297  -3.85740  -4.38664  -4.92932  -5.48414  -6.05077  -6.62877  -7.21741  -7.81469
 192.51158    0.47673   0.42291   0.24997  -0.00243  -0.31080  -0.66202  -1.04773  -1.46263  -1.90233  -2.36387  -2.84483  -3.34327  -3.85776  -4.38707  -4.92981  -5.48469  -6.05138  -6.62945  -7.21814  -7.81547
 192.60772    0.47731   0.42344   0.25041  -0.00208  -0.31054  -0.66185  -1.04764  -1.46262  -1.90239  -2.36400  -2.84504  -3.34355  -3.85811  -4.38748  -4.93029  -5.48523  -6.05198  -6.63010  -7.21885  -7.81624
 192.70387    0.47791   0.42399   0.25087  -0.00171  -0.31026  -0.66166  -1.04753  -1.46259  -1.90244  -2.36412  -2.84523  -3.34381  -3.85844  -4.38787  -4.93074  -5.48574  -6.05255  -6.63074  -7.21955  -7.81698
 192.80001    0.47853   0.42455   0.25134  -0.00133  -0.30996  -0.66145  -1.04740  -1.46254  -1.90246  -2.36422  -2.84540  -3.34405  -3.85875  -4.38824  -4.93118  -5.48624  -6.05311  -6.63136  -7.22022  -7.81771
 192.89616    0.47917   0.42513   0.25184  -0.00093  -0.30965  -0.66122  -1.04726  -1.46247  -1.90247  -2.36431  -2.84556  -3.34427  -3.85904  -4.38860  -4.93160  -5.48672  -6.05365  -6.63196  -7.22088  -7.81842
 192.99230    0.47982   0.42573   0.25235  -0.00051  -0.30932  -0.66097  -1.04710  -1.46239  -1.90247  -2.36437  -2.84569  -3.34448  -3.85931  -4.38893  -4.93199  -5.48718  -6.05417  -6.63254  -7.22151  -7.81911
 193.08845    0.48049   0.42635   0.25288  -0.00007  -0.30897  -0.66071  -1.04692  -1.46229  -1.90244  -2.36442  -2.84581  -3.34467  -3.85957  -4.38925  -4.93238  -5.48763  -6.05468  -6.63310  -7.22213  -7.81978
 193.18459    0.48118   0.42699   0.25343   0.00039  -0.30861  -0.66043  -1.04672  -1.46217  -1.90240  -2.36445  -2.84591  -3.34484  -3.85980  -4.38955  -4.93274  -5.48805  -6.05516  -6.63364  -7.22272  -7.82043
 193.28074    0.48189   0.42764   0.25399   0.00086  -0.30822  -0.66013  -1.04651  -1.46203  -1.90234  -2.36447  -2.84600  -3.34500  -3.86003  -4.38984  -4.93308  -5.48846  -6.05563  -6.63417  -7.22330  -7.82107
 193.37688    0.48262   0.42832   0.25457   0.00135  -0.30782  -0.65982  -1.04628  -1.46188  -1.90226  -2.36446  -2.84606  -3.34513  -3.86023  -4.39010  -4.93341  -5.48885  -6.05608  -6.63468  -7.22386  -7.82168
 193.47303    0.48336   0.42901   0.25518   0.00186  -0.30740  -0.65948  -1.04603  -1.46170  -1.90217  -2.36444  -2.84611  -3.34525  -3.86041  -4.39035  -4.93372  -5.48922  -6.05651  -6.63517  -7.22440  -7.82228
 193.56918    0.48413   0.42971   0.25579   0.00239  -0.30697  -0.65913  -1.04576  -1.46152  -1.90205  -2.36440  -2.84615  -3.34536  -3.86058  -4.39058  -4.93401  -5.48958  -6.05693  -6.63564  -7.22492  -7.82286
 193.66532    0.48491   0.43044   0.25643   0.00293  -0.30652  -0.65876  -1.04548  -1.46131  -1.90192  -2.36434  -2.84616  -3.34544  -3.86073  -4.39079  -4.93428  -5.48991  -6.05733  -6.63609  -7.22542  -7.82342
 193.76147    0.48571   0.43118   0.25708   0.00349  -0.30604  -0.65838  -1.04518  -1.46109  -1.90178  -2.36427  -2.84616  -3.34551  -3.86087  -4.39099  -4.93454  -5.49023  -6.05771  -6.63653  -7.22591  -7.82397
 193.85761    0.48652   0.43194   0.25775   0.00407  -0.30556  -0.65798  -1.04486  -1.46084  -1.90161  -2.36418  -2.84614  -3.34556  -3.86099  -4.39117  -4.93478  -5.49053  -6.05807  -6.63695  -7.22637  -7.82449
 193.95376    0.48735   0.43272   0.25844   0.00466  -0.30505  -0.65756  -1.04453  -1.46059  -1.90143  -2.36407  -2.84610  -3.34560  -3.86109  -4.39133  -4.93500  -5.49082  -6.05842  -6.63735  -7.22682  -7.82500
 194.04990    0.48820   0.43352   0.25914   0.00528  -0.30453  -0.65712  -1.04417  -1.46031  -1.90123  -2.36395  -2.84605  -3.34561  -3.86117  -4.39147  -4.93520  -5.49108  -6.05874  -6.63773  -7.22724  -7.82549
 194.14605    0.48907   0.43433   0.25987   0.00591  -0.30399  -0.65666  -1.04381  -1.46002  -1.90102  -2.36381  -2.84598  -3.34561  -3.86123  -4.39159  -4.93538  -5.49133  -6.05906  -6.63809  -7.22765  -7.82597
 194.24219    0.48996   0.43516   0.26061   0.00655  -0.30343  -0.65619  -1.04342  -1.45971  -1.90079  -2.36365  -2.84589  -3.34560  -3.86128  -4.39170  -4.93555  -5.49157  -6.05935  -6.63844  -7.22804  -7.82642
 194.33834    0.49086   0.43601   0.26136   0.00722  -0.30286  -0.65570  -1.04302  -1.45938  -1.90054  -2.36347  -2.84579  -3.34557  -3.86132  -4.39179  -4.93570  -5.49178  -6.05963  -6.63877  -7.22841  -7.82686
 194.43448    0.49178   0.43687   0.26214   0.00790  -0.30227  -0.65520  -1.04260  -1.45904  -1.90027  -2.36328  -2.84567  -3.34552  -3.86133  -4.39187  -4.93583  -5.49198  -6.05989  -6.63908  -7.22877  -7.82728
 194.53063    0.49272   0.43775   0.26293   0.00860  -0.30166  -0.65468  -1.04216  -1.45868  -1.89999  -2.36307  -2.84553  -3.34545  -3.86133  -4.39192  -4.93594  -5.49216  -6.06013  -6.63938  -7.22910  -7.82768
 194.62678    0.49368   0.43865   0.26373   0.00931  -0.30104  -0.65414  -1.04171  -1.45830  -1.89969  -2.36284  -2.84537  -3.34537  -3.86131  -4.39196  -4.93604  -5.49233  -6.06036  -6.63966  -7.22942  -7.82807
 194.72292    0.49465   0.43957   0.26456   0.01005  -0.30039  -0.65358  -1.04124  -1.45791  -1.89937  -2.36260  -2.84520  -3.34527  -3.86128  -4.39199  -4.93612  -5.49247  -6.06057  -6.63992  -7.22971  -7.82844
 194.81907    0.49564   0.44050   0.26540   0.01079  -0.29974  -0.65301  -1.04076  -1.45750  -1.89904  -2.36234  -2.84502  -3.34515  -3.86123  -4.39199  -4.93618  -5.49260  -6.06077  -6.64016  -7.22999  -7.82879
 194.91521    0.49664   0.44145   0.26626   0.01156  -0.29906  -0.65242  -1.04026  -1.45707  -1.89869  -2.36207  -2.84481  -3.34502  -3.86116  -4.39198  -4.93623  -5.49272  -6.06094  -6.64039  -7.23026  -7.82912
 195.01136    0.49767   0.44242   0.26713   0.01234  -0.29837  -0.65181  -1.03974  -1.45663  -1.89832  -2.36177  -2.84459  -3.34488  -3.86108  -4.39196  -4.93626  -5.49281  -6.06110  -6.64059  -7.23050  -7.82944
 195.10750    0.49871   0.44340   0.26803   0.01314  -0.29766  -0.65119  -1.03920  -1.45617  -1.89794  -2.36146  -2.84436  -3.34471  -3.86098  -4.39191  -4.93627  -5.49290  -6.06125  -6.64079  -7.23072  -7.82974
 195.20365    0.49977   0.44440   0.26893   0.01396  -0.29694  -0.65055  -1.03865  -1.45569  -1.89754  -2.36114  -2.84410  -3.34453  -3.86086  -4.39185  -4.93626  -5.49296  -6.06138  -6.64096  -7.23093  -7.83002
 195.29979    0.50084   0.44542   0.26986   0.01479  -0.29620  -0.64989  -1.03809  -1.45520  -1.89712  -2.36080  -2.84383  -3.34434  -3.86073  -4.39177  -4.93624  -5.49301  -6.06149  -6.64112  -7.23112  -7.83029
 195.39594    0.50193   0.44645   0.27080   0.01564  -0.29544  -0.64922  -1.03750  -1.45469  -1.89669  -2.36044  -2.84355  -3.34412  -3.86058  -4.39168  -4.93620  -5.49304  -6.06159  -6.64126  -7.23129  -7.83054
 195.49208    0.50304   0.44750   0.27176   0.01651  -0.29466  -0.64853  -1.03690  -1.45417  -1.89624  -2.36007  -2.84325  -3.34390  -3.86041  -4.39157  -4.93614  -5.49305  -6.06167  -6.64139  -7.23144  -7.83077
 195.58823    0.50417   0.44857   0.27273   0.01739  -0.29387  -0.64782  -1.03629  -1.45362  -1.89578  -2.35968  -2.84293  -3.34365  -3.86023  -4.39144  -4.93607  -5.49305  -6.06173  -6.64149  -7.23158  -7.83099
 195.68438    0.50531   0.44965   0.27373   0.01829  -0.29307  -0.64710  -1.03566  -1.45307  -1.89530  -2.35927  -2.84260  -3.34339  -3.86004  -4.39130  -4.93598  -5.49303  -6.06178  -6.64158  -7.23170  -7.83119
 195.78052    0.50647   0.45075   0.27473   0.01920  -0.29224  -0.64636  -1.03501  -1.45249  -1.89480  -2.35885  -2.84225  -3.34312  -3.85982  -4.39114  -4.93587  -5.49300  -6.06181  -6.64166  -7.23180  -7.83137
 195.87667    0.50765   0.45187   0.27576   0.02013  -0.29140  -0.64561  -1.03435  -1.45190  -1.89429  -2.35841  -2.84188  -3.34282  -3.85960  -4.39097  -4.93575  -5.49295  -6.06182  -6.64172  -7.23188  -7.83154
 195.97281    0.50884   0.45300   0.27680   0.02108  -0.29055  -0.64484  -1.03367  -1.45129  -1.89376  -2.35796  -2.84150  -3.34252  -3.85935  -4.39077  -4.93561  -5.49288  -6.06182  -6.64176  -7.23194  -7.83169
 196.06896    0.51005   0.45415   0.27785   0.02204  -0.28967  -0.64405  -1.03297  -1.45067  -1.89322  -2.35749  -2.84111  -3.34219  -3.85909  -4.39057  -4.93545  -5.49280  -6.06181  -6.64178  -7.23199  -7.83182
 196.16510    0.51127   0.45532   0.27893   0.02302  -0.28879  -0.64325  -1.03226  -1.45003  -1.89266  -2.35700  -2.84069  -3.34186  -3.85882  -4.39034  -4.93528  -5.49270  -6.06178  -6.64179  -7.23202  -7.83194
 196.26125    0.51251   0.45650   0.28002   0.02402  -0.28788  -0.64243  -1.03153  -1.44938  -1.89208  -2.35650  -2.84027  -3.34150  -3.85852  -4.39010  -4.93509  -5.49258  -6.06173  -6.64179  -7.23203  -7.83204
 196.35739    0.51377   0.45770   0.28112   0.02503  -0.28696  -0.64160  -1.03079  -1.44871  -1.89149  -2.35598  -2.83982  -3.34113  -3.85822  -4.38985  -4.93489  -5.49245  -6.06167  -6.64176  -7.23203  -7.83212
 196.45354    0.51505   0.45892   0.28224   0.02606  -0.28602  -0.64074  -1.03003  -1.44802  -1.89088  -2.35545  -2.83936  -3.34075  -3.85790  -4.38957  -4.93466  -5.49231  -6.06159  -6.64172  -7.23200  -7.83219
 196.54968    0.51634   0.46015   0.28338   0.02711  -0.28507  -0.63988  -1.02926  -1.44732  -1.89026  -2.35490  -2.83889  -3.34035  -3.85756  -4.38929  -4.93443  -5.49215  -6.06150  -6.64167  -7.23196  -7.83224
 196.64583    0.51765   0.46139   0.28453   0.02817  -0.28410  -0.63900  -1.02847  -1.44660  -1.88962  -2.35434  -2.83840  -3.33994  -3.85720  -4.38898  -4.93417  -5.49197  -6.06139  -6.64159  -7.23191  -7.83228
 196.74198    0.51897   0.46266   0.28570   0.02924  -0.28312  -0.63810  -1.02767  -1.44587  -1.88896  -2.35376  -2.83789  -3.33951  -3.85684  -4.38866  -4.93390  -5.49178  -6.06126  -6.64151  -7.23183  -7.83230
 196.83812    0.52031   0.46394   0.28689   0.03033  -0.28212  -0.63718  -1.02685  -1.44512  -1.88829  -2.35316  -2.83737  -3.33906  -3.85645  -4.38833  -4.93362  -5.49157  -6.06112  -6.64140  -7.23174  -7.83231
 196.93427    0.52167   0.46523   0.28809   0.03144  -0.28111  -0.63625  -1.02601  -1.44436  -1.88760  -2.35255  -2.83684  -3.33860  -3.85605  -4.38798  -4.93331  -5.49134  -6.06097  -6.64128  -7.23163  -7.83230
 197.03041    0.52304   0.46654   0.28930   0.03257  -0.28007  -0.63531  -1.02516  -1.44358  -1.88690  -2.35192  -2.83629  -3.33812  -3.85564  -4.38761  -4.93300  -5.49110  -6.06080  -6.64115  -7.23150  -7.83227
 197.12656    0.52443   0.46787   0.29054   0.03371  -0.27903  -0.63435  -1.02430  -1.44278  -1.88619  -2.35128  -2.83572  -3.33763  -3.85521  -4.38723  -4.93266  -5.49085  -6.06061  -6.64100  -7.23136  -7.83223
 197.22270    0.52583   0.46922   0.29179   0.03486  -0.27796  -0.63337  -1.02341  -1.44197  -1.88545  -2.35063  -2.83514  -3.33713  -3.85477  -4.38683  -4.93231  -5.49058  -6.06041  -6.64083  -7.23120  -7.83217
 197.31885    0.52725   0.47057   0.29305   0.03603  -0.27689  -0.63238  -1.02252  -1.44114  -1.88471  -2.34996  -2.83454  -3.33661  -3.85431  -4.38642  -4.93195  -5.49029  -6.06020  -6.64065  -7.23102  -7.83210
 197.41499    0.52869   0.47195   0.29433   0.03722  -0.27579  -0.63137  -1.02161  -1.44030  -1.88394  -2.34927  -2.83393  -3.33607  -3.85383  -4.38599  -4.93156  -5.48999  -6.05997  -6.64045  -7.23083  -7.83201
 197.51114    0.53014   0.47334   0.29562   0.03842  -0.27468  -0.63035  -1.02068  -1.43945  -1.88317  -2.34857  -2.83331  -3.33553  -3.85334  -4.38555  -4.93117  -5.48968  -6.05973  -6.64024  -7.23062  -7.83190
 197.60728    0.53161   0.47475   0.29693   0.03964  -0.27356  -0.62931  -1.01974  -1.43857  -1.88237  -2.34785  -2.83266  -3.33496  -3.85284  -4.38509  -4.93075  -5.48935  -6.05947  -6.64001  -7.23039  -7.83178
 197.70343    0.53310   0.47617   0.29826   0.04087  -0.27242  -0.62825  -1.01878  -1.43769  -1.88157  -2.34712  -2.83201  -3.33438  -3.85232  -4.38462  -4.93033  -5.48900  -6.05919  -6.63976  -7.23014  -7.83165
 197.79958    0.53460   0.47761   0.29960   0.04212  -0.27127  -0.62718  -1.01781  -1.43678  -1.88074  -2.34637  -2.83134  -3.33379  -3.85179  -4.38413  -4.92988  -5.48864  -6.05891  -6.63950  -7.22988  -7.83150
 197.89572    0.53611   0.47906   0.30096   0.04338  -0.27009  -0.62610  -1.01682  -1.43587  -1.87990  -2.34561  -2.83065  -3.33318  -3.85124  -4.38363  -4.92942  -5.48826  -6.05860  -6.63923  -7.22961  -7.83133
 197.99187    0.53764   0.48053   0.30233   0.04466  -0.26891  -0.62500  -1.01582  -1.43493  -1.87905  -2.34483  -2.82995  -3.33256  -3.85068  -4.38311  -4.92895  -5.48787  -6.05829  -6.63894  -7.22931  -7.83115
 198.08801    0.53919   0.48201   0.30372   0.04596  -0.26771  -0.62388  -1.01481  -1.43399  -1.87818  -2.34404  -2.82924  -3.33192  -3.85010  -4.38257  -4.92846  -5.48747  -6.05795  -6.63863  -7.22900  -7.83096
 198.18416    0.54075   0.48351   0.30512   0.04727  -0.26649  -0.62275  -1.01378  -1.43302  -1.87730  -2.34324  -2.82851  -3.33127  -3.84951  -4.38202  -4.92795  -5.48705  -6.05761  -6.63831  -7.22867  -7.83075
 198.28030    0.54233   0.48503   0.30654   0.04859  -0.26526  -0.62161  -1.01273  -1.43205  -1.87640  -2.34242  -2.82777  -3.33061  -3.84890  -4.38146  -4.92743  -5.48661  -6.05725  -6.63797  -7.22833  -7.83052

# Minimas
 189.62661    0.46802 
 189.86568    0.41567 
 190.28764    0.24492 
 190.74642   -0.00557 
 191.19978   -0.31251 
 191.64124   -0.66277 
 192.07024   -1.04792 
 192.49239   -1.46263 
 192.90423   -1.90248 
 193.30529   -2.36447 
 193.69993   -2.84616 
 194.10289   -3.34562 
 194.47579   -3.86133 
 194.80623   -4.39199 
 195.12262   -4.93627 
 195.52927   -5.49305 
 195.92463   -6.06183 
 196.16970   -6.64179 
 196.27873   -7.23203 
 196.82038   -7.83231 

