        0.000000000000000       189.626611746043437
       10.000000000000000       189.628425678169037
       20.000000000000000       189.634821746021657
       30.000000000000000       189.650214260247111
       40.000000000000000       189.671716916676075
       50.000000000000000       189.700917439888514
       60.000000000000000       189.729403068485794
       70.000000000000000       189.759065381338303
       80.000000000000000       189.795505575956668
       90.000000000000000       189.829502853254155
      100.000000000000000       189.865682923516630
      110.000000000000000       189.904061260900619
      120.000000000000000       189.946085699474196
      130.000000000000000       189.987963447503631
      140.000000000000000       190.025831043838082
      150.000000000000000       190.067004356195355
      160.000000000000000       190.112864994200066
      170.000000000000000       190.159039827285511
      180.000000000000000       190.199719304163665
      190.000000000000000       190.245897459574508
      200.000000000000000       190.287642293977427
      210.000000000000000       190.339580323912912
      220.000000000000000       190.382347071458696
      230.000000000000000       190.422936317443032
      240.000000000000000       190.475569033810416
      250.000000000000000       190.516755928273085
      260.000000000000000       190.558568211575675
      270.000000000000000       190.606079067254939
      280.000000000000000       190.652642130164395
      290.000000000000000       190.704050875906205
      300.000000000000000       190.746417931260538
      310.000000000000000       190.792978484591146
      320.000000000000000       190.846010576639827
      330.000000000000000       190.880145570749818
      340.000000000000000       190.925518236115892
      350.000000000000000       190.966704308621047
      360.000000000000000       191.013992141650078
      370.000000000000000       191.062492033400247
      380.000000000000000       191.108284695063617
      390.000000000000000       191.153418323354458
      400.000000000000000       191.199777447115423
      410.000000000000000       191.243011344210458
      420.000000000000000       191.282650857018893
      430.000000000000000       191.335705028863885
      440.000000000000000       191.374984129463826
      450.000000000000000       191.416590410288734
      460.000000000000000       191.462401929586207
      470.000000000000000       191.524620676915902
      480.000000000000000       191.550137721855577
      490.000000000000000       191.598778356272049
      500.000000000000000       191.641239029504931
      510.000000000000000       191.688738345574279
      520.000000000000000       191.725595156399493
      530.000000000000000       191.767166300296452
      540.000000000000000       191.814676553344526
      550.000000000000000       191.857490313879282
      560.000000000000000       191.900962213004846
      570.000000000000000       191.939765348640691
      580.000000000000000       191.986295949236251
      590.000000000000000       192.026914104867018
      600.000000000000000       192.070240320484203
      610.000000000000000       192.111164942519338
      620.000000000000000       192.155023582935740
      630.000000000000000       192.198139343543971
      640.000000000000000       192.238301393574403
      650.000000000000000       192.279813272670253
      660.000000000000000       192.320291199775596
      670.000000000000000       192.364403103596288
      680.000000000000000       192.413241928644936
      690.000000000000000       192.449912015064626
      700.000000000000000       192.492392244975775
      710.000000000000000       192.533423007979593
      720.000000000000000       192.578589125076689
      730.000000000000000       192.618172331370261
      740.000000000000000       192.660266922480304
      750.000000000000000       192.703645585483343
      760.000000000000000       192.745117737743470
      770.000000000000000       192.783407115582577
      780.000000000000000       192.818993238082527
      790.000000000000000       192.865589249594393
      800.000000000000000       192.904230694196116
      810.000000000000000       192.938608488989189
      820.000000000000000       192.986663037034532
      830.000000000000000       193.024658495636089
      840.000000000000000       193.067889775470064
      850.000000000000000       193.100144265749407
      860.000000000000000       193.148746781502865
      870.000000000000000       193.186159167936438
      880.000000000000000       193.224426598664024
      890.000000000000000       193.260297648689715
      900.000000000000000       193.305286353055266
      910.000000000000000       193.335036082751344
      920.000000000000000       193.376346104008036
      930.000000000000000       193.431630736517491
      940.000000000000000       193.464359709911719
      950.000000000000000       193.504844113682481
      960.000000000000000       193.559333471880592
      970.000000000000000       193.578821645448272
      980.000000000000000       193.610430715082401
      990.000000000000000       193.660480905815177
     1000.000000000000000       193.699930730679682
     1010.000000000000000       193.719838233296002
     1020.000000000000000       193.759527647481832
     1030.000000000000000       193.822770468306942
     1040.000000000000000       193.861158558931265
     1050.000000000000000       193.901687829253490
     1060.000000000000000       193.926820892885132
     1070.000000000000000       193.957272404768673
     1080.000000000000000       193.998792305065933
     1090.000000000000000       194.029182219118553
     1100.000000000000000       194.102888461256583
     1110.000000000000000       194.083948813849389
     1120.000000000000000       194.122682285452612
     1130.000000000000000       194.172799624160490
     1140.000000000000000       194.214421887311175
     1150.000000000000000       194.289614125614690
     1160.000000000000000       194.314904710206889
     1170.000000000000000       194.344365338056633
     1180.000000000000000       194.373683200112055
     1190.000000000000000       194.404357227569818
     1200.000000000000000       194.475785705210313
     1210.000000000000000       194.484364979487168
     1220.000000000000000       194.555188785561199
     1230.000000000000000       194.560121824676600
     1240.000000000000000       194.577222467124386
     1250.000000000000000       194.623828002004103
     1260.000000000000000       194.643653883834332
     1270.000000000000000       194.681279604876266
     1280.000000000000000       194.733934111253376
     1290.000000000000000       194.834573371985414
     1300.000000000000000       194.806231250682288
     1310.000000000000000       194.883938420667818
     1320.000000000000000       194.892645322966359
     1330.000000000000000       194.953249954369682
     1340.000000000000000       194.987811389206939
     1350.000000000000000       195.047767186830640
     1360.000000000000000       195.014191823756164
     1370.000000000000000       195.037753816836300
     1380.000000000000000       195.067423210207380
     1390.000000000000000       195.184036752126133
     1400.000000000000000       195.122615938243655
     1410.000000000000000       195.183334736401775
     1420.000000000000000       195.236607845411157
     1430.000000000000000       195.289386426141789
     1440.000000000000000       195.312564019498467
     1450.000000000000000       195.336214418803451
     1460.000000000000000       195.384812261156299
     1470.000000000000000       195.440810821347554
     1480.000000000000000       195.477208575120756
     1490.000000000000000       195.479740316959010
     1500.000000000000000       195.529271498210733
     1510.000000000000000       195.574487475085846
     1520.000000000000000       195.580847821582523
     1530.000000000000000       195.609701808327145
     1540.000000000000000       195.694818376405408
     1550.000000000000000       195.686590069411835
     1560.000000000000000       195.794293201551227
     1570.000000000000000       195.838550254467805
     1580.000000000000000       195.933873603012984
     1590.000000000000000       195.866635662730374
     1600.000000000000000       195.924631826467788
     1610.000000000000000       196.025449203107485
     1620.000000000000000       195.985296717323422
     1630.000000000000000       196.016421753567613
     1640.000000000000000       196.009832825291483
     1650.000000000000000       196.088920806438296
     1660.000000000000000       196.069766330074145
     1670.000000000000000       196.034036248818353
     1680.000000000000000       196.175188354843243
     1690.000000000000000       196.221690094838493
     1700.000000000000000       196.169700317028742
     1710.000000000000000       196.264621789958653
     1720.000000000000000       196.256179502560315
     1730.000000000000000       196.292590551031083
     1740.000000000000000       196.351445634805401
     1750.000000000000000       196.336620256939653
     1760.000000000000000       196.549780082093719
     1770.000000000000000       196.313626667213896
     1780.000000000000000       196.359891683010176
     1790.000000000000000       196.697441867352126
     1800.000000000000000       196.278730236435962
     1810.000000000000000       196.472561726144619
     1820.000000000000000       196.693887407442560
     1830.000000000000000       196.772931123869597
     1840.000000000000000       196.711232761322066
     1850.000000000000000       196.821688501832853
     1860.000000000000000       196.574645928767438
     1870.000000000000000       196.849079065674601
     1880.000000000000000       196.789942104746274
     1890.000000000000000       197.039936769048978
     1900.000000000000000       196.820379197918527
     1910.000000000000000       196.805799800852270
     1920.000000000000000       197.033235901311286
     1930.000000000000000       196.898590884398033
     1940.000000000000000       196.951289906634742
     1950.000000000000000       197.134272111776198
     1960.000000000000000       197.079433496957336
     1970.000000000000000       196.961669071068115
     1980.000000000000000       197.032090056290372
     1990.000000000000000       197.250522754029447
