   0.000000000000000    0.000000000000000
  10.000000000000000    0.856630643890295
  20.000000000000000    3.582984344921288
  30.000000000000000    6.949034859805177
  40.000000000000000    9.840928974071899
  50.000000000000000   12.162455457882357
  60.000000000000000   14.208175440295163
  70.000000000000000   16.198041767453155
  80.000000000000000   18.196058755209986
  90.000000000000000   20.180755461092069
 100.000000000000000   22.104800359535520
 110.000000000000000   23.924776737662086
 120.000000000000000   25.609287254485729
 130.000000000000000   27.152008990754897
 140.000000000000000   28.566462409043819
 150.000000000000000   29.831360160197953
 160.000000000000000   30.959537054949138
 170.000000000000000   31.980871111452004
 180.000000000000000   32.891736020962789
 190.000000000000000   33.700861184409746
 200.000000000000000   34.431477177155891
 210.000000000000000   35.085326297002716
 220.000000000000000   35.662046126868212
 230.000000000000000   36.199053262176591
 240.000000000000000   36.676544305402629
 250.000000000000000   37.107453886597170
 260.000000000000000   37.504091124122233
 270.000000000000000   37.851975295927183
 280.000000000000000   38.177271601611437
 290.000000000000000   38.468086029511596
 300.000000000000000   38.734465443384934
 310.000000000000000   38.976995133495642
 320.000000000000000   39.189275245524030
 330.000000000000000   39.410531848573655
 340.000000000000000   39.596287321748797
 350.000000000000000   39.737622195026233
 360.000000000000000   39.926287599555451
 370.000000000000000   40.073482852508363
 380.000000000000000   40.216829194912606
 390.000000000000000   40.361270363637253
 400.000000000000000   40.429900105944732
 410.000000000000000   40.546807750338424
 420.000000000000000   40.691036888144609
 430.000000000000000   40.741369061390579
 440.000000000000000   40.818828649743580
 450.000000000000000   40.922022100049119
 460.000000000000000   40.988851170669143
 470.000000000000000   41.069133015882095
 480.000000000000000   41.156313164074334
 490.000000000000000   41.218149655102359
 500.000000000000000   41.258247872964063
 510.000000000000000   41.326278992530547
 520.000000000000000   41.347816843487152
 530.000000000000000   41.405685938633859
 540.000000000000000   41.475048090116999
 550.000000000000000   41.505842055267010
 560.000000000000000   41.525513571559088
 570.000000000000000   41.558185850195642
 580.000000000000000   41.636697766197571
 590.000000000000000   41.673320802257464
 600.000000000000000   41.648911760467414
 610.000000000000000   41.709586920418737
 620.000000000000000   41.715586391901176
 630.000000000000000   41.731888693238247
 640.000000000000000   41.854942614621045
 650.000000000000000   41.840250368662737
 660.000000000000000   41.840265118136202
 670.000000000000000   41.864262723561396
 680.000000000000000   41.890561391333492
 690.000000000000000   41.946458597270329
 700.000000000000000   41.938852614835298
 710.000000000000000   41.923854375472821
 720.000000000000000   41.954033548278069
 730.000000000000000   41.957193557034884
 740.000000000000000   41.993511699880344
 750.000000000000000   42.031785321361788
 760.000000000000000   42.010740347354371
 770.000000000000000   41.993969840297574
 780.000000000000000   42.081560174058190
 790.000000000000000   42.120844494262037
 800.000000000000000   42.071085995407863
 810.000000000000000   42.046683929223796
 820.000000000000000   42.080085287100033
 830.000000000000000   42.115946127972229
 840.000000000000000   42.178596080525594
 850.000000000000000   42.179628119542549
 860.000000000000000   42.109420876031486
 870.000000000000000   42.116691912303857
 880.000000000000000   42.149663907220955
 890.000000000000000   42.182014364628863
 900.000000000000000   42.239591934022734
 910.000000000000000   42.165800551094321
 920.000000000000000   42.153171628394617
 930.000000000000000   42.215079551044056
 940.000000000000000   42.194381837366585
 950.000000000000000   42.208242331543993
 960.000000000000000   42.247453802892842
 970.000000000000000   42.238828165387616
 980.000000000000000   42.263120308202822
 990.000000000000000   42.252805066576528
1000.000000000000000   42.209486190812825
1010.000000000000000   42.281006824619602
1020.000000000000000   42.310883989675609
1030.000000000000000   42.705430593362465
1040.000000000000000   42.219931033219083
1050.000000000000000   42.252759569119419
1060.000000000000000   42.231122321497629
1070.000000000000000   41.956169934767409
1080.000000000000000   42.278262011463418
1090.000000000000000   42.371394993000536
1100.000000000000000   42.328929956322668
1110.000000000000000   42.263565923020586
1120.000000000000000   42.319538529799843
1130.000000000000000   42.345740323611530
1140.000000000000000   42.361768992654582
1150.000000000000000   42.327945090146613
1160.000000000000000   42.337927264549450
1170.000000000000000   42.340714291488183
1180.000000000000000   42.352119110990103
1190.000000000000000   42.360064562291626
1200.000000000000000   42.360537324851080
1210.000000000000000   42.382490514688541
1220.000000000000000   42.348965462304058
1230.000000000000000   42.368134662542758
1240.000000000000000   42.372694825314092
1250.000000000000000   42.381334936636435
1260.000000000000000   42.419542826419111
1270.000000000000000   42.377693277885449
1280.000000000000000   42.316214348419045
1290.000000000000000   42.474855594160474
1300.000000000000000   42.459734928782801
1310.000000000000000   42.353578922626951
1320.000000000000000   42.389070458743753
1330.000000000000000   42.516413504188471
1340.000000000000000   42.421264133687821
1350.000000000000000   42.493086539061729
1360.000000000000000   42.440580232600418
1370.000000000000000   42.404212585831083
1380.000000000000000   42.506219112874085
1390.000000000000000   42.340607497749438
1400.000000000000000   42.548475348225928
1410.000000000000000   42.509324415940441
1420.000000000000000   42.256832048949803
1430.000000000000000   42.641053195717554
1440.000000000000000   42.459908503136411
1450.000000000000000   42.232834083159879
1460.000000000000000   42.551183768063225
1470.000000000000000   42.439841447043264
1480.000000000000000   42.426311654208902
1490.000000000000000   42.456391129123702
1500.000000000000000   42.562798557970922
1510.000000000000000   42.578573564994855
1520.000000000000000   42.381723224029450
1530.000000000000000   42.493715171227365
1540.000000000000000   42.450336086820265
1550.000000000000000   42.645575924505749
1560.000000000000000   42.539664018207773
1570.000000000000000   42.309838246483153
1580.000000000000000   42.497308363001558
1590.000000000000000   42.692404106232665
1600.000000000000000   42.567200477564697
1610.000000000000000   42.443865337332277
1620.000000000000000   42.503011632005787
1630.000000000000000   42.607856865901951
1640.000000000000000   42.625902218342631
1650.000000000000000   42.420428804971756
1660.000000000000000   42.459580863511817
1670.000000000000000   42.643349756584570
1680.000000000000000   42.580892929324641
1690.000000000000000   42.525495269651685
1700.000000000000000   42.512915048808459
1710.000000000000000   42.583266756352216
1720.000000000000000   42.617590544559491
1730.000000000000000   42.587965454509593
1740.000000000000000   42.499659665948222
1750.000000000000000   42.534516840733708
1760.000000000000000   42.615940774176103
1770.000000000000000   42.670176323361133
1780.000000000000000   42.615859842765367
1790.000000000000000   42.503007005303814
1800.000000000000000   42.607648954201188
1810.000000000000000   42.624810432312827
1820.000000000000000   42.593161272363211
1830.000000000000000   42.674082622721961
1840.000000000000000   42.632848572679279
1850.000000000000000   42.597228283627139
1860.000000000000000   42.659637285518876
1870.000000000000000   42.598844227410588
1880.000000000000000   42.558139390111876
1890.000000000000000   42.646999010375829
1900.000000000000000   42.716907385580896
1910.000000000000000   42.589100649633089
1920.000000000000000   42.592570747493070
1930.000000000000000   42.625962239873083
1940.000000000000000   42.627624861081671
1950.000000000000000   42.649145599455871
1960.000000000000000   42.676909784956237
1970.000000000000000   42.686278027474543
1980.000000000000000   42.664756902830234
1990.000000000000000   42.710342704476730
