   0.000000000000000    0.000000000000000
  10.000000000000000    0.000149649109933
  20.000000000000000    0.000565189697734
  30.000000000000000    0.001013641747756
  40.000000000000000    0.001330444091673
  50.000000000000000    0.001523382110143
  60.000000000000000    0.001649999954423
  70.000000000000000    0.001751140985625
  80.000000000000000    0.001844108814993
  90.000000000000000    0.001932836583810
 100.000000000000000    0.002015604409015
 110.000000000000000    0.002090222681993
 120.000000000000000    0.002154749249424
 130.000000000000000    0.002209059195495
 140.000000000000000    0.002252342423791
 150.000000000000000    0.002284746356626
 160.000000000000000    0.002308361681817
 170.000000000000000    0.002323355866475
 180.000000000000000    0.002330713802428
 190.000000000000000    0.002331662013006
 200.000000000000000    0.002327246108389
 210.000000000000000    0.002317643836627
 220.000000000000000    0.002304303285781
 230.000000000000000    0.002287809638317
 240.000000000000000    0.002267436497059
 250.000000000000000    0.002245434143320
 260.000000000000000    0.002220419379204
 270.000000000000000    0.002194105597552
 280.000000000000000    0.002166229342327
 290.000000000000000    0.002136977251149
 300.000000000000000    0.002107012659550
 310.000000000000000    0.002075999502685
 320.000000000000000    0.002044687214228
 330.000000000000000    0.002013273091711
 340.000000000000000    0.001980015747542
 350.000000000000000    0.001948099147000
 360.000000000000000    0.001916505777590
 370.000000000000000    0.001882417276267
 380.000000000000000    0.001850674309973
 390.000000000000000    0.001816087105685
 400.000000000000000    0.001783146043459
 410.000000000000000    0.001751958775280
 420.000000000000000    0.001718752748004
 430.000000000000000    0.001684913485808
 440.000000000000000    0.001655007266528
 450.000000000000000    0.001622346269201
 460.000000000000000    0.001591416801435
 470.000000000000000    0.001559929411443
 480.000000000000000    0.001528900361296
 490.000000000000000    0.001496497730852
 500.000000000000000    0.001466009759479
 510.000000000000000    0.001435507275416
 520.000000000000000    0.001404649983196
 530.000000000000000    0.001376948989859
 540.000000000000000    0.001346095150271
 550.000000000000000    0.001317196094186
 560.000000000000000    0.001287884503761
 570.000000000000000    0.001261216052875
 580.000000000000000    0.001233064970619
 590.000000000000000    0.001203714269311
 600.000000000000000    0.001175906657996
 610.000000000000000    0.001151752839052
 620.000000000000000    0.001122265457879
 630.000000000000000    0.001100579143072
 640.000000000000000    0.001072882597499
 650.000000000000000    0.001043535262200
 660.000000000000000    0.001019620261110
 670.000000000000000    0.000992985224549
 680.000000000000000    0.000969485356801
 690.000000000000000    0.000943056555893
 700.000000000000000    0.000916756396249
 710.000000000000000    0.000893279544295
 720.000000000000000    0.000870778411650
 730.000000000000000    0.000846754066139
 740.000000000000000    0.000826185979918
 750.000000000000000    0.000800849133101
 760.000000000000000    0.000778355977993
 770.000000000000000    0.000757298149860
 780.000000000000000    0.000738786736765
 790.000000000000000    0.000710457204942
 800.000000000000000    0.000689047902139
 810.000000000000000    0.000668245797082
 820.000000000000000    0.000651704956482
 830.000000000000000    0.000629168688412
 840.000000000000000    0.000610074327868
 850.000000000000000    0.000581549939991
 860.000000000000000    0.000563331655149
 870.000000000000000    0.000546001405828
 880.000000000000000    0.000528883941939
 890.000000000000000    0.000509006436036
 900.000000000000000    0.000488993966222
 910.000000000000000    0.000462104429692
 920.000000000000000    0.000454426803359
 930.000000000000000    0.000432181943480
 940.000000000000000    0.000416034606236
 950.000000000000000    0.000399199187240
 960.000000000000000    0.000382584358711
 970.000000000000000    0.000360509233402
 980.000000000000000    0.000346749367142
 990.000000000000000    0.000321918881455
1000.000000000000000    0.000311142275104
1010.000000000000000    0.000298262755657
1020.000000000000000    0.000273913009382
1030.000000000000000    0.000254388001556
1040.000000000000000    0.000126304685607
1050.000000000000000    0.000223504109094
1060.000000000000000    0.000103049621602
1070.000000000000000    0.000196976279320
1080.000000000000000    0.000184857867605
1090.000000000000000    0.000175473581147
1100.000000000000000    0.000133055684144
1110.000000000000000    0.000134194909724
1120.000000000000000    0.000129147569579
1130.000000000000000    0.000108969836365
1140.000000000000000    0.000091429613234
1150.000000000000000    0.000061469712561
1160.000000000000000    0.000067038754127
1170.000000000000000    0.000040619498489
1180.000000000000000    0.000045781527617
1190.000000000000000    0.000021484550919
1200.000000000000000    0.000013754230395
1210.000000000000000    0.000016476062721
1220.000000000000000   -0.000031524692221
1230.000000000000000   -0.000042351318891
1240.000000000000000   -0.000062757641685
1250.000000000000000   -0.000068416918590
1260.000000000000000   -0.000087627344744
1270.000000000000000   -0.000068897419380
1280.000000000000000   -0.000131252291341
1290.000000000000000   -0.000122412728484
1300.000000000000000   -0.000119070025177
1310.000000000000000   -0.000121451206848
1320.000000000000000   -0.000171420922867
1330.000000000000000   -0.000149560225812
1340.000000000000000   -0.000159498178629
1350.000000000000000   -0.000174307279050
1360.000000000000000   -0.000162056777225
1370.000000000000000   -0.000197549620963
1380.000000000000000   -0.000193176117055
1390.000000000000000   -0.000203039915276
1400.000000000000000   -0.000244272093076
1410.000000000000000   -0.000201536881104
1420.000000000000000   -0.000254879888421
1430.000000000000000   -0.000263637175926
1440.000000000000000   -0.000239661580405
1450.000000000000000   -0.000288122032037
1460.000000000000000   -0.000302129667124
1470.000000000000000   -0.000294196375889
1480.000000000000000   -0.000329114195350
1490.000000000000000   -0.000321328074161
1500.000000000000000   -0.000353182682374
1510.000000000000000   -0.000328750850473
1520.000000000000000   -0.000359779591853
1530.000000000000000   -0.000363079656939
1540.000000000000000   -0.000379185934744
1550.000000000000000   -0.000388098098210
1560.000000000000000   -0.000379439983099
1570.000000000000000   -0.000402927186175
1580.000000000000000   -0.000422015962876
1590.000000000000000   -0.000422457672480
1600.000000000000000   -0.000419732388191
1610.000000000000000   -0.000435259896667
1620.000000000000000   -0.000446270499532
1630.000000000000000   -0.000455328524641
1640.000000000000000   -0.000455493274904
1650.000000000000000   -0.000463226154322
1660.000000000000000   -0.000484709661167
1670.000000000000000   -0.000487761588701
1680.000000000000000   -0.000491931401381
1690.000000000000000   -0.000501303972314
1700.000000000000000   -0.000510768357143
1710.000000000000000   -0.000521330486629
1720.000000000000000   -0.000524575460758
1730.000000000000000   -0.000532463050537
1740.000000000000000   -0.000538455683361
1750.000000000000000   -0.000553984874562
1760.000000000000000   -0.000556850472218
1770.000000000000000   -0.000566064551856
1780.000000000000000   -0.000564782680304
1790.000000000000000   -0.000578646109995
1800.000000000000000   -0.000585994358926
1810.000000000000000   -0.000592005065908
1820.000000000000000   -0.000598239910653
1830.000000000000000   -0.000606723290114
1840.000000000000000   -0.000607218311623
1850.000000000000000   -0.000618928642776
1860.000000000000000   -0.000621926616557
1870.000000000000000   -0.000629515879571
1880.000000000000000   -0.000636766647531
1890.000000000000000   -0.000647145225958
1900.000000000000000   -0.000648504038380
1910.000000000000000   -0.000654545856321
1920.000000000000000   -0.000664282267788
1930.000000000000000   -0.000670075727638
1940.000000000000000   -0.000677804451409
1950.000000000000000   -0.000683540430200
1960.000000000000000   -0.000690051037535
1970.000000000000000   -0.000694206534327
1980.000000000000000   -0.000700295882214
1990.000000000000000   -0.000705806728174
