   0.000000000000000   -109591.294372452815878
  10.000000000000000   -109591.294389217087883
  20.000000000000000   -109591.294494757443317
  30.000000000000000   -109591.294790900588850
  40.000000000000000   -109591.295317003314267
  50.000000000000000   -109591.296108990092762
  60.000000000000000   -109591.297145241274848
  70.000000000000000   -109591.298421874002088
  80.000000000000000   -109591.299944580634474
  90.000000000000000   -109591.301700284209801
 100.000000000000000   -109591.303683412013925
 110.000000000000000   -109591.305903422005940
 120.000000000000000   -109591.308345154859126
 130.000000000000000   -109591.310998168162769
 140.000000000000000   -109591.313874405532260
 150.000000000000000   -109591.316965841688216
 160.000000000000000   -109591.320254552949336
 170.000000000000000   -109591.323751603689743
 180.000000000000000   -109591.327442936613807
 190.000000000000000   -109591.331321104211383
 200.000000000000000   -109591.335379609925440
 210.000000000000000   -109591.339623794207000
 220.000000000000000   -109591.344025798636721
 230.000000000000000   -109591.348604000668274
 240.000000000000000   -109591.353349503173376
 250.000000000000000   -109591.358243258029688
 260.000000000000000   -109591.363299827949959
 270.000000000000000   -109591.368503476231126
 280.000000000000000   -109591.373856024205452
 290.000000000000000   -109591.379345735462266
 300.000000000000000   -109591.384969328952138
 310.000000000000000   -109591.390737896290375
 320.000000000000000   -109591.396627454218105
 330.000000000000000   -109591.402639283245662
 340.000000000000000   -109591.408790155473980
 350.000000000000000   -109591.415043660017545
 360.000000000000000   -109591.421406707915594
 370.000000000000000   -109591.427921180264093
 380.000000000000000   -109591.434515570872463
 390.000000000000000   -109591.441246326619876
 400.000000000000000   -109591.448074354848359
 410.000000000000000   -109591.454979474132415
 420.000000000000000   -109591.462020771912648
 430.000000000000000   -109591.469165455011535
 440.000000000000000   -109591.476366790942848
 450.000000000000000   -109591.483700410783058
 460.000000000000000   -109591.491105368637363
 470.000000000000000   -109591.498617259465391
 480.000000000000000   -109591.506219569040695
 490.000000000000000   -109591.513922098791227
 500.000000000000000   -109591.521702667727368
 510.000000000000000   -109591.529563630712801
 520.000000000000000   -109591.537518015276873
 530.000000000000000   -109591.545519427876570
 540.000000000000000   -109591.553647000328056
 550.000000000000000   -109591.561838192094001
 560.000000000000000   -109591.570107732099132
 570.000000000000000   -109591.578424564955640
 580.000000000000000   -109591.586846679187147
 590.000000000000000   -109591.595356811943930
 600.000000000000000   -109591.603932857949985
 610.000000000000000   -109591.612531882856274
 620.000000000000000   -109591.621274176897714
 630.000000000000000   -109591.629989481691155
 640.000000000000000   -109591.638862440697267
 650.000000000000000   -109591.647826396743767
 660.000000000000000   -109591.656788916094229
 670.000000000000000   -109591.665865289221983
 680.000000000000000   -109591.674930314547964
 690.000000000000000   -109591.684121982369106
 700.000000000000000   -109591.693382999801543
 710.000000000000000   -109591.702682939328952
 720.000000000000000   -109591.712028021211154
 730.000000000000000   -109591.721454621016164
 740.000000000000000   -109591.730884697113652
 750.000000000000000   -109591.740479472675361
 760.000000000000000   -109591.750067397151724
 770.000000000000000   -109591.759711662321934
 780.000000000000000   -109591.769382438229513
 790.000000000000000   -109591.779215614631539
 800.000000000000000   -109591.789040519754053
 810.000000000000000   -109591.798919993307209
 820.000000000000000   -109591.808797761477763
 830.000000000000000   -109591.818792357924394
 840.000000000000000   -109591.828818018097081
 850.000000000000000   -109591.838999849831453
 860.000000000000000   -109591.849118468308006
 870.000000000000000   -109591.859273871610640
 880.000000000000000   -109591.869482435999089
 890.000000000000000   -109591.879783427633811
 900.000000000000000   -109591.890146642996115
 910.000000000000000   -109591.900607653165935
 920.000000000000000   -109591.910938343076850
 930.000000000000000   -109591.921453524089884
 940.000000000000000   -109591.931953739855089
 950.000000000000000   -109591.942520762939239
 960.000000000000000   -109591.953131761110853
 970.000000000000000   -109591.963839507632656
 980.000000000000000   -109591.974492118912167
 990.000000000000000   -109591.985360279242741
1000.000000000000000   -109591.996096799543011
1010.000000000000000   -109592.006905688394909
1020.000000000000000   -109592.017874535944429
1030.000000000000000   -109592.028893200695165
1040.000000000000000   -109592.041057479378651
1050.000000000000000   -109592.050815101072658
1060.000000000000000   -109592.063021238413057
1070.000000000000000   -109592.072918315709103
1080.000000000000000   -109592.083999606009456
1090.000000000000000   -109592.095051553667872
1100.000000000000000   -109592.106650704779895
1110.000000000000000   -109592.117867700872011
1120.000000000000000   -109592.128933672676794
1130.000000000000000   -109592.140345741237979
1140.000000000000000   -109592.151756348685012
1150.000000000000000   -109592.163343708947650
1160.000000000000000   -109592.174590977956541
1170.000000000000000   -109592.186225367549923
1180.000000000000000   -109592.197499441303080
1190.000000000000000   -109592.209221055367379
1200.000000000000000   -109592.220767895763856
1210.000000000000000   -109592.232224730512826
1220.000000000000000   -109592.244282441824907
1230.000000000000000   -109592.255976279120659
1240.000000000000000   -109592.267819102533394
1250.000000000000000   -109592.279558180947788
1260.000000000000000   -109592.291449483425822
1270.000000000000000   -109592.302931826139684
1280.000000000000000   -109592.315172206770512
1290.000000000000000   -109592.326840513531351
1300.000000000000000   -109592.338665324263275
1310.000000000000000   -109592.350720634174650
1320.000000000000000   -109592.363103362091351
1330.000000000000000   -109592.374892847263254
1340.000000000000000   -109592.386939714939217
1350.000000000000000   -109592.398934265351272
1360.000000000000000   -109592.410998860228574
1370.000000000000000   -109592.423299834292266
1380.000000000000000   -109592.435460452034022
1390.000000000000000   -109592.447680762110394
1400.000000000000000   -109592.460355246454128
1410.000000000000000   -109592.471944617223926
1420.000000000000000   -109592.484843782280223
1430.000000000000000   -109592.497279699018691
1440.000000000000000   -109592.509165201117867
1450.000000000000000   -109592.522146148257889
1460.000000000000000   -109592.534688343468588
1470.000000000000000   -109592.546862946081092
1480.000000000000000   -109592.559802027142723
1490.000000000000000   -109592.572172414744273
1500.000000000000000   -109592.584949509880971
1510.000000000000000   -109592.597211535947281
1520.000000000000000   -109592.610082055180101
1530.000000000000000   -109592.622686022528796
1540.000000000000000   -109592.635462018486578
1550.000000000000000   -109592.648178675590316
1560.000000000000000   -109592.660766733126366
1570.000000000000000   -109592.673705491324654
1580.000000000000000   -109592.686505529389251
1590.000000000000000   -109592.699350924842292
1600.000000000000000   -109592.712133433917188
1610.000000000000000   -109592.725114612461766
1620.000000000000000   -109592.738064214121550
1630.000000000000000   -109592.751028867365676
1640.000000000000000   -109592.763916313109803
1650.000000000000000   -109592.776932525535813
1660.000000000000000   -109592.790098373065121
1670.000000000000000   -109592.803116353985388
1680.000000000000000   -109592.816165979529615
1690.000000000000000   -109592.829287308442872
1700.000000000000000   -109592.842422975925729
1710.000000000000000   -109592.855628395220265
1720.000000000000000   -109592.868774268135894
1730.000000000000000   -109592.881994464172749
1740.000000000000000   -109592.895232272625435
1750.000000000000000   -109592.908567906648386
1760.000000000000000   -109592.921818659015116
1770.000000000000000   -109592.935165394010255
1780.000000000000000   -109592.948440723848762
1790.000000000000000   -109592.961851687083254
1800.000000000000000   -109592.975249260722194
1810.000000000000000   -109592.988664566233638
1820.000000000000000   -109593.002104774073814
1830.000000000000000   -109593.015590531387716
1840.000000000000000   -109593.029021973547060
1850.000000000000000   -109593.042559577123029
1860.000000000000000   -109593.056066187826218
1870.000000000000000   -109593.069612330175005
1880.000000000000000   -109593.083233045923407
1890.000000000000000   -109593.096887749110465
1900.000000000000000   -109593.110467035221518
1910.000000000000000   -109593.124111586846993
1920.000000000000000   -109593.137818471077480
1930.000000000000000   -109593.151485042792046
1940.000000000000000   -109593.165265999079566
1950.000000000000000   -109593.179005743397283
1960.000000000000000   -109593.192787532127113
1970.000000000000000   -109593.206556171207922
1980.000000000000000   -109593.220324648995302
1990.000000000000000   -109593.234201721061254
