# Volume points
  30.48886    0.38513   0.37877   0.35379   0.31210   0.25707   0.19133   0.11674   0.03466  -0.05392  -0.14823  -0.24764  -0.35168  -0.45991  -0.57201  -0.68768  -0.80668  -0.92877  -1.05377  -1.18151  -1.31184
  31.45159    0.25158   0.24479   0.21861   0.17543   0.11884   0.05157  -0.02451  -0.10803  -0.19800  -0.29365  -0.39435  -0.49963  -0.60908  -0.72235  -0.83915  -0.95924  -1.08240  -1.20844  -1.33719  -1.46850
  32.43439    0.16364   0.15619   0.12840   0.08324   0.02461  -0.04472  -0.12282  -0.20833  -0.30024  -0.39779  -0.50037  -0.60748  -0.71873  -0.83377  -0.95231  -1.07412  -1.19896  -1.32667  -1.45706  -1.58999
  33.43744    0.11104   0.10282   0.07324   0.02600  -0.03477  -0.10621  -0.18636  -0.27388  -0.36774  -0.46720  -0.57163  -0.68056  -0.79358  -0.91036  -1.03060  -1.15408  -1.28056  -1.40987  -1.54184  -1.67632
  34.46097    0.09041   0.08142   0.05028   0.00133  -0.06109  -0.13406  -0.21564  -0.30448  -0.39957  -0.50017  -0.60567  -0.71559  -0.82954  -0.94718  -1.06823  -1.19246  -1.31964  -1.44961  -1.58219  -1.71724
  35.50517    0.09866   0.08883   0.05623   0.00583  -0.05790  -0.13200  -0.21455  -0.30422  -0.40002  -0.50119  -0.60717  -0.71747  -0.83171  -0.94956  -1.07075  -1.19504  -1.32222  -1.45212  -1.58458  -1.71945
  36.57025    0.13291   0.12230   0.08870   0.03748  -0.02675  -0.10108  -0.18363  -0.27308  -0.36848  -0.46909  -0.57435  -0.68380  -0.79707  -0.91383  -1.03383  -1.15682  -1.28263  -1.41106  -1.54197  -1.67521
  37.65643    0.19062   0.18024   0.14767   0.09816   0.03623  -0.03532  -0.11466  -0.20056  -0.29209  -0.38858  -0.48946  -0.59432  -0.70280  -0.81459  -0.92944  -1.04714  -1.16749  -1.29033  -1.41552  -1.54293
  38.76390    0.26956   0.25951   0.22800   0.18018   0.12049   0.05166  -0.02459  -0.10705  -0.19486  -0.28736  -0.38404  -0.48449  -0.58836  -0.69537  -0.80529  -0.91790  -1.03303  -1.15052  -1.27023  -1.39204

# Fitted data
  30.48886    0.38437   0.37794   0.35290   0.31116   0.25607   0.19031   0.11563   0.03349  -0.05509  -0.14935  -0.24877  -0.35338  -0.46090  -0.57327  -0.68930  -0.80855  -0.92981  -1.05505  -1.18288  -1.31299
  30.53023    0.37776   0.37132   0.34626   0.30448   0.24936   0.18355   0.10885   0.02668  -0.06194  -0.15623  -0.25568  -0.36027  -0.46789  -0.58026  -0.69627  -0.81552  -0.93687  -1.06211  -1.18994  -1.32009
  30.57161    0.37124   0.36480   0.33971   0.29790   0.24273   0.17688   0.10214   0.01994  -0.06872  -0.16305  -0.26253  -0.36709  -0.47481  -0.58718  -0.70318  -0.82243  -0.94389  -1.06911  -1.19697  -1.32715
  30.61298    0.36481   0.35837   0.33325   0.29139   0.23619   0.17029   0.09551   0.01327  -0.07542  -0.16979  -0.26932  -0.37385  -0.48166  -0.59404  -0.71004  -0.82929  -0.95085  -1.07607  -1.20395  -1.33417
  30.65436    0.35847   0.35203   0.32688   0.28498   0.22973   0.16379   0.08896   0.00668  -0.08205  -0.17647  -0.27603  -0.38054  -0.48845  -0.60085  -0.71684  -0.83610  -0.95776  -1.08298  -1.21088  -1.34114
  30.69573    0.35222   0.34578   0.32060   0.27865   0.22335   0.15736   0.08249   0.00017  -0.08860  -0.18307  -0.28267  -0.38717  -0.49518  -0.60759  -0.72359  -0.84285  -0.96461  -1.08984  -1.21776  -1.34806
  30.73711    0.34606   0.33962   0.31440   0.27240   0.21705   0.15101   0.07610  -0.00626  -0.09509  -0.18960  -0.28925  -0.39374  -0.50184  -0.61427  -0.73027  -0.84955  -0.97141  -1.09665  -1.22460  -1.35494
  30.77848    0.33999   0.33354   0.30829   0.26624   0.21084   0.14474   0.06978  -0.01263  -0.10150  -0.19606  -0.29575  -0.40024  -0.50844  -0.62089  -0.73690  -0.85620  -0.97816  -1.10341  -1.23138  -1.36178
  30.81986    0.33401   0.32756   0.30226   0.26016   0.20471   0.13856   0.06355  -0.01891  -0.10783  -0.20245  -0.30219  -0.40668  -0.51497  -0.62745  -0.74347  -0.86279  -0.98485  -1.11012  -1.23812  -1.36856
  30.86123    0.32812   0.32165   0.29632   0.25417   0.19866   0.13245   0.05739  -0.02512  -0.11410  -0.20877  -0.30856  -0.41305  -0.52144  -0.63394  -0.74998  -0.86932  -0.99148  -1.11677  -1.24481  -1.37530
  30.90261    0.32231   0.31584   0.29046   0.24826   0.19269   0.12642   0.05130  -0.03126  -0.12029  -0.21502  -0.31486  -0.41936  -0.52785  -0.64038  -0.75644  -0.87580  -0.99806  -1.12337  -1.25144  -1.38199
  30.94399    0.31659   0.31011   0.28469   0.24242   0.18680   0.12047   0.04529  -0.03732  -0.12641  -0.22119  -0.32109  -0.42560  -0.53419  -0.64675  -0.76283  -0.88222  -1.00458  -1.12992  -1.25803  -1.38863
  30.98536    0.31096   0.30447   0.27900   0.23668   0.18099   0.11459   0.03936  -0.04331  -0.13246  -0.22730  -0.32725  -0.43178  -0.54046  -0.65306  -0.76916  -0.88859  -1.01105  -1.13641  -1.26456  -1.39521
  31.02674    0.30541   0.29891   0.27339   0.23101   0.17526   0.10880   0.03351  -0.04923  -0.13843  -0.23334  -0.33335  -0.43789  -0.54667  -0.65931  -0.77544  -0.89490  -1.01746  -1.14285  -1.27104  -1.40175
  31.06811    0.29995   0.29343   0.26787   0.22542   0.16961   0.10308   0.02773  -0.05507  -0.14434  -0.23930  -0.33937  -0.44394  -0.55282  -0.66549  -0.78165  -0.90115  -1.02381  -1.14923  -1.27747  -1.40824
  31.10949    0.29457   0.28804   0.26243   0.21992   0.16403   0.09744   0.02202  -0.06084  -0.15017  -0.24520  -0.34533  -0.44992  -0.55890  -0.67161  -0.78781  -0.90734  -1.03010  -1.15556  -1.28385  -1.41467
  31.15086    0.28928   0.28273   0.25706   0.21449   0.15854   0.09187   0.01639  -0.06653  -0.15593  -0.25103  -0.35122  -0.45584  -0.56491  -0.67767  -0.79390  -0.91348  -1.03633  -1.16183  -1.29017  -1.42105
  31.19224    0.28406   0.27750   0.25178   0.20914   0.15312   0.08638   0.01083  -0.07215  -0.16162  -0.25678  -0.35704  -0.46169  -0.57086  -0.68367  -0.79994  -0.91956  -1.04251  -1.16805  -1.29643  -1.42738
  31.23361    0.27893   0.27235   0.24658   0.20387   0.14778   0.08097   0.00535  -0.07770  -0.16724  -0.26247  -0.36279  -0.46747  -0.57675  -0.68960  -0.80591  -0.92557  -1.04863  -1.17421  -1.30265  -1.43366
  31.27499    0.27388   0.26729   0.24146   0.19868   0.14252   0.07563  -0.00006  -0.08318  -0.17278  -0.26809  -0.36848  -0.47320  -0.58256  -0.69546  -0.81183  -0.93153  -1.05468  -1.18031  -1.30880  -1.43987
  31.31636    0.26892   0.26230   0.23642   0.19357   0.13733   0.07037  -0.00539  -0.08858  -0.17826  -0.27364  -0.37409  -0.47885  -0.58832  -0.70127  -0.81768  -0.93743  -1.06068  -1.18636  -1.31490  -1.44604
  31.35774    0.26403   0.25740   0.23145   0.18853   0.13222   0.06518  -0.01065  -0.09392  -0.18366  -0.27911  -0.37964  -0.48444  -0.59400  -0.70701  -0.82347  -0.94328  -1.06662  -1.19234  -1.32094  -1.45215
  31.39911    0.25922   0.25257   0.22657   0.18357   0.12718   0.06006  -0.01584  -0.09918  -0.18900  -0.28452  -0.38512  -0.48997  -0.59962  -0.71268  -0.82919  -0.94906  -1.07249  -1.19827  -1.32693  -1.45820
  31.44049    0.25450   0.24782   0.22176   0.17869   0.12222   0.05502  -0.02096  -0.10437  -0.19426  -0.28986  -0.39054  -0.49543  -0.60518  -0.71830  -0.83486  -0.95478  -1.07831  -1.20414  -1.33286  -1.46420
  31.48186    0.24985   0.24315   0.21703   0.17388   0.11733   0.05006  -0.02600  -0.10949  -0.19946  -0.29513  -0.39588  -0.50082  -0.61067  -0.72384  -0.84046  -0.96044  -1.08407  -1.20995  -1.33873  -1.47014
  31.52324    0.24528   0.23856   0.21237   0.16915   0.11252   0.04516  -0.03097  -0.11454  -0.20459  -0.30034  -0.40116  -0.50615  -0.61609  -0.72933  -0.84600  -0.96604  -1.08976  -1.21570  -1.34454  -1.47602
  31.56461    0.24078   0.23404   0.20779   0.16449   0.10778   0.04034  -0.03587  -0.11951  -0.20964  -0.30547  -0.40636  -0.51141  -0.62145  -0.73475  -0.85148  -0.97158  -1.09539  -1.22138  -1.35029  -1.48184
  31.60599    0.23637   0.22960   0.20329   0.15991   0.10312   0.03560  -0.04070  -0.12442  -0.21463  -0.31054  -0.41151  -0.51661  -0.62674  -0.74010  -0.85690  -0.97705  -1.10096  -1.22701  -1.35598  -1.48760
  31.64736    0.23203   0.22524   0.19886   0.15540   0.09853   0.03092  -0.04546  -0.12926  -0.21954  -0.31553  -0.41658  -0.52174  -0.63197  -0.74539  -0.86225  -0.98247  -1.10647  -1.23258  -1.36162  -1.49331
  31.68874    0.22777   0.22095   0.19451   0.15096   0.09401   0.02632  -0.05014  -0.13402  -0.22439  -0.32046  -0.42159  -0.52681  -0.63713  -0.75062  -0.86754  -0.98782  -1.11191  -1.23809  -1.36719  -1.49895
  31.73011    0.22358   0.21674   0.19023   0.14660   0.08956   0.02178  -0.05476  -0.13872  -0.22917  -0.32532  -0.42652  -0.53181  -0.64222  -0.75578  -0.87277  -0.99311  -1.11729  -1.24353  -1.37270  -1.50454
  31.77149    0.21947   0.21260   0.18602   0.14231   0.08519   0.01732  -0.05930  -0.14335  -0.23388  -0.33011  -0.43140  -0.53675  -0.64725  -0.76087  -0.87793  -0.99834  -1.12261  -1.24892  -1.37815  -1.51006
  31.81286    0.21543   0.20853   0.18189   0.13810   0.08088   0.01293  -0.06378  -0.14791  -0.23852  -0.33484  -0.43620  -0.54162  -0.65221  -0.76590  -0.88303  -1.00351  -1.12787  -1.25424  -1.38354  -1.51552
  31.85424    0.21146   0.20454   0.17782   0.13395   0.07665   0.00861  -0.06819  -0.15240  -0.24310  -0.33949  -0.44094  -0.54642  -0.65711  -0.77087  -0.88806  -1.00861  -1.13306  -1.25949  -1.38887  -1.52093
  31.89562    0.20757   0.20062   0.17384   0.12988   0.07249   0.00436  -0.07252  -0.15682  -0.24760  -0.34408  -0.44561  -0.55116  -0.66194  -0.77576  -0.89303  -1.01365  -1.13819  -1.26469  -1.39414  -1.52626
  31.93699    0.20375   0.19677   0.16992   0.12587   0.06840   0.00018  -0.07679  -0.16117  -0.25204  -0.34860  -0.45021  -0.55583  -0.66670  -0.78060  -0.89794  -1.01863  -1.14325  -1.26982  -1.39934  -1.53154
  31.97837    0.20001   0.19300   0.16607   0.12194   0.06437  -0.00393  -0.08099  -0.16546  -0.25641  -0.35306  -0.45474  -0.56044  -0.67139  -0.78537  -0.90278  -1.02354  -1.14825  -1.27489  -1.40448  -1.53675
  32.01974    0.19633   0.18930   0.16230   0.11808   0.06042  -0.00798  -0.08512  -0.16968  -0.26071  -0.35745  -0.45921  -0.56498  -0.67602  -0.79007  -0.90756  -1.02839  -1.15318  -1.27989  -1.40955  -1.54190
  32.06112    0.19273   0.18566   0.15859   0.11429   0.05654  -0.01195  -0.08918  -0.17382  -0.26495  -0.36176  -0.46361  -0.56946  -0.68059  -0.79471  -0.91227  -1.03318  -1.15805  -1.28483  -1.41456  -1.54699
  32.10249    0.18920   0.18210   0.15495   0.11056   0.05272  -0.01585  -0.09317  -0.17791  -0.26912  -0.36602  -0.46795  -0.57387  -0.68509  -0.79928  -0.91692  -1.03790  -1.16286  -1.28971  -1.41951  -1.55201
  32.14387    0.18574   0.17861   0.15139   0.10691   0.04898  -0.01969  -0.09710  -0.18192  -0.27322  -0.37020  -0.47222  -0.57822  -0.68952  -0.80378  -0.92150  -1.04256  -1.16759  -1.29452  -1.42439  -1.55697
  32.18524    0.18235   0.17518   0.14789   0.10332   0.04530  -0.02346  -0.10096  -0.18587  -0.27725  -0.37432  -0.47642  -0.58250  -0.69388  -0.80822  -0.92602  -1.04715  -1.17227  -1.29926  -1.42921  -1.56186
  32.22662    0.17902   0.17183   0.14446   0.09980   0.04169  -0.02716  -0.10475  -0.18975  -0.28122  -0.37837  -0.48056  -0.58671  -0.69818  -0.81260  -0.93047  -1.05168  -1.17687  -1.30394  -1.43396  -1.56669
  32.26799    0.17577   0.16854   0.14110   0.09635   0.03815  -0.03080  -0.10848  -0.19356  -0.28512  -0.38236  -0.48462  -0.59086  -0.70241  -0.81690  -0.93486  -1.05614  -1.18141  -1.30856  -1.43865  -1.57145
  32.30937    0.17258   0.16532   0.13780   0.09297   0.03467  -0.03437  -0.11214  -0.19731  -0.28895  -0.38628  -0.48863  -0.59495  -0.70658  -0.82115  -0.93918  -1.06054  -1.18589  -1.31311  -1.44327  -1.57614
  32.35074    0.16946   0.16217   0.13458   0.08965   0.03126  -0.03787  -0.11573  -0.20099  -0.29272  -0.39013  -0.49256  -0.59897  -0.71068  -0.82532  -0.94344  -1.06487  -1.19030  -1.31759  -1.44783  -1.58077
  32.39212    0.16641   0.15909   0.13141   0.08640   0.02792  -0.04130  -0.11925  -0.20461  -0.29642  -0.39392  -0.49644  -0.60292  -0.71471  -0.82943  -0.94763  -1.06914  -1.19464  -1.32200  -1.45232  -1.58533
  32.43349    0.16343   0.15607   0.12832   0.08322   0.02464  -0.04467  -0.12272  -0.20816  -0.30006  -0.39765  -0.50024  -0.60681  -0.71868  -0.83347  -0.95175  -1.07334  -1.19891  -1.32635  -1.45674  -1.58982
  32.47487    0.16051   0.15312   0.12529   0.08010   0.02143  -0.04798  -0.12611  -0.21164  -0.30363  -0.40130  -0.50398  -0.61063  -0.72258  -0.83745  -0.95581  -1.07747  -1.20312  -1.33064  -1.46109  -1.59425
  32.51624    0.15766   0.15023   0.12233   0.07704   0.01828  -0.05122  -0.12944  -0.21506  -0.30714  -0.40489  -0.50765  -0.61439  -0.72642  -0.84136  -0.95980  -1.08154  -1.20726  -1.33485  -1.46538  -1.59861
  32.55762    0.15487   0.14741   0.11943   0.07405   0.01519  -0.05439  -0.13271  -0.21841  -0.31058  -0.40842  -0.51126  -0.61808  -0.73018  -0.84521  -0.96373  -1.08554  -1.21133  -1.33900  -1.46960  -1.60290
  32.59899    0.15215   0.14465   0.11660   0.07113   0.01218  -0.05750  -0.13591  -0.22170  -0.31396  -0.41188  -0.51480  -0.62171  -0.73389  -0.84899  -0.96759  -1.08948  -1.21534  -1.34308  -1.47375  -1.60712
  32.64037    0.14950   0.14196   0.11382   0.06827   0.00922  -0.06055  -0.13904  -0.22493  -0.31727  -0.41527  -0.51828  -0.62527  -0.73752  -0.85270  -0.97138  -1.09335  -1.21927  -1.34709  -1.47783  -1.61127
  32.68174    0.14690   0.13933   0.11112   0.06547   0.00633  -0.06353  -0.14212  -0.22809  -0.32051  -0.41860  -0.52169  -0.62877  -0.74109  -0.85634  -0.97511  -1.09715  -1.22314  -1.35103  -1.48185  -1.61535
  32.72312    0.14437   0.13677   0.10848   0.06274   0.00350  -0.06645  -0.14513  -0.23119  -0.32370  -0.42187  -0.52504  -0.63220  -0.74459  -0.85992  -0.97877  -1.10089  -1.22694  -1.35491  -1.48579  -1.61937
  32.76449    0.14191   0.13426   0.10589   0.06007   0.00074  -0.06931  -0.14807  -0.23422  -0.32681  -0.42507  -0.52832  -0.63557  -0.74803  -0.86343  -0.98236  -1.10456  -1.23068  -1.35871  -1.48967  -1.62331
  32.80587    0.13950   0.13182   0.10338   0.05746  -0.00196  -0.07210  -0.15095  -0.23719  -0.32987  -0.42821  -0.53154  -0.63887  -0.75140  -0.86688  -0.98589  -1.10816  -1.23434  -1.36245  -1.49347  -1.62718
  32.84725    0.13716   0.12944   0.10092   0.05491  -0.00460  -0.07483  -0.15377  -0.24010  -0.33286  -0.43128  -0.53469  -0.64211  -0.75471  -0.87026  -0.98935  -1.11170  -1.23794  -1.36612  -1.49721  -1.63098
  32.88862    0.13488   0.12713   0.09853   0.05242  -0.00718  -0.07750  -0.15653  -0.24294  -0.33579  -0.43429  -0.53777  -0.64528  -0.75795  -0.87357  -0.99275  -1.11517  -1.24146  -1.36972  -1.50088  -1.63472
  32.93000    0.13266   0.12487   0.09619   0.05000  -0.00969  -0.08010  -0.15922  -0.24572  -0.33865  -0.43723  -0.54080  -0.64839  -0.76112  -0.87682  -0.99607  -1.11857  -1.24492  -1.37325  -1.50448  -1.63838
  32.97137    0.13050   0.12268   0.09392   0.04764  -0.01215  -0.08265  -0.16186  -0.24844  -0.34145  -0.44011  -0.54375  -0.65143  -0.76423  -0.88000  -0.99933  -1.12190  -1.24831  -1.37671  -1.50800  -1.64197
  33.01275    0.12841   0.12054   0.09171   0.04534  -0.01454  -0.08513  -0.16443  -0.25109  -0.34419  -0.44293  -0.54665  -0.65441  -0.76727  -0.88312  -1.00252  -1.12516  -1.25163  -1.38010  -1.51146  -1.64549
  33.05412    0.12637   0.11847   0.08955   0.04309  -0.01688  -0.08755  -0.16693  -0.25368  -0.34686  -0.44568  -0.54947  -0.65732  -0.77024  -0.88616  -1.00565  -1.12836  -1.25488  -1.38342  -1.51485  -1.64893
  33.09550    0.12439   0.11645   0.08746   0.04091  -0.01915  -0.08991  -0.16938  -0.25622  -0.34947  -0.44837  -0.55224  -0.66017  -0.77315  -0.88914  -1.00871  -1.13149  -1.25807  -1.38667  -1.51816  -1.65231
  33.13687    0.12247   0.11450   0.08543   0.03879  -0.02136  -0.09221  -0.17177  -0.25868  -0.35202  -0.45099  -0.55494  -0.66295  -0.77600  -0.89206  -1.01170  -1.13455  -1.26118  -1.38986  -1.52140  -1.65561
  33.17825    0.12061   0.11260   0.08345   0.03673  -0.02351  -0.09445  -0.17409  -0.26109  -0.35451  -0.45356  -0.55758  -0.66567  -0.77877  -0.89491  -1.01462  -1.13755  -1.26422  -1.39297  -1.52458  -1.65884
  33.21962    0.11881   0.11076   0.08154   0.03472  -0.02561  -0.09663  -0.17636  -0.26344  -0.35693  -0.45606  -0.56015  -0.66833  -0.78149  -0.89769  -1.01748  -1.14047  -1.26720  -1.39601  -1.52768  -1.66200
  33.26100    0.11707   0.10898   0.07968   0.03278  -0.02764  -0.09875  -0.17856  -0.26572  -0.35930  -0.45849  -0.56266  -0.67092  -0.78413  -0.90040  -1.02027  -1.14333  -1.27010  -1.39898  -1.53071  -1.66508
  33.30237    0.11538   0.10726   0.07788   0.03089  -0.02962  -0.10081  -0.18070  -0.26795  -0.36160  -0.46087  -0.56510  -0.67345  -0.78671  -0.90305  -1.02299  -1.14612  -1.27293  -1.40188  -1.53366  -1.66809
  33.34375    0.11375   0.10559   0.07614   0.02906  -0.03154  -0.10282  -0.18279  -0.27011  -0.36384  -0.46318  -0.56749  -0.67591  -0.78923  -0.90563  -1.02565  -1.14884  -1.27570  -1.40470  -1.53655  -1.67103
  33.38512    0.11218   0.10398   0.07445   0.02729  -0.03340  -0.10476  -0.18481  -0.27222  -0.36602  -0.46543  -0.56980  -0.67831  -0.79168  -0.90815  -1.02824  -1.15149  -1.27839  -1.40746  -1.53936  -1.67389
  33.42650    0.11066   0.10243   0.07282   0.02557  -0.03520  -0.10664  -0.18678  -0.27426  -0.36813  -0.46762  -0.57206  -0.68065  -0.79406  -0.91060  -1.03076  -1.15408  -1.28101  -1.41015  -1.54210  -1.67668
  33.46787    0.10920   0.10093   0.07125   0.02391  -0.03694  -0.10847  -0.18869  -0.27624  -0.37019  -0.46974  -0.57425  -0.68292  -0.79638  -0.91298  -1.03321  -1.15659  -1.28357  -1.41276  -1.54477  -1.67940
  33.50925    0.10780   0.09949   0.06973   0.02231  -0.03863  -0.11024  -0.19053  -0.27817  -0.37218  -0.47181  -0.57638  -0.68512  -0.79864  -0.91529  -1.03559  -1.15904  -1.28605  -1.41530  -1.54737  -1.68204
  33.55062    0.10645   0.09810   0.06827   0.02076  -0.04026  -0.11195  -0.19232  -0.28003  -0.37412  -0.47381  -0.57845  -0.68727  -0.80082  -0.91754  -1.03791  -1.16142  -1.28846  -1.41777  -1.54989  -1.68461
  33.59200    0.10516   0.09677   0.06686   0.01927  -0.04183  -0.11360  -0.19405  -0.28184  -0.37599  -0.47575  -0.58045  -0.68935  -0.80295  -0.91973  -1.04016  -1.16373  -1.29081  -1.42017  -1.55234  -1.68710
  33.63337    0.10392   0.09549   0.06551   0.01784  -0.04335  -0.11520  -0.19572  -0.28358  -0.37781  -0.47763  -0.58239  -0.69136  -0.80501  -0.92184  -1.04234  -1.16597  -1.29308  -1.42250  -1.55471  -1.68952
  33.67475    0.10273   0.09426   0.06421   0.01646  -0.04481  -0.11674  -0.19734  -0.28527  -0.37956  -0.47945  -0.58427  -0.69331  -0.80700  -0.92389  -1.04446  -1.16814  -1.29528  -1.42476  -1.55702  -1.69186
  33.71612    0.10160   0.09309   0.06297   0.01513  -0.04622  -0.11822  -0.19890  -0.28690  -0.38126  -0.48120  -0.58609  -0.69520  -0.80893  -0.92588  -1.04650  -1.17024  -1.29741  -1.42694  -1.55924  -1.69413
  33.75750    0.10052   0.09198   0.06178   0.01386  -0.04757  -0.11965  -0.20040  -0.28847  -0.38289  -0.48290  -0.58784  -0.69703  -0.81079  -0.92780  -1.04848  -1.17227  -1.29947  -1.42905  -1.56140  -1.69632
  33.79887    0.09949   0.09091   0.06064   0.01265  -0.04887  -0.12102  -0.20184  -0.28998  -0.38447  -0.48453  -0.58953  -0.69879  -0.81259  -0.92965  -1.05040  -1.17424  -1.30146  -1.43109  -1.56348  -1.69844
  33.84025    0.09851   0.08990   0.05956   0.01148  -0.05011  -0.12233  -0.20322  -0.29143  -0.38598  -0.48611  -0.59116  -0.70049  -0.81432  -0.93143  -1.05224  -1.17613  -1.30338  -1.43306  -1.56549  -1.70048
  33.88163    0.09759   0.08894   0.05853   0.01038  -0.05129  -0.12359  -0.20455  -0.29283  -0.38744  -0.48762  -0.59273  -0.70213  -0.81599  -0.93315  -1.05402  -1.17796  -1.30522  -1.43495  -1.56742  -1.70245
  33.92300    0.09672   0.08803   0.05755   0.00932  -0.05243  -0.12480  -0.20583  -0.29416  -0.38884  -0.48908  -0.59424  -0.70370  -0.81759  -0.93481  -1.05572  -1.17972  -1.30700  -1.43677  -1.56928  -1.70434
  33.96438    0.09590   0.08718   0.05662   0.00832  -0.05351  -0.12595  -0.20704  -0.29544  -0.39018  -0.49047  -0.59568  -0.70521  -0.81913  -0.93639  -1.05737  -1.18140  -1.30871  -1.43852  -1.57107  -1.70615
  34.00575    0.09513   0.08637   0.05575   0.00736  -0.05453  -0.12704  -0.20820  -0.29667  -0.39146  -0.49180  -0.59707  -0.70666  -0.82061  -0.93792  -1.05894  -1.18302  -1.31034  -1.44020  -1.57278  -1.70789
  34.04713    0.09441   0.08562   0.05492   0.00647  -0.05550  -0.12808  -0.20931  -0.29783  -0.39268  -0.49308  -0.59839  -0.70804  -0.82202  -0.93937  -1.06045  -1.18457  -1.31190  -1.44180  -1.57441  -1.70955
  34.08850    0.09375   0.08491   0.05415   0.00562  -0.05642  -0.12907  -0.21036  -0.29894  -0.39384  -0.49429  -0.59965  -0.70936  -0.82336  -0.94076  -1.06188  -1.18605  -1.31340  -1.44333  -1.57597  -1.71114
  34.12988    0.09313   0.08426   0.05343   0.00482  -0.05729  -0.13000  -0.21135  -0.30000  -0.39495  -0.49545  -0.60085  -0.71062  -0.82464  -0.94209  -1.06325  -1.18746  -1.31482  -1.44479  -1.57746  -1.71265
  34.17125    0.09256   0.08366   0.05276   0.00408  -0.05810  -0.13088  -0.21229  -0.30099  -0.39600  -0.49654  -0.60199  -0.71182  -0.82586  -0.94334  -1.06456  -1.18880  -1.31617  -1.44618  -1.57887  -1.71408
  34.21263    0.09204   0.08310   0.05214   0.00339  -0.05887  -0.13170  -0.21318  -0.30193  -0.39699  -0.49758  -0.60307  -0.71295  -0.82702  -0.94454  -1.06579  -1.19008  -1.31745  -1.44749  -1.58021  -1.71543
  34.25400    0.09157   0.08260   0.05156   0.00275  -0.05958  -0.13247  -0.21401  -0.30282  -0.39792  -0.49856  -0.60409  -0.71402  -0.82811  -0.94566  -1.06696  -1.19128  -1.31865  -1.44873  -1.58147  -1.71671
  34.29538    0.09115   0.08214   0.05104   0.00215  -0.06023  -0.13319  -0.21479  -0.30365  -0.39880  -0.49947  -0.60504  -0.71503  -0.82913  -0.94672  -1.06806  -1.19241  -1.31979  -1.44989  -1.58266  -1.71791
  34.33675    0.09077   0.08173   0.05057   0.00161  -0.06084  -0.13386  -0.21551  -0.30442  -0.39962  -0.50033  -0.60594  -0.71598  -0.83009  -0.94772  -1.06909  -1.19347  -1.32086  -1.45098  -1.58377  -1.71904
  34.37813    0.09045   0.08137   0.05015   0.00112  -0.06140  -0.13447  -0.21618  -0.30514  -0.40038  -0.50113  -0.60678  -0.71686  -0.83099  -0.94865  -1.07006  -1.19447  -1.32185  -1.45200  -1.58481  -1.72008
  34.41950    0.09017   0.08106   0.04977   0.00068  -0.06190  -0.13504  -0.21679  -0.30580  -0.40108  -0.50188  -0.60756  -0.71769  -0.83183  -0.94951  -1.07096  -1.19539  -1.32277  -1.45295  -1.58577  -1.72105
  34.46088    0.08994   0.08079   0.04944   0.00029  -0.06236  -0.13555  -0.21735  -0.30641  -0.40173  -0.50256  -0.60827  -0.71845  -0.83260  -0.95031  -1.07179  -1.19625  -1.32362  -1.45382  -1.58665  -1.72195
  34.50225    0.08975   0.08057   0.04916  -0.00006  -0.06276  -0.13601  -0.21786  -0.30696  -0.40233  -0.50319  -0.60893  -0.71915  -0.83330  -0.95104  -1.07255  -1.19704  -1.32440  -1.45462  -1.58746  -1.72276
  34.54363    0.08962   0.08040   0.04893  -0.00035  -0.06312  -0.13641  -0.21832  -0.30746  -0.40286  -0.50376  -0.60953  -0.71979  -0.83395  -0.95171  -1.07325  -1.19775  -1.32511  -1.45535  -1.58820  -1.72350
  34.58500    0.08952   0.08028   0.04874  -0.00060  -0.06342  -0.13677  -0.21872  -0.30791  -0.40334  -0.50427  -0.61006  -0.72036  -0.83453  -0.95232  -1.07388  -1.19840  -1.32575  -1.45600  -1.58886  -1.72416
  34.62638    0.08948   0.08020   0.04861  -0.00080  -0.06368  -0.13708  -0.21907  -0.30830  -0.40377  -0.50472  -0.61054  -0.72088  -0.83505  -0.95285  -1.07444  -1.19898  -1.32632  -1.45658  -1.58944  -1.72474
  34.66775    0.08948   0.08016   0.04852  -0.00095  -0.06389  -0.13733  -0.21937  -0.30864  -0.40414  -0.50512  -0.61096  -0.72133  -0.83550  -0.95333  -1.07493  -1.19949  -1.32681  -1.45709  -1.58995  -1.72524
  34.70913    0.08952   0.08017   0.04847  -0.00106  -0.06405  -0.13753  -0.21962  -0.30892  -0.40445  -0.50546  -0.61132  -0.72173  -0.83589  -0.95373  -1.07536  -1.19993  -1.32723  -1.45752  -1.59038  -1.72567
  34.75050    0.08961   0.08023   0.04847  -0.00111  -0.06415  -0.13769  -0.21981  -0.30915  -0.40471  -0.50574  -0.61162  -0.72206  -0.83622  -0.95408  -1.07572  -1.20029  -1.32759  -1.45788  -1.59074  -1.72601
  34.79188    0.08975   0.08033   0.04852  -0.00112  -0.06422  -0.13779  -0.21995  -0.30933  -0.40491  -0.50596  -0.61186  -0.72233  -0.83648  -0.95435  -1.07601  -1.20060  -1.32787  -1.45816  -1.59102  -1.72628
  34.83326    0.08992   0.08048   0.04861  -0.00109  -0.06423  -0.13785  -0.22005  -0.30945  -0.40506  -0.50613  -0.61205  -0.72254  -0.83669  -0.95457  -1.07624  -1.20083  -1.32808  -1.45837  -1.59122  -1.72647
  34.87463    0.09015   0.08067   0.04875  -0.00100  -0.06419  -0.13785  -0.22009  -0.30952  -0.40516  -0.50624  -0.61217  -0.72269  -0.83683  -0.95472  -1.07639  -1.20099  -1.32821  -1.45851  -1.59135  -1.72659
  34.91601    0.09041   0.08091   0.04893  -0.00087  -0.06411  -0.13781  -0.22008  -0.30954  -0.40519  -0.50630  -0.61224  -0.72278  -0.83691  -0.95480  -1.07649  -1.20108  -1.32828  -1.45857  -1.59140  -1.72662
  34.95738    0.09072   0.08118   0.04916  -0.00070  -0.06398  -0.13772  -0.22002  -0.30950  -0.40518  -0.50629  -0.61225  -0.72281  -0.83692  -0.95482  -1.07651  -1.20110  -1.32828  -1.45856  -1.59138  -1.72658
  34.99876    0.09107   0.08151   0.04943  -0.00048  -0.06380  -0.13758  -0.21990  -0.30942  -0.40511  -0.50624  -0.61220  -0.72277  -0.83687  -0.95477  -1.07647  -1.20106  -1.32820  -1.45848  -1.59128  -1.72646
  35.04013    0.09147   0.08187   0.04974  -0.00021  -0.06358  -0.13739  -0.21974  -0.30928  -0.40499  -0.50612  -0.61209  -0.72268  -0.83677  -0.95466  -1.07636  -1.20094  -1.32806  -1.45832  -1.59111  -1.72626
  35.08151    0.09190   0.08228   0.05010   0.00010  -0.06331  -0.13715  -0.21953  -0.30909  -0.40481  -0.50595  -0.61193  -0.72253  -0.83659  -0.95449  -1.07618  -1.20076  -1.32784  -1.45809  -1.59085  -1.72598
  35.12288    0.09238   0.08273   0.05050   0.00046  -0.06299  -0.13686  -0.21927  -0.30884  -0.40458  -0.50573  -0.61170  -0.72232  -0.83636  -0.95425  -1.07594  -1.20050  -1.32755  -1.45779  -1.59053  -1.72562
  35.16426    0.09290   0.08322   0.05095   0.00086  -0.06263  -0.13653  -0.21896  -0.30855  -0.40430  -0.50545  -0.61142  -0.72204  -0.83607  -0.95395  -1.07563  -1.20018  -1.32719  -1.45741  -1.59012  -1.72519
  35.20563    0.09346   0.08375   0.05144   0.00130  -0.06222  -0.13615  -0.21860  -0.30821  -0.40396  -0.50511  -0.61108  -0.72171  -0.83571  -0.95358  -1.07525  -1.19979  -1.32676  -1.45696  -1.58964  -1.72467
  35.24701    0.09407   0.08433   0.05197   0.00179  -0.06177  -0.13572  -0.21819  -0.30781  -0.40357  -0.50472  -0.61069  -0.72132  -0.83529  -0.95315  -1.07481  -1.19933  -1.32625  -1.45643  -1.58909  -1.72408
  35.28838    0.09471   0.08495   0.05254   0.00232  -0.06127  -0.13525  -0.21773  -0.30736  -0.40312  -0.50428  -0.61023  -0.72087  -0.83481  -0.95266  -1.07430  -1.19880  -1.32568  -1.45584  -1.58846  -1.72341
  35.32976    0.09540   0.08561   0.05316   0.00290  -0.06073  -0.13472  -0.21723  -0.30687  -0.40263  -0.50378  -0.60973  -0.72035  -0.83427  -0.95210  -1.07373  -1.19820  -1.32504  -1.45516  -1.58775  -1.72266
  35.37113    0.09612   0.08630   0.05381   0.00352  -0.06014  -0.13416  -0.21667  -0.30632  -0.40208  -0.50322  -0.60916  -0.71978  -0.83367  -0.95148  -1.07308  -1.19753  -1.32432  -1.45442  -1.58696  -1.72183
  35.41251    0.09689   0.08704   0.05451   0.00418  -0.05950  -0.13354  -0.21607  -0.30572  -0.40148  -0.50261  -0.60854  -0.71915  -0.83300  -0.95080  -1.07237  -1.19680  -1.32354  -1.45360  -1.58610  -1.72092
  35.45388    0.09769   0.08782   0.05525   0.00488  -0.05883  -0.13288  -0.21542  -0.30507  -0.40083  -0.50195  -0.60786  -0.71846  -0.83228  -0.95005  -1.07160  -1.19599  -1.32268  -1.45270  -1.58517  -1.71994
  35.49526    0.09854   0.08864   0.05603   0.00563  -0.05810  -0.13217  -0.21472  -0.30437  -0.40012  -0.50123  -0.60712  -0.71771  -0.83149  -0.94923  -1.07076  -1.19512  -1.32175  -1.45174  -1.58415  -1.71887
  35.53663    0.09942   0.08950   0.05685   0.00642  -0.05734  -0.13142  -0.21397  -0.30362  -0.39936  -0.50046  -0.60633  -0.71691  -0.83064  -0.94836  -1.06985  -1.19418  -1.32075  -1.45070  -1.58307  -1.71773
  35.57801    0.10034   0.09040   0.05772   0.00725  -0.05653  -0.13062  -0.21317  -0.30282  -0.39856  -0.49963  -0.60548  -0.71604  -0.82974  -0.94742  -1.06888  -1.19316  -1.31968  -1.44958  -1.58190  -1.71651
  35.61938    0.10131   0.09134   0.05862   0.00812  -0.05567  -0.12978  -0.21233  -0.30198  -0.39769  -0.49875  -0.60457  -0.71512  -0.82877  -0.94642  -1.06784  -1.19208  -1.31854  -1.44840  -1.58066  -1.71521
  35.66076    0.10230   0.09231   0.05956   0.00904  -0.05478  -0.12889  -0.21144  -0.30108  -0.39678  -0.49782  -0.60361  -0.71413  -0.82774  -0.94535  -1.06674  -1.19093  -1.31733  -1.44714  -1.57934  -1.71383
  35.70213    0.10334   0.09333   0.06054   0.00999  -0.05384  -0.12796  -0.21051  -0.30014  -0.39582  -0.49683  -0.60260  -0.71309  -0.82665  -0.94423  -1.06557  -1.18972  -1.31605  -1.44580  -1.57795  -1.71237
  35.74351    0.10442   0.09438   0.06157   0.01099  -0.05286  -0.12698  -0.20952  -0.29914  -0.39481  -0.49579  -0.60153  -0.71199  -0.82550  -0.94303  -1.06433  -1.18843  -1.31470  -1.44439  -1.57648  -1.71083
  35.78489    0.10553   0.09547   0.06263   0.01203  -0.05183  -0.12595  -0.20850  -0.29810  -0.39374  -0.49470  -0.60040  -0.71083  -0.82429  -0.94178  -1.06303  -1.18708  -1.31327  -1.44291  -1.57493  -1.70922
  35.82626    0.10668   0.09660   0.06373   0.01311  -0.05076  -0.12489  -0.20742  -0.29701  -0.39263  -0.49355  -0.59922  -0.70962  -0.82302  -0.94046  -1.06166  -1.18566  -1.31178  -1.44136  -1.57331  -1.70752
  35.86764    0.10787   0.09777   0.06487   0.01422  -0.04966  -0.12378  -0.20630  -0.29587  -0.39146  -0.49235  -0.59798  -0.70834  -0.82169  -0.93909  -1.06023  -1.18417  -1.31022  -1.43973  -1.57161  -1.70575
  35.90901    0.10909   0.09897   0.06604   0.01538  -0.04850  -0.12262  -0.20513  -0.29468  -0.39025  -0.49110  -0.59669  -0.70701  -0.82030  -0.93765  -1.05873  -1.18261  -1.30858  -1.43803  -1.56984  -1.70390
  35.95039    0.11035   0.10021   0.06726   0.01658  -0.04731  -0.12142  -0.20392  -0.29345  -0.38898  -0.48980  -0.59534  -0.70562  -0.81885  -0.93614  -1.05717  -1.18098  -1.30688  -1.43626  -1.56799  -1.70197
  35.99176    0.11165   0.10149   0.06851   0.01782  -0.04608  -0.12018  -0.20266  -0.29216  -0.38766  -0.48844  -0.59394  -0.70417  -0.81734  -0.93458  -1.05554  -1.17928  -1.30511  -1.43441  -1.56607  -1.69996
  36.03314    0.11298   0.10281   0.06980   0.01910  -0.04480  -0.11890  -0.20136  -0.29083  -0.38630  -0.48703  -0.59248  -0.70267  -0.81577  -0.93295  -1.05384  -1.17752  -1.30326  -1.43249  -1.56406  -1.69787
  36.07451    0.11435   0.10416   0.07113   0.02041  -0.04349  -0.11757  -0.20001  -0.28945  -0.38488  -0.48557  -0.59097  -0.70110  -0.81415  -0.93126  -1.05208  -1.17569  -1.30135  -1.43050  -1.56199  -1.69570
  36.11589    0.11576   0.10554   0.07250   0.02177  -0.04213  -0.11620  -0.19862  -0.28803  -0.38342  -0.48406  -0.58941  -0.69949  -0.81246  -0.92951  -1.05026  -1.17379  -1.29936  -1.42843  -1.55983  -1.69346
  36.15726    0.11720   0.10696   0.07390   0.02316  -0.04073  -0.11479  -0.19718  -0.28656  -0.38190  -0.48250  -0.58779  -0.69781  -0.81071  -0.92769  -1.04837  -1.17183  -1.29731  -1.42629  -1.55760  -1.69114
  36.19864    0.11867   0.10842   0.07534   0.02459  -0.03930  -0.11333  -0.19569  -0.28504  -0.38034  -0.48088  -0.58612  -0.69608  -0.80891  -0.92582  -1.04642  -1.16979  -1.29518  -1.42408  -1.55530  -1.68873
  36.24001    0.12018   0.10992   0.07681   0.02606  -0.03782  -0.11184  -0.19417  -0.28347  -0.37873  -0.47921  -0.58439  -0.69428  -0.80704  -0.92388  -1.04440  -1.16769  -1.29299  -1.42180  -1.55292  -1.68625
  36.28139    0.12172   0.11144   0.07833   0.02757  -0.03630  -0.11030  -0.19260  -0.28186  -0.37707  -0.47750  -0.58261  -0.69244  -0.80512  -0.92188  -1.04232  -1.16552  -1.29073  -1.41944  -1.55046  -1.68369
  36.32276    0.12330   0.11301   0.07988   0.02912  -0.03474  -0.10872  -0.19098  -0.28020  -0.37536  -0.47573  -0.58078  -0.69053  -0.80314  -0.91982  -1.04017  -1.16328  -1.28839  -1.41701  -1.54793  -1.68106
  36.36414    0.12491   0.11460   0.08146   0.03070  -0.03315  -0.10709  -0.18932  -0.27850  -0.37360  -0.47391  -0.57889  -0.68857  -0.80110  -0.91770  -1.03796  -1.16098  -1.28599  -1.41451  -1.54532  -1.67834
  36.40551    0.12656   0.11624   0.08308   0.03232  -0.03151  -0.10543  -0.18762  -0.27675  -0.37179  -0.47204  -0.57695  -0.68656  -0.79900  -0.91552  -1.03568  -1.15861  -1.28352  -1.41193  -1.54264  -1.67555
  36.44689    0.12824   0.11790   0.08474   0.03398  -0.02984  -0.10373  -0.18587  -0.27495  -0.36994  -0.47012  -0.57496  -0.68449  -0.79684  -0.91328  -1.03334  -1.15617  -1.28098  -1.40929  -1.53988  -1.67268
  36.48826    0.12995   0.11960   0.08643   0.03567  -0.02812  -0.10198  -0.18409  -0.27311  -0.36804  -0.46815  -0.57291  -0.68236  -0.79463  -0.91097  -1.03093  -1.15366  -1.27837  -1.40657  -1.53705  -1.66972
  36.52964    0.13170   0.12134   0.08815   0.03740  -0.02637  -0.10020  -0.18225  -0.27123  -0.36609  -0.46613  -0.57081  -0.68017  -0.79236  -0.90861  -1.02847  -1.15109  -1.27569  -1.40377  -1.53414  -1.66670
  36.57101    0.13348   0.12310   0.08991   0.03917  -0.02458  -0.09837  -0.18038  -0.26929  -0.36409  -0.46405  -0.56866  -0.67793  -0.79003  -0.90618  -1.02593  -1.14845  -1.27294  -1.40091  -1.53115  -1.66359
  36.61239    0.13529   0.12490   0.09171   0.04098  -0.02275  -0.09650  -0.17846  -0.26732  -0.36204  -0.46193  -0.56645  -0.67564  -0.78764  -0.90369  -1.02334  -1.14574  -1.27012  -1.39797  -1.52809  -1.66040
  36.65376    0.13713   0.12674   0.09354   0.04282  -0.02088  -0.09459  -0.17650  -0.26530  -0.35995  -0.45976  -0.56420  -0.67329  -0.78519  -0.90115  -1.02068  -1.14297  -1.26723  -1.39496  -1.52496  -1.65714
  36.69514    0.13901   0.12860   0.09540   0.04469  -0.01898  -0.09265  -0.17450  -0.26323  -0.35781  -0.45754  -0.56189  -0.67088  -0.78269  -0.89854  -1.01795  -1.14013  -1.26427  -1.39188  -1.52175  -1.65380
  36.73652    0.14091   0.13050   0.09730   0.04660  -0.01704  -0.09066  -0.17246  -0.26112  -0.35563  -0.45527  -0.55953  -0.66842  -0.78013  -0.89587  -1.01517  -1.13722  -1.26125  -1.38873  -1.51846  -1.65038
  36.77789    0.14285   0.13243   0.09923   0.04855  -0.01506  -0.08863  -0.17037  -0.25896  -0.35339  -0.45295  -0.55712  -0.66590  -0.77751  -0.89315  -1.01231  -1.13424  -1.25815  -1.38550  -1.51510  -1.64688
  36.81927    0.14482   0.13439   0.10119   0.05053  -0.01304  -0.08657  -0.16824  -0.25677  -0.35111  -0.45058  -0.55465  -0.66333  -0.77483  -0.89036  -1.00940  -1.13120  -1.25499  -1.38220  -1.51167  -1.64331
  36.86064    0.14682   0.13639   0.10319   0.05255  -0.01098  -0.08446  -0.16607  -0.25452  -0.34879  -0.44816  -0.55214  -0.66070  -0.77210  -0.88751  -1.00642  -1.12810  -1.25176  -1.37883  -1.50816  -1.63965
  36.90202    0.14886   0.13841   0.10522   0.05460  -0.00889  -0.08232  -0.16386  -0.25224  -0.34642  -0.44570  -0.54957  -0.65802  -0.76931  -0.88460  -1.00338  -1.12492  -1.24846  -1.37539  -1.50457  -1.63592
  36.94339    0.15092   0.14047   0.10728   0.05669  -0.00677  -0.08014  -0.16161  -0.24991  -0.34400  -0.44318  -0.54695  -0.65528  -0.76647  -0.88164  -1.00028  -1.12169  -1.24509  -1.37188  -1.50091  -1.63211
  36.98477    0.15302   0.14256   0.10938   0.05881  -0.00460  -0.07792  -0.15932  -0.24753  -0.34153  -0.44062  -0.54428  -0.65249  -0.76357  -0.87861  -0.99711  -1.11838  -1.24166  -1.36830  -1.49718  -1.62823
  37.02614    0.15514   0.14468   0.11151   0.06096  -0.00240  -0.07566  -0.15699  -0.24512  -0.33902  -0.43801  -0.54156  -0.64965  -0.76061  -0.87552  -0.99388  -1.11501  -1.23815  -1.36464  -1.49337  -1.62426
  37.06752    0.15729   0.14683   0.11367   0.06315  -0.00017  -0.07336  -0.15461  -0.24266  -0.33647  -0.43535  -0.53879  -0.64675  -0.75759  -0.87238  -0.99059  -1.11157  -1.23458  -1.36091  -1.48949  -1.62022
  37.10889    0.15948   0.14901   0.11586   0.06538   0.00211  -0.07102  -0.15220  -0.24015  -0.33386  -0.43264  -0.53597  -0.64379  -0.75452  -0.86917  -0.98724  -1.10807  -1.23094  -1.35712  -1.48553  -1.61611
  37.15027    0.16169   0.15122   0.11808   0.06763   0.00441  -0.06865  -0.14975  -0.23761  -0.33122  -0.42988  -0.53309  -0.64079  -0.75139  -0.86591  -0.98382  -1.10450  -1.22723  -1.35325  -1.48150  -1.61191
  37.19164    0.16394   0.15346   0.12034   0.06992   0.00676  -0.06624  -0.14725  -0.23502  -0.32853  -0.42708  -0.53017  -0.63773  -0.74821  -0.86259  -0.98034  -1.10087  -1.22345  -1.34931  -1.47739  -1.60764
  37.23302    0.16621   0.15573   0.12263   0.07224   0.00914  -0.06379  -0.14472  -0.23239  -0.32579  -0.42423  -0.52720  -0.63461  -0.74497  -0.85921  -0.97680  -1.09717  -1.21961  -1.34529  -1.47321  -1.60329
  37.27439    0.16851   0.15803   0.12494   0.07460   0.01155  -0.06130  -0.14214  -0.22971  -0.32301  -0.42133  -0.52417  -0.63144  -0.74168  -0.85577  -0.97320  -1.09340  -1.21570  -1.34121  -1.46895  -1.59886
  37.31577    0.17084   0.16036   0.12729   0.07699   0.01400  -0.05878  -0.13953  -0.22700  -0.32018  -0.41838  -0.52110  -0.62822  -0.73833  -0.85227  -0.96953  -1.08957  -1.21172  -1.33706  -1.46462  -1.59435
  37.35714    0.17320   0.16272   0.12967   0.07941   0.01648  -0.05622  -0.13687  -0.22424  -0.31731  -0.41539  -0.51798  -0.62494  -0.73492  -0.84871  -0.96580  -1.08567  -1.20767  -1.33283  -1.46022  -1.58977
  37.39852    0.17559   0.16511   0.13208   0.08186   0.01900  -0.05362  -0.13418  -0.22144  -0.31440  -0.41235  -0.51480  -0.62162  -0.73146  -0.84510  -0.96201  -1.08171  -1.20356  -1.32854  -1.45574  -1.58511
  37.43989    0.17801   0.16753   0.13452   0.08435   0.02155  -0.05099  -0.13145  -0.21860  -0.31144  -0.40926  -0.51158  -0.61824  -0.72794  -0.84142  -0.95816  -1.07769  -1.19938  -1.32417  -1.45119  -1.58038
  37.48127    0.18045   0.16998   0.13700   0.08687   0.02414  -0.04832  -0.12868  -0.21572  -0.30843  -0.40613  -0.50831  -0.61480  -0.72437  -0.83769  -0.95425  -1.07360  -1.19513  -1.31974  -1.44657  -1.57557
  37.52264    0.18292   0.17245   0.13950   0.08942   0.02676  -0.04561  -0.12587  -0.21280  -0.30539  -0.40295  -0.50499  -0.61131  -0.72075  -0.83390  -0.95027  -1.06944  -1.19081  -1.31523  -1.44187  -1.57068
  37.56402    0.18542   0.17496   0.14203   0.09200   0.02941  -0.04287  -0.12302  -0.20983  -0.30229  -0.39972  -0.50161  -0.60777  -0.71707  -0.83006  -0.94624  -1.06522  -1.18643  -1.31065  -1.43710  -1.56571
  37.60539    0.18795   0.17749   0.14459   0.09461   0.03210  -0.04009  -0.12014  -0.20683  -0.29916  -0.39645  -0.49820  -0.60418  -0.71333  -0.82615  -0.94214  -1.06094  -1.18198  -1.30601  -1.43225  -1.56067
  37.64677    0.19051   0.18005   0.14718   0.09726   0.03482  -0.03728  -0.11721  -0.20378  -0.29598  -0.39313  -0.49473  -0.60054  -0.70954  -0.82219  -0.93798  -1.05659  -1.17747  -1.30129  -1.42734  -1.55555
  37.68815    0.19309   0.18263   0.14980   0.09993   0.03757  -0.03443  -0.11425  -0.20069  -0.29276  -0.38976  -0.49121  -0.59684  -0.70570  -0.81817  -0.93376  -1.05218  -1.17289  -1.29650  -1.42234  -1.55036
  37.72952    0.19570   0.18525   0.15244   0.10264   0.04036  -0.03154  -0.11125  -0.19757  -0.28950  -0.38635  -0.48764  -0.59309  -0.70180  -0.81409  -0.92948  -1.04770  -1.16824  -1.29165  -1.41728  -1.54509
  37.77090    0.19833   0.18789   0.15512   0.10537   0.04318  -0.02862  -0.10821  -0.19440  -0.28619  -0.38290  -0.48403  -0.58929  -0.69785  -0.80996  -0.92514  -1.04316  -1.16352  -1.28672  -1.41214  -1.53974
  37.81227    0.20099   0.19056   0.15783   0.10814   0.04603  -0.02567  -0.10514  -0.19119  -0.28284  -0.37939  -0.48037  -0.58544  -0.69384  -0.80576  -0.92074  -1.03855  -1.15874  -1.28172  -1.40693  -1.53432
  37.85365    0.20368   0.19326   0.16056   0.11094   0.04892  -0.02268  -0.10202  -0.18794  -0.27945  -0.37585  -0.47666  -0.58154  -0.68978  -0.80152  -0.91628  -1.03388  -1.15389  -1.27666  -1.40165  -1.52882
  37.89502    0.20639   0.19598   0.16332   0.11377   0.05184  -0.01965  -0.09887  -0.18466  -0.27601  -0.37225  -0.47290  -0.57758  -0.68567  -0.79721  -0.91176  -1.02915  -1.14898  -1.27152  -1.39629  -1.52325
  37.93640    0.20913   0.19873   0.16611   0.11663   0.05479  -0.01659  -0.09569  -0.18133  -0.27253  -0.36862  -0.46909  -0.57357  -0.68150  -0.79285  -0.90718  -1.02435  -1.14400  -1.26632  -1.39086  -1.51760
  37.97777    0.21190   0.20151   0.16893   0.11951   0.05777  -0.01350  -0.09246  -0.17796  -0.26901  -0.36494  -0.46524  -0.56951  -0.67728  -0.78843  -0.90253  -1.01949  -1.13896  -1.26104  -1.38536  -1.51187
  38.01915    0.21469   0.20431   0.17178   0.12243   0.06079  -0.01037  -0.08920  -0.17456  -0.26545  -0.36121  -0.46134  -0.56540  -0.67301  -0.78396  -0.89783  -1.01457  -1.13385  -1.25570  -1.37979  -1.50607
  38.06052    0.21751   0.20714   0.17465   0.12538   0.06383  -0.00721  -0.08591  -0.17111  -0.26185  -0.35744  -0.45739  -0.56124  -0.66868  -0.77942  -0.89307  -1.00958  -1.12867  -1.25029  -1.37414  -1.50020
  38.10190    0.22035   0.20999   0.17755   0.12836   0.06691  -0.00401  -0.08257  -0.16763  -0.25820  -0.35362  -0.45339  -0.55703  -0.66430  -0.77484  -0.88825  -1.00453  -1.12343  -1.24481  -1.36842  -1.49424
  38.14327    0.22322   0.21287   0.18048   0.13136   0.07002  -0.00078  -0.07920  -0.16410  -0.25451  -0.34976  -0.44935  -0.55277  -0.65987  -0.77019  -0.88336  -0.99941  -1.11812  -1.23926  -1.36263  -1.48822
  38.18465    0.22611   0.21578   0.18344   0.13440   0.07316   0.00248  -0.07580  -0.16054  -0.25079  -0.34585  -0.44526  -0.54846  -0.65538  -0.76549  -0.87842  -0.99424  -1.11275  -1.23364  -1.35677  -1.48211
  38.22602    0.22902   0.21871   0.18642   0.13746   0.07633   0.00578  -0.07235  -0.15694  -0.24702  -0.34191  -0.44112  -0.54410  -0.65084  -0.76074  -0.87342  -0.98900  -1.10732  -1.22795  -1.35084  -1.47594
  38.26740    0.23197   0.22166   0.18943   0.14055   0.07953   0.00911  -0.06888  -0.15330  -0.24320  -0.33791  -0.43694  -0.53968  -0.64625  -0.75593  -0.86836  -0.98370  -1.10181  -1.22219  -1.34483  -1.46969
  38.30877    0.23493   0.22465   0.19246   0.14367   0.08276   0.01247  -0.06536  -0.14962  -0.23935  -0.33388  -0.43271  -0.53522  -0.64161  -0.75106  -0.86324  -0.97833  -1.09625  -1.21637  -1.33875  -1.46336
  38.35015    0.23792   0.22765   0.19553   0.14682   0.08603   0.01587  -0.06181  -0.14591  -0.23546  -0.32980  -0.42843  -0.53070  -0.63691  -0.74614  -0.85806  -0.97290  -1.09062  -1.21048  -1.33260  -1.45696
  38.39152    0.24093   0.23068   0.19861   0.15000   0.08932   0.01929  -0.05823  -0.14215  -0.23153  -0.32567  -0.42411  -0.52614  -0.63216  -0.74116  -0.85283  -0.96741  -1.08492  -1.20452  -1.32638  -1.45048
  38.43290    0.24397   0.23374   0.20173   0.15320   0.09265   0.02276  -0.05461  -0.13836  -0.22755  -0.32151  -0.41974  -0.52153  -0.62737  -0.73613  -0.84753  -0.96186  -1.07916  -1.19849  -1.32009  -1.44393
  38.47427    0.24703   0.23682   0.20487   0.15644   0.09600   0.02625  -0.05096  -0.13453  -0.22354  -0.31730  -0.41533  -0.51686  -0.62251  -0.73104  -0.84217  -0.95625  -1.07334  -1.19239  -1.31372  -1.43730
  38.51565    0.25011   0.23992   0.20804   0.15970   0.09938   0.02977  -0.04727  -0.13067  -0.21948  -0.31305  -0.41086  -0.51215  -0.61761  -0.72590  -0.83676  -0.95057  -1.06745  -1.18623  -1.30729  -1.43061
  38.55702    0.25322   0.24305   0.21123   0.16299   0.10280   0.03333  -0.04354  -0.12676  -0.21539  -0.30875  -0.40636  -0.50739  -0.61266  -0.72071  -0.83129  -0.94484  -1.06150  -1.18000  -1.30078  -1.42383
  38.59840    0.25635   0.24620   0.21444   0.16630   0.10624   0.03692  -0.03978  -0.12282  -0.21125  -0.30441  -0.40181  -0.50258  -0.60765  -0.71545  -0.82576  -0.93904  -1.05548  -1.17370  -1.29421  -1.41698
  38.63978    0.25951   0.24937   0.21769   0.16964   0.10971   0.04054  -0.03599  -0.11884  -0.20708  -0.30003  -0.39721  -0.49772  -0.60259  -0.71015  -0.82017  -0.93317  -1.04940  -1.16733  -1.28756  -1.41006
  38.68115    0.26268   0.25257   0.22095   0.17301   0.11322   0.04420  -0.03216  -0.11483  -0.20287  -0.29561  -0.39257  -0.49281  -0.59749  -0.70479  -0.81452  -0.92725  -1.04325  -1.16090  -1.28084  -1.40307
  38.72253    0.26588   0.25579   0.22424   0.17641   0.11675   0.04788  -0.02830  -0.11078  -0.19861  -0.29114  -0.38788  -0.48785  -0.59233  -0.69937  -0.80882  -0.92127  -1.03705  -1.15439  -1.27405  -1.39600
  38.76390    0.26910   0.25904   0.22756   0.17983   0.12031   0.05160  -0.02441  -0.10669  -0.19432  -0.28663  -0.38315  -0.48284  -0.58712  -0.69391  -0.80306  -0.91522  -1.03077  -1.14783  -1.26719  -1.38886

# Minimas
  34.64767    0.08947 
  34.67746    0.08016 
  34.72897    0.04847 
  34.77982   -0.00112 
  34.82377   -0.06423 
  34.85867   -0.13786 
  34.88715   -0.22009 
  34.90949   -0.30954 
  34.92525   -0.40520 
  34.93567   -0.50630 
  34.94263   -0.61225 
  34.95592   -0.72281 
  34.94692   -0.83692 
  34.94908   -0.95482 
  34.95173   -1.07651 
  34.95059   -1.20110 
  34.93422   -1.32829 
  34.93128   -1.45858 
  34.92407   -1.59140 
  34.91376   -1.72662 

