        0.000000000000000        34.647674573073473
       10.000000000000000        34.648000291230375
       20.000000000000000        34.648692465880359
       30.000000000000000        34.650700467237193
       40.000000000000000        34.652896347954780
       50.000000000000000        34.656392816867182
       60.000000000000000        34.660220437469803
       70.000000000000000        34.664151496863113
       80.000000000000000        34.668457380020428
       90.000000000000000        34.672707226249038
      100.000000000000000        34.677457528629397
      110.000000000000000        34.682215826054581
      120.000000000000000        34.687305788540115
      130.000000000000000        34.691665038735728
      140.000000000000000        34.696568745889117
      150.000000000000000        34.702413756181471
      160.000000000000000        34.707476916948515
      170.000000000000000        34.712807397659155
      180.000000000000000        34.718362752900902
      190.000000000000000        34.723806347734360
      200.000000000000000        34.728967057047583
      210.000000000000000        34.734481535509396
      220.000000000000000        34.739577961971513
      230.000000000000000        34.744312693191020
      240.000000000000000        34.749865401781527
      250.000000000000000        34.754561851834055
      260.000000000000000        34.760015309471576
      270.000000000000000        34.764995635822437
      280.000000000000000        34.769994658351443
      290.000000000000000        34.775059864503497
      300.000000000000000        34.779824204607500
      310.000000000000000        34.784711775036286
      320.000000000000000        34.789255137389361
      330.000000000000000        34.793422012646964
      340.000000000000000        34.798622132777751
      350.000000000000000        34.802526344395375
      360.000000000000000        34.805993188722603
      370.000000000000000        34.811117876434977
      380.000000000000000        34.814442553729812
      390.000000000000000        34.819709101989119
      400.000000000000000        34.823769019648722
      410.000000000000000        34.826618068817375
      420.000000000000000        34.830870870500398
      430.000000000000000        34.835572292333623
      440.000000000000000        34.837701112655388
      450.000000000000000        34.841732105263262
      460.000000000000000        34.844707476755858
      470.000000000000000        34.848138520602774
      480.000000000000000        34.851372313163225
      490.000000000000000        34.855576908000216
      500.000000000000000        34.858673669551699
      510.000000000000000        34.861892238742740
      520.000000000000000        34.865442138735276
      530.000000000000000        34.867173337635897
      540.000000000000000        34.870953693647159
      550.000000000000000        34.873665059626120
      560.000000000000000        34.876745636108645
      570.000000000000000        34.878375762862468
      580.000000000000000        34.881015347489097
      590.000000000000000        34.884477776770694
      600.000000000000000        34.887152221899655
      610.000000000000000        34.887834320810882
      620.000000000000000        34.891718539580260
      630.000000000000000        34.891251610864202
      640.000000000000000        34.894343557781141
      650.000000000000000        34.898471397188629
      660.000000000000000        34.899645976855787
      670.000000000000000        34.902460022854633
      680.000000000000000        34.903638980789928
      690.000000000000000        34.906551579261780
      700.000000000000000        34.909491393298509
      710.000000000000000        34.910986450500289
      720.000000000000000        34.912060052797962
      730.000000000000000        34.914066911363477
      740.000000000000000        34.914313821023683
      750.000000000000000        34.917227039667218
      760.000000000000000        34.918711386057645
      770.000000000000000        34.919531910607475
      780.000000000000000        34.919108445902602
      790.000000000000000        34.923958448137277
      800.000000000000000        34.925247501176635
      810.000000000000000        34.926311234369166
      820.000000000000000        34.925253187246390
      830.000000000000000        34.927402449642869
      840.000000000000000        34.927856945912374
      850.000000000000000        34.933239713816597
      860.000000000000000        34.933406388680062
      870.000000000000000        34.933209467298632
      880.000000000000000        34.932993842105077
      890.000000000000000        34.934261367218141
      900.000000000000000        34.935672315486173
      910.000000000000000        34.940606142449532
      920.000000000000000        34.935980600611643
      930.000000000000000        34.938726740038163
      940.000000000000000        34.938502631496462
      950.000000000000000        34.938697085149691
      960.000000000000000        34.938856189378541
      970.000000000000000        34.941774945618462
      980.000000000000000        34.940668145747956
      990.000000000000000        34.945051989077363
     1000.000000000000000        34.942628127750503
     1010.000000000000000        34.941307610068883
     1020.000000000000000        34.945621405101036
     1030.000000000000000        34.947642838081642
     1040.000000000000000        35.001666725800646
     1050.000000000000000        34.947920552428592
     1060.000000000000000        34.998163098134633
     1070.000000000000000        34.946360763183087
     1080.000000000000000        34.945130601983479
     1090.000000000000000        34.942664338886665
     1100.000000000000000        34.955923507007512
     1110.000000000000000        34.948590060763252
     1120.000000000000000        34.944257775527845
     1130.000000000000000        34.947122141617328
     1140.000000000000000        34.948786701868293
     1150.000000000000000        34.956302341534901
     1160.000000000000000        34.947255661807993
     1170.000000000000000        34.953196455616478
     1180.000000000000000        34.944483380862565
     1190.000000000000000        34.949521492699240
     1200.000000000000000        34.946917994753470
     1210.000000000000000        34.939540109027917
     1220.000000000000000        34.955616160526290
     1230.000000000000000        34.954580659210144
     1240.000000000000000        34.957980428886550
     1250.000000000000000        34.954673504003786
     1260.000000000000000        34.957601243656498
     1270.000000000000000        34.943283857975601
     1280.000000000000000        34.965899534590434
     1290.000000000000000        34.956216640281255
     1300.000000000000000        34.949083484439655
     1310.000000000000000        34.944598079786374
     1320.000000000000000        34.961615330313840
     1330.000000000000000        34.946310901749314
     1340.000000000000000        34.945369758594268
     1350.000000000000000        34.946654954594521
     1360.000000000000000        34.935847350383114
     1370.000000000000000        34.946472421651237
     1380.000000000000000        34.939298189133794
     1390.000000000000000        34.938527409646447
     1400.000000000000000        34.951734402274596
     1410.000000000000000        34.927655192087798
     1420.000000000000000        34.946296609345772
     1430.000000000000000        34.945167043342309
     1440.000000000000000        34.929608881343974
     1450.000000000000000        34.946087161707176
     1460.000000000000000        34.947368474261332
     1470.000000000000000        34.939046637155649
     1480.000000000000000        34.949559595171422
     1490.000000000000000        34.941393012563985
     1500.000000000000000        34.950585768848647
     1510.000000000000000        34.935243717040741
     1520.000000000000000        34.944127723247760
     1530.000000000000000        34.940955998586432
     1540.000000000000000        34.943379261110422
     1550.000000000000000        34.942706704517960
     1560.000000000000000        34.934459481827027
     1570.000000000000000        34.940157272126349
     1580.000000000000000        34.943961930520466
     1590.000000000000000        34.939755725020788
     1600.000000000000000        34.934222443027991
     1610.000000000000000        34.936572726871304
     1620.000000000000000        34.937003537105397
     1630.000000000000000        34.936622272336798
     1640.000000000000000        34.932463028559802
     1650.000000000000000        34.931572793927167
     1660.000000000000000        34.936574327961090
     1670.000000000000000        34.933736555800699
     1680.000000000000000        34.931404864344927
     1690.000000000000000        34.931313155403721
     1700.000000000000000        34.931283735686165
     1710.000000000000000        34.931742204364483
     1720.000000000000000        34.929126324060078
     1730.000000000000000        34.928501307708110
     1740.000000000000000        34.927100029334198
     1750.000000000000000        34.929743764874139
     1760.000000000000000        34.927071907593394
     1770.000000000000000        34.927096798319283
     1780.000000000000000        34.922734131100952
     1790.000000000000000        34.924757055084562
     1800.000000000000000        34.924065324300024
     1810.000000000000000        34.922835820328707
     1820.000000000000000        34.921722941254231
     1830.000000000000000        34.921571248496491
     1840.000000000000000        34.918107595744146
     1850.000000000000000        34.919344094776569
     1860.000000000000000        34.916971002614744
     1870.000000000000000        34.916530826438915
     1880.000000000000000        34.915969740147489
     1890.000000000000000        34.916725513508958
     1900.000000000000000        34.913761205457533
     1910.000000000000000        34.912759411952905
     1920.000000000000000        34.913305173004993
     1930.000000000000000        34.912239037180385
     1940.000000000000000        34.911990944279957
     1950.000000000000000        34.910939532335000
     1960.000000000000000        34.910226293242850
     1970.000000000000000        34.908562993620976
     1980.000000000000000        34.907714252080552
     1990.000000000000000        34.906646389959604
