   0.000000000000000    0.000000000000000
  10.000000000000000    4.107248217376726
  20.000000000000000   35.414377540117727
  30.000000000000000   77.160768344148664
  40.000000000000000  120.286704541598070
  50.000000000000000  162.087071943059897
  60.000000000000000  200.683123974003536
  70.000000000000000  235.248370320698797
  80.000000000000000  265.707314030228304
  90.000000000000000  292.352015571322795
 100.000000000000000  315.498261909828045
 110.000000000000000  335.637667214256282
 120.000000000000000  353.189955314305166
 130.000000000000000  368.333550840677674
 140.000000000000000  381.633120248713283
 150.000000000000000  393.322463310223839
 160.000000000000000  403.566880615062246
 170.000000000000000  412.622044484975845
 180.000000000000000  420.558108673673757
 190.000000000000000  427.667548165559708
 200.000000000000000  433.975554713683721
 210.000000000000000  439.778674320965081
 220.000000000000000  444.823763334358205
 230.000000000000000  449.209320411505075
 240.000000000000000  453.415875194382238
 250.000000000000000  457.194054427254571
 260.000000000000000  460.605428021109446
 270.000000000000000  463.805349541859187
 280.000000000000000  466.633997433074001
 290.000000000000000  469.286360879980691
 300.000000000000000  471.803012227712770
 310.000000000000000  474.042911705153870
 320.000000000000000  476.127729921800437
 330.000000000000000  477.917799102796323
 340.000000000000000  479.932546169249463
 350.000000000000000  481.935846503735945
 360.000000000000000  483.384423274074607
 370.000000000000000  484.694109010620366
 380.000000000000000  486.136357330373698
 390.000000000000000  487.441182753120245
 400.000000000000000  488.971739070198680
 410.000000000000000  490.192241609151040
 420.000000000000000  491.097764394911906
 430.000000000000000  492.550770453990651
 440.000000000000000  493.556173380391670
 450.000000000000000  494.747787040448770
 460.000000000000000  495.569868572833286
 470.000000000000000  496.332772110478686
 480.000000000000000  497.705036687530594
 490.000000000000000  498.404522389380190
 500.000000000000000  499.051251816551769
 510.000000000000000  500.310858393910337
 520.000000000000000  501.525866193767342
 530.000000000000000  501.767627183425986
 540.000000000000000  502.300594209886128
 550.000000000000000  503.420664633912281
 560.000000000000000  504.273697152944692
 570.000000000000000  504.907326885137195
 580.000000000000000  505.386496927320820
 590.000000000000000  507.136649755761368
 600.000000000000000  507.905517674745852
 610.000000000000000  507.954838488989310
 620.000000000000000  508.671358282704887
 630.000000000000000  509.118874221208557
 640.000000000000000  510.240576027443922
 650.000000000000000  510.771764975169958
 660.000000000000000  511.475059655549899
 670.000000000000000  512.456488700498539
 680.000000000000000  513.059243136902182
 690.000000000000000  514.026494908472159
 700.000000000000000  514.476795186407685
 710.000000000000000  514.981996086797949
 720.000000000000000  516.612338090787034
 730.000000000000000  516.884128096589620
 740.000000000000000  517.452015875644406
 750.000000000000000  518.606049738287766
 760.000000000000000  518.675582012115797
 770.000000000000000  519.626402856241384
 780.000000000000000  520.235495252579881
 790.000000000000000  521.251213140184177
 800.000000000000000  521.943045467620664
 810.000000000000000  522.270095830597711
 820.000000000000000  523.754184736906950
 830.000000000000000  524.617198884094137
 840.000000000000000  524.604821000055722
 850.000000000000000  525.814221246529883
 860.000000000000000  527.338301120241908
 870.000000000000000  527.517083833239894
 880.000000000000000  528.255619693578979
 890.000000000000000  530.256276408326812
 900.000000000000000  530.509565041548854
 910.000000000000000  530.806780545150673
 920.000000000000000  532.479438980722307
 930.000000000000000  533.295083073471460
 940.000000000000000  533.961990022915870
 950.000000000000000  534.857227219438414
 960.000000000000000  535.904994064687685
 970.000000000000000  537.006972879870546
 980.000000000000000  538.575829244830288
 990.000000000000000  539.303358476483595
1000.000000000000000  539.926014022489085
1010.000000000000000  541.289779236035770
1020.000000000000000  542.419173566480595
1030.000000000000000  543.391434603297512
1040.000000000000000  544.872185759669719
1050.000000000000000  546.138518481190317
1060.000000000000000  547.363893050318438
1070.000000000000000  548.711757432745230
1080.000000000000000  549.362415008545895
1090.000000000000000  550.631261068473577
1100.000000000000000  553.288219146160600
1110.000000000000000  554.466292087751413
1120.000000000000000  555.137583806832481
1130.000000000000000  557.070872937156992
1140.000000000000000  558.630336130707519
1150.000000000000000  560.046766702231707
1160.000000000000000  560.831139248031945
1170.000000000000000  562.228741227428372
1180.000000000000000  565.124596572755308
1190.000000000000000  566.088141904935810
1200.000000000000000  569.553616102741330
1210.000000000000000  572.581241388455283
1220.000000000000000  571.484191109956328
1230.000000000000000  573.653772294691521
1240.000000000000000  575.113411740293145
1250.000000000000000  581.082647141417397
1260.000000000000000  585.438607766232963
1270.000000000000000  577.228844575259131
1280.000000000000000  585.085485971854723
1290.000000000000000  587.932332076658099
1300.000000000000000  584.770370783760541
1310.000000000000000  591.944403808957418
1320.000000000000000  594.898798582983886
1330.000000000000000  598.665235512660388
1340.000000000000000  605.414977705478691
1350.000000000000000  610.268120541642020
1360.000000000000000  603.302990838088363
1370.000000000000000  609.067981457714836
1380.000000000000000  627.515592519995721
1390.000000000000000  623.633621896182717
1400.000000000000000  612.372689942468241
1410.000000000000000  629.308457014787791
1420.000000000000000  639.281605899747206
1430.000000000000000  631.821821033887318
1440.000000000000000  634.561975409914226
1450.000000000000000  646.820991827591797
1460.000000000000000  657.394392480945157
1470.000000000000000  652.062990153715418
1480.000000000000000  665.974101864360819
1490.000000000000000  679.818558661312977
1500.000000000000000  674.970026680033925
1510.000000000000000  672.556476895811898
1520.000000000000000  664.349924006692390
1530.000000000000000  702.080691504733977
1540.000000000000000  708.627529119353994
1550.000000000000000  685.557259288500632
1560.000000000000000  743.497859199778304
1570.000000000000000  759.930880929434352
1580.000000000000000  749.009032498300485
1590.000000000000000  777.411217073293528
1600.000000000000000  727.841953459951355
1610.000000000000000  782.201019639617698
1620.000000000000000  759.374298630654721
1630.000000000000000  753.925749772799691
1640.000000000000000  853.273247255780461
1650.000000000000000  838.452958359024933
1660.000000000000000  861.060786879417265
1670.000000000000000  975.951855016645140
1680.000000000000000  965.977856429189387
1690.000000000000000  914.886569114387271
1700.000000000000000  759.299560447928911
1710.000000000000000  780.378171627881215
1720.000000000000000 1167.472892715348280
1730.000000000000000 1075.209993892630791
1740.000000000000000 1060.598711445647950
1750.000000000000000 1162.910708925735889
1760.000000000000000  861.121090844665218
1770.000000000000000  677.612553574392564
1780.000000000000000  926.605730541890580
1790.000000000000000 1295.536067376248639
1800.000000000000000  997.403464167871789
1810.000000000000000  856.538197239460942
1820.000000000000000 1648.452946266955450
1830.000000000000000 1741.401086748423950
1840.000000000000000 2030.034304330169107
1850.000000000000000 1866.375966796327020
1860.000000000000000 -141.873518712226200
1870.000000000000000 1035.211228042184985
1880.000000000000000 3263.168749980019129
1890.000000000000000 1623.779423914093059
1900.000000000000000 1093.949844983123967
1910.000000000000000  319.458046726290149
1920.000000000000000  565.156322318030789
1930.000000000000000 3705.708062041474477
1940.000000000000000 1421.737494277440419
1950.000000000000000  474.270720838116688
1960.000000000000000  519.140754236167936
1970.000000000000000 -4082.512468464786252
1980.000000000000000 -296.365918783206894
1990.000000000000000 5807.178755156746774
