   0.000000000000000    0.000000000000000
  10.000000000000000    0.000001009488491
  20.000000000000000    0.000072825973918
  30.000000000000000    0.000223383752110
  40.000000000000000    0.000397633321181
  50.000000000000000    0.000574221975610
  60.000000000000000    0.000743988900142
  70.000000000000000    0.000902979591093
  80.000000000000000    0.001049258317122
  90.000000000000000    0.001182324627761
 100.000000000000000    0.001302187672582
 110.000000000000000    0.001409117450179
 120.000000000000000    0.001504529514245
 130.000000000000000    0.001589132242086
 140.000000000000000    0.001663881851177
 150.000000000000000    0.001730503200544
 160.000000000000000    0.001789536952038
 170.000000000000000    0.001842338533392
 180.000000000000000    0.001889366603437
 190.000000000000000    0.001931545528359
 200.000000000000000    0.001969474004311
 210.000000000000000    0.002003671814814
 220.000000000000000    0.002034940736397
 230.000000000000000    0.002063008496467
 240.000000000000000    0.002088670839204
 250.000000000000000    0.002112214699563
 260.000000000000000    0.002133837889891
 270.000000000000000    0.002153783430783
 280.000000000000000    0.002172341068097
 290.000000000000000    0.002189436175578
 300.000000000000000    0.002205532593665
 310.000000000000000    0.002220518151636
 320.000000000000000    0.002234633990455
 330.000000000000000    0.002247857903972
 340.000000000000000    0.002260243135500
 350.000000000000000    0.002272266484942
 360.000000000000000    0.002283679954760
 370.000000000000000    0.002294418374213
 380.000000000000000    0.002304629284671
 390.000000000000000    0.002314468447997
 400.000000000000000    0.002323815143764
 410.000000000000000    0.002333119880887
 420.000000000000000    0.002341787596138
 430.000000000000000    0.002350275905239
 440.000000000000000    0.002358657536296
 450.000000000000000    0.002366594677258
 460.000000000000000    0.002374645956778
 470.000000000000000    0.002382047004795
 480.000000000000000    0.002389593900260
 490.000000000000000    0.002396971427289
 500.000000000000000    0.002404078627836
 510.000000000000000    0.002411034322504
 520.000000000000000    0.002418167349695
 530.000000000000000    0.002425146680491
 540.000000000000000    0.002431719487744
 550.000000000000000    0.002438364759930
 560.000000000000000    0.002444991391170
 570.000000000000000    0.002451551142248
 580.000000000000000    0.002457986291649
 590.000000000000000    0.002464290063220
 600.000000000000000    0.002471216531816
 610.000000000000000    0.002477458725751
 620.000000000000000    0.002483952205818
 630.000000000000000    0.002490143726343
 640.000000000000000    0.002496460364166
 650.000000000000000    0.002502845030671
 660.000000000000000    0.002509053883975
 670.000000000000000    0.002515434225359
 680.000000000000000    0.002521787605241
 690.000000000000000    0.002528130146336
 700.000000000000000    0.002534635746254
 710.000000000000000    0.002540881565724
 720.000000000000000    0.002547330041667
 730.000000000000000    0.002554061392426
 740.000000000000000    0.002560350520499
 750.000000000000000    0.002567076201437
 760.000000000000000    0.002573630330817
 770.000000000000000    0.002580131095183
 780.000000000000000    0.002586867993656
 790.000000000000000    0.002593398510955
 800.000000000000000    0.002600353716445
 810.000000000000000    0.002606956645317
 820.000000000000000    0.002613835460105
 830.000000000000000    0.002620861458515
 840.000000000000000    0.002627897030541
 850.000000000000000    0.002634712183261
 860.000000000000000    0.002642058849056
 870.000000000000000    0.002649309261983
 880.000000000000000    0.002656539044668
 890.000000000000000    0.002663906346008
 900.000000000000000    0.002671766732098
 910.000000000000000    0.002679052160484
 920.000000000000000    0.002686862274038
 930.000000000000000    0.002694637784036
 940.000000000000000    0.002702602599857
 950.000000000000000    0.002710473655735
 960.000000000000000    0.002718627495550
 970.000000000000000    0.002726743801964
 980.000000000000000    0.002735167214603
 990.000000000000000    0.002743728173364
1000.000000000000000    0.002752277141526
1010.000000000000000    0.002760926946074
1020.000000000000000    0.002769843354843
1030.000000000000000    0.002778770836710
1040.000000000000000    0.002787909472897
1050.000000000000000    0.002797245367892
1060.000000000000000    0.002806713174984
1070.000000000000000    0.002816363941657
1080.000000000000000    0.002826190687406
1090.000000000000000    0.002835947825061
1100.000000000000000    0.002846107749384
1110.000000000000000    0.002856690891775
1120.000000000000000    0.002867145993379
1130.000000000000000    0.002877850922113
1140.000000000000000    0.002888871583880
1150.000000000000000    0.002900008671689
1160.000000000000000    0.002911413636522
1170.000000000000000    0.002922711575638
1180.000000000000000    0.002934497122436
1190.000000000000000    0.002946689883197
1200.000000000000000    0.002958699790070
1210.000000000000000    0.002971991452646
1220.000000000000000    0.002984928432964
1230.000000000000000    0.002997750530334
1240.000000000000000    0.003011336439193
1250.000000000000000    0.003024552075099
1260.000000000000000    0.003040089189573
1270.000000000000000    0.003054666513319
1280.000000000000000    0.003067343785652
1290.000000000000000    0.003084523540496
1300.000000000000000    0.003098010519512
1310.000000000000000    0.003114097669559
1320.000000000000000    0.003129878683198
1330.000000000000000    0.003146888245034
1340.000000000000000    0.003163840750918
1350.000000000000000    0.003183048759335
1360.000000000000000    0.003201527866211
1370.000000000000000    0.003218357235913
1380.000000000000000    0.003238725573982
1390.000000000000000    0.003261604735670
1400.000000000000000    0.003280590580083
1410.000000000000000    0.003299734929351
1420.000000000000000    0.003324310585014
1430.000000000000000    0.003346636819313
1440.000000000000000    0.003368741917603
1450.000000000000000    0.003391942442398
1460.000000000000000    0.003418074064456
1470.000000000000000    0.003444718096540
1480.000000000000000    0.003469049265149
1490.000000000000000    0.003500368483672
1500.000000000000000    0.003529161984543
1510.000000000000000    0.003558940797560
1520.000000000000000    0.003586902785881
1530.000000000000000    0.003613963642221
1540.000000000000000    0.003654550749326
1550.000000000000000    0.003683484640395
1560.000000000000000    0.003716669955937
1570.000000000000000    0.003764952968214
1580.000000000000000    0.003803320624584
1590.000000000000000    0.003848355302202
1600.000000000000000    0.003896207439903
1610.000000000000000    0.003924548944215
1620.000000000000000    0.003991378836621
1630.000000000000000    0.004010915732332
1640.000000000000000    0.004077261580272
1650.000000000000000    0.004129075010038
1660.000000000000000    0.004191129013907
1670.000000000000000    0.004250433788253
1680.000000000000000    0.004352345952259
1690.000000000000000    0.004406707870598
1700.000000000000000    0.004493402625225
1710.000000000000000    0.004493653479653
1720.000000000000000    0.004589545535405
1730.000000000000000    0.004720053740259
1740.000000000000000    0.004782774528376
1750.000000000000000    0.004911850093756
1760.000000000000000    0.005007050288840
1770.000000000000000    0.005033787925538
1780.000000000000000    0.005067627238688
1790.000000000000000    0.005179325866810
1800.000000000000000    0.005337531294300
1810.000000000000000    0.005344727708893
1820.000000000000000    0.005459215402230
1830.000000000000000    0.005737488847731
1840.000000000000000    0.005871796940232
1850.000000000000000    0.006266040042188
1860.000000000000000    0.006319804413985
1870.000000000000000    0.006056326142115
1880.000000000000000    0.006510338025728
1890.000000000000000    0.006979207103131
1900.000000000000000    0.006869560087034
1910.000000000000000    0.007183240826402
1920.000000000000000    0.006812971687013
1930.000000000000000    0.007206133630999
1940.000000000000000    0.007883725783145
1950.000000000000000    0.007486724259907
1960.000000000000000    0.007875039656166
1970.000000000000000    0.007492757380854
1980.000000000000000    0.006472071620233
1990.000000000000000    0.007203766937681
