# Volume points
 447.79744    2.05801   1.95772   1.57534   0.97558   0.21655  -0.66612  -1.64929  -2.71694  -3.85738  -5.06174  -6.32305  -7.63569  -8.99505 -10.39729 -11.83914 -13.31778 -14.83078 -16.37601 -17.95158 -19.55580
 448.48742    2.02406   1.92390   1.54135   0.94125   0.18180  -0.70131  -1.68493  -2.75305  -3.89397  -5.09880  -6.36058  -7.67371  -9.03356 -10.43628 -11.87862 -13.35775 -14.87124 -16.41695 -17.99301 -19.59773
 449.17811    1.99078   1.89061   1.50772   0.90710   0.14707  -0.73666  -1.72091  -2.78967  -3.93124  -5.13672  -6.39916  -7.71294  -9.07345 -10.47684 -11.91983 -13.39962 -14.91377 -16.46015 -18.03687 -19.64225
 449.86951    1.95831   1.85815   1.47494   0.87383   0.11325  -0.77107  -1.75593  -2.82530  -3.96748  -5.17359  -6.43666  -7.75107  -9.11220 -10.51622 -11.95985 -13.44027 -14.95506 -16.50207 -18.07943 -19.68544
 450.56161    1.92642   1.82623   1.44262   0.84096   0.07975  -0.80522  -1.79075  -2.86080  -4.00368  -5.21048  -6.47424  -7.78934  -9.15118 -10.55590 -12.00023 -13.48135 -14.99684 -16.54456 -18.12262 -19.72934
 451.25443    1.89523   1.79505   1.41111   0.80893   0.04714  -0.83844  -1.82459  -2.89528  -4.03880  -5.24624  -6.51065  -7.82641  -9.18890 -10.59427 -12.03925 -13.52103 -15.03718 -16.58555 -18.16427 -19.77164
 451.94796    1.86475   1.76455   1.38025   0.77754   0.01515  -0.87105  -1.85786  -2.92920  -4.07338  -5.28149  -6.54657  -7.86299  -9.22616 -10.63220 -12.07786 -13.56031 -15.07714 -16.62618 -18.20558 -19.81363
 452.64219    1.83496   1.73474   1.35006   0.74680  -0.01620  -0.90305  -1.89052  -2.96254  -4.10739  -5.31619  -6.58195  -7.89906  -9.26291 -10.66965 -12.11600 -13.59914 -15.11666 -16.66640 -18.24649 -19.85524
 453.33714    1.80578   1.70558   1.32057   0.71682  -0.04675  -0.93420  -1.92228  -2.99491  -4.14040  -5.34982  -6.61622  -7.93397  -9.29846 -10.70584 -12.15282 -13.63661 -15.15477 -16.70515 -18.28588 -19.89527
 454.03280    1.77727   1.67699   1.29151   0.68712  -0.07715  -0.96532  -1.95415  -3.02754  -4.17379  -5.38398  -6.65115  -7.96967  -9.33494 -10.74309 -12.19085 -13.67542 -15.19435 -16.74551 -18.32702 -19.93719
 454.72917    1.74958   1.64925   1.26337   0.65841  -0.10650  -0.99535  -1.98486  -3.05895  -4.20590  -5.41680  -6.68468  -8.00392  -9.36990 -10.77876 -12.22724 -13.71253 -15.23218 -16.78406 -18.36629 -19.97718
 455.42625    1.72238   1.62200   1.23570   0.63015  -0.13542  -1.02496  -2.01517  -3.08998  -4.23765  -5.44927  -6.71788  -8.03784  -9.40455 -10.81415 -12.26336 -13.74938 -15.26977 -16.82239 -18.40535 -20.01697
 456.12404    1.69599   1.59556   1.20884   0.60270  -0.16352  -1.05374  -2.04466  -3.12018  -4.26856  -5.48091  -6.75024  -8.07093  -9.43836 -10.84869 -12.29863 -13.78538 -15.30650 -16.85985 -18.44354 -20.05590
 456.82255    1.67020   1.56971   1.18257   0.57584  -0.19105  -1.08196  -2.07358  -3.14982  -4.29892  -5.51200  -6.78206  -8.10348  -9.47165 -10.88271 -12.33338 -13.82087 -15.34272 -16.89681 -18.48124 -20.09434
 457.52176    1.64500   1.54445   1.15688   0.54954  -0.21802  -1.10964  -2.10198  -3.17894  -4.32879  -5.54260  -6.81340  -8.13557  -9.50448 -10.91629 -12.36772 -13.85595 -15.37855 -16.93339 -18.51857 -20.13242
 458.22169    1.62060   1.51999   1.13197   0.52400  -0.24424  -1.13657  -2.12964  -3.20734  -4.35793  -5.57250  -6.84405  -8.16697  -9.53664 -10.94921 -12.40139 -13.89038 -15.41375 -16.96934 -18.55528 -20.16989
 458.92234    1.59670   1.49601   1.10753   0.49894  -0.26999  -1.16305  -2.15686  -3.23531  -4.38666  -5.60198  -6.87430  -8.19798  -9.56842 -10.98175 -12.43471 -13.92447 -15.44860 -17.00497 -18.59168 -20.20706
 459.62370    1.57360   1.47284   1.08390   0.47467  -0.29496  -1.18874  -2.18330  -3.26251  -4.41461  -5.63070  -6.90378  -8.22823  -9.59944 -11.01354 -12.46727 -13.95780 -15.48271 -17.03985 -18.62734 -20.24349
 460.32577    1.55111   1.45026   1.06085   0.45099  -0.31935  -1.21386  -2.20917  -3.28913  -4.44200  -5.65886  -6.93271  -8.25793  -9.62992 -11.04480 -12.49930 -13.99061 -15.51629 -17.07421 -18.66248 -20.27941
 461.02856    1.52922   1.42829   1.03841   0.42792  -0.34312  -1.23837  -2.23443  -3.31515  -4.46878  -5.68640  -6.96102  -8.28702  -9.65978 -11.07543 -12.53071 -14.02279 -15.54925 -17.10795 -18.69699 -20.31471
 461.73206    1.50802   1.40699   1.01663   0.40547  -0.36630  -1.26230  -2.25913  -3.34063  -4.49504  -5.71345  -6.98887  -8.31566  -9.68922 -11.10567 -12.56174 -14.05463 -15.58189 -17.14139 -18.73123 -20.34974
 462.43628    1.48743   1.38631   0.99547   0.38366  -0.38882  -1.28556  -2.28315  -3.36542  -4.52061  -5.73980  -7.01599  -8.34357  -9.71790 -11.13514 -12.59200 -14.08568 -15.61373 -17.17401 -18.76464 -20.38395
 463.14121    1.46744   1.36622   0.97488   0.36241  -0.41080  -1.30831  -2.30667  -3.38972  -4.54570  -5.76569  -7.04268  -8.37105  -9.74619 -11.16423 -12.62190 -14.11637 -15.64523 -17.20632 -18.79775 -20.41786
 463.84686    1.44815   1.34680   0.95495   0.34180  -0.43216  -1.33045  -2.32961  -3.41346  -4.57025  -5.79105  -7.06886  -8.39805  -9.77401 -11.19287 -12.65136 -14.14666 -15.67634 -17.23825 -18.83051 -20.45145
 465.26031    1.41137   1.30982   0.91696   0.30245  -0.47298  -1.37280  -2.37353  -3.45896  -4.61735  -5.83975  -7.11917  -8.44998  -9.82755 -11.24803 -12.70813 -14.20505 -15.73635 -17.29989 -18.89378 -20.51633
 465.96811    1.39398   1.29228   0.89888   0.28366  -0.49256  -1.39319  -2.39473  -3.48101  -4.64023  -5.86347  -7.14374  -8.47539  -9.85381 -11.27514 -12.73610 -14.23387 -15.76602 -17.33041 -18.92515 -20.54857
 466.67662    1.37719   1.27536   0.88142   0.26548  -0.51150  -1.41294  -2.41530  -3.50240  -4.66245  -5.88653  -7.16764  -8.50013  -9.87940 -11.30157 -12.76337 -14.26199 -15.79499 -17.36022 -18.95581 -20.58007
 467.38586    1.36100   1.25904   0.86456   0.24793  -0.52983  -1.43206  -2.43524  -3.52316  -4.68405  -5.90896  -7.19090  -8.52423  -9.90433 -11.32734 -12.78998 -14.28944 -15.82328 -17.38936 -18.98579 -20.61089
 468.09581    1.34541   1.24330   0.84826   0.23090  -0.54765  -1.45071  -2.45472  -3.54349  -4.70523  -5.93100  -7.21379  -8.54798  -9.92895 -11.35282 -12.81633 -14.31665 -15.85136 -17.41830 -19.01560 -20.64157
 468.80648    1.33052   1.22827   0.83267   0.21458  -0.56476  -1.46864  -2.47349  -3.56310  -4.72569  -5.95231  -7.23596  -8.57101  -9.95283 -11.37757 -12.84193 -14.34312 -15.87869 -17.44650 -19.04465 -20.67149
 469.51787    1.31613   1.21374   0.81758   0.19876  -0.58138  -1.48607  -2.49176  -3.58222  -4.74566  -5.97313  -7.25764  -8.59355  -9.97624 -11.40183 -12.86706 -14.36912 -15.90555 -17.47422 -19.07324 -20.70094
 470.22998    1.30244   1.19989   0.80315   0.18357  -0.59738  -1.50291  -2.50946  -3.60078  -4.76509  -5.99344  -7.27883  -8.61562  -9.99919 -11.42567 -12.89178 -14.39472 -15.93203 -17.50159 -19.10150 -20.73008
 470.94281    1.28926   1.18655   0.78924   0.16893  -0.61283  -1.51919  -2.52658  -3.61876  -4.78393  -6.01315  -7.29940  -8.63706 -10.02150 -11.44885 -12.91583 -14.41964 -15.95783 -17.52826 -19.12905 -20.75851
 471.65636    1.27678   1.17392   0.77603   0.15497  -0.62759  -1.53479  -2.54303  -3.63607  -4.80210  -6.03218  -7.31931  -8.65784 -10.04315 -11.47137 -12.93924 -14.44392 -15.98299 -17.55430 -19.15596 -20.78629
 472.37063    1.26479   1.16177   0.76329   0.14147  -0.64191  -1.54997  -2.55907  -3.65298  -4.81990  -6.05086  -7.33887  -8.67829 -10.06449 -11.49361 -12.96236 -14.46794 -16.00790 -17.58010 -19.18266 -20.81389
 473.08562    1.25351   1.15032   0.75124   0.12866  -0.65555  -1.56446  -2.57443  -3.66922  -4.83702  -6.06887  -7.35777  -8.69808 -10.08517 -11.51518 -12.98483 -14.49131 -16.03216 -17.60526 -19.20871 -20.84084
 473.80134    1.24283   1.13948   0.73982   0.11649  -0.66853  -1.57828  -2.58911  -3.68477  -4.85343  -6.08616  -7.37594  -8.71713 -10.10510 -11.53599 -13.00652 -14.51388 -16.05561 -17.62960 -19.23393 -20.86694
 474.51777    1.23265   1.12914   0.72889   0.10479  -0.68106  -1.59165  -2.60335  -3.69988  -4.86942  -6.10304  -7.39370  -8.73577 -10.12464 -11.55642 -13.02784 -14.53609 -16.07872 -17.65359 -19.25882 -20.89273
 475.23493    1.22307   1.11939   0.71854   0.09368  -0.69299  -1.60445  -2.61701  -3.71442  -4.88485  -6.11935  -7.41090  -8.75387 -10.14362 -11.57630 -13.04861 -14.55776 -16.10128 -17.67706 -19.28318 -20.91799
 475.95280    1.21418   1.11032   0.70884   0.08318  -0.70435  -1.61669  -2.63015  -3.72847  -4.89981  -6.13523  -7.42770  -8.77159 -10.16227 -11.59587 -13.06911 -14.57918 -16.12363 -17.70033 -19.30739 -20.94312
 476.67140    1.20580   1.10175   0.69966   0.07322  -0.71516  -1.62837  -2.64272  -3.74193  -4.91418  -6.15050  -7.44388  -8.78868 -10.18027 -11.61479 -13.08894 -14.59993 -16.14530 -17.72291 -19.33088 -20.96753
 477.39073    1.19802   1.09380   0.69110   0.06387  -0.72535  -1.63943  -2.65467  -3.75477  -4.92792  -6.16514  -7.45943  -8.80513 -10.19763 -11.63306 -13.10812 -14.62002 -16.16630 -17.74482 -19.35370 -20.99126
 478.11077    1.19072   1.08629   0.68293   0.05488  -0.73523  -1.65023  -2.66640  -3.76745  -4.94154  -6.17971  -7.47495  -8.82161 -10.21506 -11.65144 -13.12746 -14.64032 -16.18756 -17.76704 -19.37688 -21.01540
 478.83154    1.18413   1.07952   0.67553   0.04667  -0.74430  -1.66019  -2.67726  -3.77922  -4.95423  -6.19332  -7.48948  -8.83707 -10.23145 -11.66876 -13.14571 -14.65949 -16.20766 -17.78808 -19.39885 -21.03830
 479.55304    1.17804   1.07323   0.66859   0.03891  -0.75294  -1.66974  -2.68773  -3.79062  -4.96657  -6.20660  -7.50371  -8.85224 -10.24757 -11.68582 -13.16372 -14.67845 -16.22757 -17.80894 -19.42066 -21.06106
 480.27525    1.17243   1.06741   0.66209   0.03157  -0.76119  -1.67892  -2.69786  -3.80171  -4.97862  -6.21962  -7.51769  -8.86720 -10.26350 -11.70272 -13.18160 -14.69730 -16.24740 -17.82974 -19.44244 -21.08382
 480.99820    1.16754   1.06231   0.65633   0.02498  -0.76867  -1.68733  -2.70721  -3.81200  -4.98985  -6.23181  -7.53084  -8.88129 -10.27855 -11.71874 -13.19857 -14.71524 -16.26629 -17.84960 -19.46326 -21.10560
 481.72186    1.16313   1.05767   0.65100   0.01878  -0.77580  -1.69540  -2.71625  -3.82202  -5.00086  -6.24379  -7.54381  -8.89526 -10.29351 -11.73469 -13.21551 -14.73317 -16.28522 -17.86952 -19.48418 -21.12751
 482.44626    1.15931   1.05362   0.64623   0.01313  -0.78240  -1.70298  -2.72481  -3.83157  -5.01141  -6.25536  -7.55638  -8.90884 -10.30810 -11.75029 -13.23213 -14.75080 -16.30387 -17.88918 -19.50485 -21.14920
 483.17138    1.15600   1.05008   0.64200   0.00803  -0.78843  -1.70997  -2.73277  -3.84052  -5.02134  -6.26627  -7.56829  -8.92174 -10.32199 -11.76518 -13.24801 -14.76768 -16.32174 -17.90806 -19.52472 -21.17007
 483.89722    1.15326   1.04710   0.63826   0.00337  -0.79406  -1.71660  -2.74043  -3.84920  -5.03106  -6.27703  -7.58009  -8.93458 -10.33588 -11.78011 -13.26399 -14.78471 -16.33981 -17.92717 -19.54489 -21.19129
 484.62380    1.15103   1.04462   0.63504  -0.00076  -0.79917  -1.72271  -2.74755  -3.85735  -5.04024  -6.28724  -7.59133  -8.94686 -10.34919 -11.79446 -13.27938 -14.80114 -16.35729 -17.94569 -19.56445 -21.21189
 485.35110    1.14940   1.04274   0.63242  -0.00430  -0.80369  -1.72824  -2.75410  -3.86492  -5.04884  -6.29688  -7.60201  -8.95858 -10.36195 -11.80826 -13.29423 -14.81703 -16.37422 -17.96367 -19.58347 -21.23196
 486.07912    1.14836   1.04141   0.63031  -0.00736  -0.80776  -1.73336  -2.76028  -3.87217  -5.05716  -6.30627  -7.61248  -8.97013 -10.37459 -11.82198 -13.30903 -14.83292 -16.39119 -17.98172 -19.60261 -21.25218
 486.80788    1.14781   1.04060   0.62872  -0.00991  -0.81132  -1.73796  -2.76593  -3.87888  -5.06494  -6.31512  -7.62240  -8.98113 -10.38666 -11.83514 -13.32326 -14.84823 -16.40758 -17.99919 -19.62116 -21.27181
 487.53736    1.14776   1.04028   0.62761  -0.01197  -0.81440  -1.74208  -2.77112  -3.88513  -5.07227  -6.32353  -7.63189  -8.99169 -10.39831 -11.84786 -13.33707 -14.86312 -16.42357 -18.01626 -19.63932 -21.29105
 488.26757    1.14830   1.04051   0.62701  -0.01357  -0.81707  -1.74584  -2.77597  -3.89110  -5.07935  -6.33174  -7.64122  -9.00215 -10.40990 -11.86058 -13.35092 -14.87810 -16.43967 -18.03349 -19.65768 -21.31055
 488.99851    1.14934   1.04127   0.62697  -0.01459  -0.81912  -1.74896  -2.78018  -3.89639  -5.08574  -6.33922  -7.64980  -9.01183 -10.42068 -11.87246 -13.36391 -14.89219 -16.45487 -18.04980 -19.67509 -21.32907
 489.73018    1.15088   1.04250   0.62738  -0.01519  -0.82079  -1.75171  -2.78403  -3.90136  -5.09183  -6.34643  -7.65813  -9.02129 -10.43127 -11.88418 -13.37675 -14.90617 -16.46998 -18.06604 -19.69246 -21.34757
 490.46257    1.15301   1.04434   0.62839  -0.01518  -0.82185  -1.75386  -2.78729  -3.90573  -5.09731  -6.35304  -7.66587  -9.03015 -10.44125 -11.89530 -13.38900 -14.91954 -16.48448 -18.08167 -19.70923 -21.36547
 491.19570    1.15566   1.04669   0.62990  -0.01467  -0.82239  -1.75549  -2.79002  -3.90957  -5.10227  -6.35911  -7.67306  -9.03847 -10.45069 -11.90586 -13.40069 -14.93236 -16.49842 -18.09674 -19.72542 -21.38279
 491.92956    1.15889   1.04960   0.63197  -0.01363  -0.82244  -1.75666  -2.79231  -3.91300  -5.10684  -6.36483  -7.67992  -9.04648 -10.45986 -11.91618 -13.41216 -14.94498 -16.51220 -18.11167 -19.74151 -21.40003
 492.66415    1.16251   1.05291   0.63441  -0.01222  -0.82212  -1.75746  -2.79425  -3.91609  -5.11108  -6.37021  -7.68647  -9.05418 -10.46872 -11.92620 -13.42334 -14.95732 -16.52570 -18.12634 -19.75734 -21.41702
 493.39947    1.16675   1.05683   0.63748  -0.01018  -0.82118  -1.75764  -2.79556  -3.91853  -5.11466  -6.37495  -7.69235  -9.06122 -10.47690 -11.93554 -13.43383 -14.96897 -16.53851 -18.14030 -19.77246 -21.43330
 494.13552    1.17148   1.06124   0.64102  -0.00769  -0.81978  -1.75737  -2.79643  -3.92056  -5.11784  -6.37929  -7.69785  -9.06788 -10.48473 -11.94453 -13.44399 -14.98030 -16.55100 -18.15396 -19.78728 -21.44929
 494.87230    1.17670   1.06614   0.64504  -0.00472  -0.81793  -1.75666  -2.79688  -3.92217  -5.12062  -6.38323  -7.70297  -9.07418 -10.49220 -11.95318 -13.45382 -14.99130 -16.56319 -18.16733 -19.80183 -21.46502
 495.60982    1.18254   1.07165   0.64968  -0.00113  -0.81544  -1.75530  -2.79666  -3.92310  -5.12271  -6.38649  -7.70739  -9.07976 -10.49895 -11.96110 -13.46290 -15.00156 -16.57461 -18.17992 -19.81560 -21.47995
 496.34806    1.18877   1.07754   0.65466   0.00278  -0.81267  -1.75369  -2.79623  -3.92385  -5.12464  -6.38961  -7.71171  -9.08527 -10.50566 -11.96900 -13.47201 -15.01186 -16.58611 -18.19262 -19.82950 -21.49506
 497.08704    1.19560   1.08402   0.66024   0.00728  -0.80931  -1.75149  -2.79520  -3.92401  -5.12600  -6.39216  -7.71545  -9.09021 -10.51180 -11.97634 -13.48055 -15.02160 -16.59706 -18.20477 -19.84285 -21.50961
 497.82676    1.20283   1.09093   0.66626   0.01224  -0.80546  -1.74879  -2.79366  -3.92363  -5.12679  -6.39412  -7.71859  -9.09452 -10.51729 -11.98301 -13.48840 -15.03064 -16.60727 -18.21616 -19.85542 -21.52337
 498.56720    1.21066   1.09839   0.67278   0.01766  -0.80121  -1.74572  -2.79180  -3.92299  -5.12736  -6.39592  -7.72161  -9.09877 -10.52277 -11.98972 -13.49633 -15.03980 -16.61766 -18.22779 -19.86828 -21.53745
 499.30838    1.21896   1.10627   0.67966   0.02336  -0.79675  -1.74252  -2.78987  -3.92233  -5.12798  -6.39782  -7.72479  -9.10324 -10.52852 -11.99676 -13.50466 -15.04941 -16.62856 -18.23997 -19.88175 -21.55221
 500.05030    1.22773   1.11475   0.68730   0.02999  -0.79118  -1.73806  -2.78652  -3.92010  -5.12688  -6.39785  -7.72596  -9.10555 -10.53197 -12.00135 -13.51039 -15.05628 -16.63658 -18.24914 -19.89206 -21.56367
 500.79294    1.23706   1.12370   0.69531   0.03688  -0.78547  -1.73355  -2.78322  -3.91803  -5.12604  -6.39825  -7.72759  -9.10841 -10.53607 -12.00669 -13.51697 -15.06411 -16.64564 -18.25944 -19.90361 -21.57646
 501.53633    1.24689   1.13317   0.70383   0.04428  -0.77925  -1.72852  -2.77941  -3.91544  -5.12468  -6.39811  -7.72869  -9.11074 -10.53964 -12.01149 -13.52301 -15.07138 -16.65415 -18.26919 -19.91459 -21.58868
 502.28045    1.25712   1.14301   0.71269   0.05201  -0.77272  -1.72322  -2.77535  -3.91263  -5.12312  -6.39781  -7.72964  -9.11296 -10.54311 -12.01622 -13.52901 -15.07864 -16.66268 -18.27898 -19.92565 -21.60100
 503.02530    1.26795   1.15344   0.72216   0.06032  -0.76561  -1.71734  -2.77071  -3.90924  -5.12098  -6.39693  -7.73002  -9.11460 -10.54602 -12.02040 -13.53444 -15.08534 -16.67065 -18.28821 -19.93615 -21.61277
 503.77089    1.27918   1.16428   0.73201   0.06902  -0.75812  -1.71108  -2.76571  -3.90549  -5.11849  -6.39570  -7.73007  -9.11591 -10.54860 -12.02424 -13.53956 -15.09174 -16.67831 -18.29715 -19.94636 -21.62426
 504.51722    1.29090   1.17559   0.74231   0.07815  -0.75023  -1.70446  -2.76035  -3.90142  -5.11571  -6.39421  -7.72987  -9.11701 -10.55099 -12.02793 -13.54455 -15.09802 -16.68589 -18.30603 -19.95654 -21.63573
 506.01209    1.31586   1.19974   0.76446   0.09795  -0.73289  -1.68963  -2.74805  -3.89167  -5.10852  -6.38959  -7.72781  -9.11752 -10.55408 -12.03360 -13.55279 -15.10884 -16.69930 -18.32202 -19.97511 -21.65689
 506.76062    1.32898   1.21244   0.77613   0.10842  -0.72367  -1.68169  -2.74141  -3.88633  -5.10448  -6.38686  -7.72639  -9.11742 -10.55529 -12.03613 -13.55664 -15.11400 -16.70578 -18.32981 -19.98422 -21.66732
 507.50990    1.34261   1.22563   0.78827   0.11935  -0.71401  -1.67332  -2.73435  -3.88058  -5.10005  -6.38375  -7.72461  -9.11696 -10.55616 -12.03832 -13.56016 -15.11886 -16.71196 -18.33733 -19.99307 -21.67749
 508.25991    1.35674   1.23935   0.80098   0.13087  -0.70373  -1.66431  -2.72662  -3.87414  -5.09491  -6.37990  -7.72205  -9.11571 -10.55620 -12.03967 -13.56281 -15.12281 -16.71721 -18.34388 -20.00093 -21.68666
 509.01067    1.37136   1.25351   0.81408   0.14273  -0.69317  -1.65507  -2.71871  -3.86756  -5.08968  -6.37602  -7.71952  -9.11452 -10.55637 -12.04119 -13.56569 -15.12704 -16.72280 -18.35083 -20.00923 -21.69631
 509.76216    1.38638   1.26810   0.82762   0.15505  -0.68212  -1.64532  -2.71027  -3.86045  -5.08388  -6.37155  -7.71638  -9.11272 -10.55590 -12.04205 -13.56788 -15.13057 -16.72766 -18.35703 -20.01676 -21.70518
 510.51439    1.40200   1.28326   0.84169   0.16787  -0.67061  -1.63514  -2.70144  -3.85297  -5.07776  -6.36679  -7.71299  -9.11069 -10.55524 -12.04276 -13.56996 -15.13401 -16.73248 -18.36321 -20.02431 -21.71410
 511.26736    1.41792   1.29872   0.85607   0.18100  -0.65879  -1.62465  -2.69230  -3.84517  -5.07133  -6.36171  -7.70927  -9.10833 -10.55425 -12.04313 -13.57170 -15.13712 -16.73695 -18.36905 -20.03152 -21.72268
 512.02107    1.43433   1.31468   0.87094   0.19461  -0.64649  -1.61369  -2.68269  -3.83692  -5.06444  -6.35619  -7.70512  -9.10555 -10.55283 -12.04309 -13.57303 -15.13982 -16.74103 -18.37450 -20.03834 -21.73088
 512.77552    1.45124   1.33110   0.88623   0.20861  -0.63385  -1.60242  -2.67280  -3.82844  -5.05735  -6.35051  -7.70084  -9.10268 -10.55137 -12.04303 -13.57438 -15.14258 -16.74520 -18.38008 -20.04534 -21.73928
 513.53072    1.46864   1.34802   0.90202   0.22310  -0.62070  -1.59065  -2.66243  -3.81945  -5.04977  -6.34433  -7.69607  -9.09931 -10.54941 -12.04249 -13.57524 -15.14486 -16.74889 -18.38518 -20.05185 -21.74721
 514.28665    1.48645   1.36533   0.91818   0.23795  -0.60723  -1.57857  -2.65175  -3.81019  -5.04192  -6.33791  -7.69107  -9.09574 -10.54727 -12.04177 -13.57595 -15.14700 -16.75245 -18.39018 -20.05827 -21.75506
 515.04332    1.50465   1.38302   0.93471   0.25315  -0.59342  -1.56617  -2.64077  -3.80065  -5.03381  -6.33123  -7.68584  -9.09195 -10.54492 -12.04086 -13.57649 -15.14898 -16.75588 -18.39505 -20.06460 -21.76283
 515.80074    1.52334   1.40119   0.95170   0.26878  -0.57920  -1.55338  -2.62943  -3.79076  -5.02538  -6.32426  -7.68033  -9.08790 -10.54234 -12.03975 -13.57685 -15.15080 -16.75917 -18.39981 -20.07082 -21.77053
 516.55890    1.54253   1.41985   0.96916   0.28488  -0.56452  -1.54015  -2.61765  -3.78044  -5.01653  -6.31688  -7.67442  -9.08347 -10.53938 -12.03827 -13.57684 -15.15228 -16.76213 -18.40424 -20.07673 -21.77792
 517.31780    1.56212   1.43888   0.98696   0.30128  -0.54957  -1.52668  -2.60568  -3.76996  -5.00756  -6.30941  -7.66846  -9.07902 -10.53644 -12.03684 -13.57692 -15.15387 -16.76523 -18.40886 -20.08287 -21.78556
 518.07744    1.58206   1.45820   1.00498   0.31783  -0.53453  -1.51317  -2.59370  -3.75952  -4.99866  -6.30206  -7.66265  -9.07475 -10.53371 -12.03565 -13.57728 -15.15576 -16.76866 -18.41383 -20.08937 -21.79360
 518.83783    1.60257   1.47819   1.02377   0.33524  -0.51856  -1.49867  -2.58069  -3.74801  -4.98866  -6.29357  -7.65567  -9.06929 -10.52978 -12.03324 -13.57639 -15.15641 -16.77084 -18.41754 -20.09461 -21.80038
 519.59896    1.62344   1.49846   1.04275   0.35276  -0.50256  -1.48421  -2.56778  -3.73667  -4.97888  -6.28536  -7.64903  -9.06422 -10.52628 -12.03132 -13.57604 -15.15763 -16.77364 -18.42191 -20.10056 -21.80791
 520.36084    1.64470   1.51910   1.06206   0.37058  -0.48629  -1.46952  -2.55467  -3.72515  -4.96895  -6.27703  -7.64230  -9.05910 -10.52276 -12.02940 -13.57573 -15.15893 -16.77654 -18.42642 -20.10668 -21.81564
 521.12346    1.66645   1.54021   1.08180   0.38878  -0.46967  -1.45450  -2.54128  -3.71339  -4.95882  -6.26854  -7.63545  -9.05388 -10.51919 -12.02747 -13.57545 -15.16029 -16.77954 -18.43107 -20.11297 -21.82357
 521.88682    1.68859   1.56171   1.10193   0.40738  -0.45267  -1.43911  -2.52752  -3.70126  -4.94833  -6.25969  -7.62824  -9.04832 -10.51527 -12.02520 -13.57483 -15.16131 -16.78222 -18.43539 -20.11895 -21.83119
 522.65093    1.71122   1.58363   1.12241   0.42625  -0.43546  -1.42360  -2.51371  -3.68915  -4.93794  -6.25101  -7.62129  -9.04309 -10.51176 -12.02341 -13.57476 -15.16297 -16.78559 -18.44049 -20.12577 -21.83974
 523.41579    1.73425   1.60596   1.14330   0.44553  -0.41784  -1.40767  -2.49947  -3.67663  -4.92713  -6.24191  -7.61390  -9.03742 -10.50781 -12.02118 -13.57424 -15.16417 -16.78852 -18.44514 -20.13214 -21.84783
 524.18139    1.75767   1.62863   1.16446   0.46501  -0.40009  -1.39167  -2.48524  -3.66416  -4.91644  -6.23300  -7.60677  -9.03207 -10.50424 -12.01940 -13.57425 -15.16596 -16.79210 -18.45051 -20.13929 -21.85677
 524.94773    1.78148   1.65167   1.18598   0.48483  -0.38203  -1.37538  -2.47074  -3.65146  -4.90554  -6.22391  -7.59948  -9.02659 -10.50057 -12.01753 -13.57419 -15.16772 -16.79566 -18.45588 -20.14648 -21.86577
 525.71483    1.80567   1.67506   1.20778   0.50487  -0.36379  -1.35898  -2.45618  -3.63876  -4.89469  -6.21491  -7.59235  -9.02132 -10.49716 -12.01599 -13.57452 -15.16991 -16.79972 -18.46180 -20.15427 -21.87542
 526.48267    1.83037   1.69894   1.23006   0.52539  -0.34509  -1.34212  -2.44117  -3.62560  -4.88339  -6.20547  -7.58477  -9.01560 -10.49331 -12.01400 -13.57439 -15.17165 -16.80332 -18.46727 -20.16160 -21.88462
 527.25126    1.85545   1.72316   1.25264   0.54616  -0.32617  -1.32507  -2.42601  -3.61233  -4.87201  -6.19599  -7.57719  -9.00992 -10.48952 -12.01211 -13.57440 -15.17355 -16.80712 -18.47297 -20.16919 -21.89411
 528.02059    1.88092   1.74773   1.27551   0.56719  -0.30705  -1.30787  -2.41073  -3.59898  -4.86059  -6.18651  -7.56964  -9.00430 -10.48584 -12.01036 -13.57458 -15.17566 -16.81116 -18.47894 -20.17709 -21.90394
 528.79068    1.90678   1.77264   1.29869   0.58847  -0.28770  -1.29047  -2.39529  -3.58550  -4.84908  -6.17695  -7.56204  -8.99866 -10.48215 -12.00863 -13.57480 -15.17783 -16.81529 -18.48501 -20.18511 -21.91391
 529.56151    1.93302   1.79793   1.32224   0.61015  -0.26794  -1.27264  -2.37939  -3.57153  -4.83703  -6.16683  -7.55384  -8.99238 -10.47779 -12.00618 -13.57426 -15.17920 -16.81856 -18.49018 -20.19218 -21.92287

# Fitted data
 447.79744    2.05814   1.95835   1.57672   0.97744   0.21902  -0.66312  -1.64601  -2.71291  -3.85288  -5.05682  -6.31734  -7.62981  -8.98839 -10.39042 -11.83134 -13.30903 -14.82179 -16.36640 -17.94637 -19.55027
 448.20626    2.03791   1.93809   1.55620   0.95659   0.19778  -0.68475  -1.66803  -2.73536  -3.87573  -5.08008  -6.34105  -7.65391  -9.01292 -10.41536 -11.85674 -13.33488 -14.84806 -16.39308 -17.97328 -19.57744
 448.61508    2.01794   1.91809   1.53595   0.93600   0.17681  -0.70613  -1.68979  -2.75755  -3.89833  -5.10309  -6.36450  -7.67776  -9.03721 -10.44005 -11.88189 -13.36047 -14.87408 -16.41951 -17.99995 -19.60438
 449.02390    1.99823   1.89835   1.51595   0.91567   0.15608  -0.72724  -1.71129  -2.77949  -3.92068  -5.12585  -6.38769  -7.70136  -9.06125 -10.46448 -11.90679 -13.38581 -14.89985 -16.44569 -18.02637 -19.63107
 449.43272    1.97877   1.87887   1.49621   0.89559   0.13562  -0.74811  -1.73255  -2.80117  -3.94277  -5.14836  -6.41064  -7.72470  -9.08503 -10.48867 -11.93143 -13.41090 -14.92537 -16.47162 -18.05254 -19.65754
 449.84154    1.95957   1.85964   1.47672   0.87576   0.11541  -0.76871  -1.75355  -2.82261  -3.96462  -5.17061  -6.43333  -7.74780  -9.10857 -10.51261 -11.95583 -13.43574 -14.95065 -16.49731 -18.07848 -19.68376
 450.25036    1.94063   1.84067   1.45749   0.85619   0.09545  -0.78907  -1.77430  -2.84379  -3.98621  -5.19262  -6.45578  -7.77065  -9.13185 -10.53631 -11.97998 -13.46034 -14.97568 -16.52275 -18.10418 -19.70976
 450.65918    1.92194   1.82194   1.43851   0.83687   0.07574  -0.80918  -1.79480  -2.86472  -4.00756  -5.21438  -6.47798  -7.79325  -9.15490 -10.55976 -12.00389 -13.48470 -15.00046 -16.54795 -18.12964 -19.73552
 451.06800    1.90350   1.80347   1.41978   0.81780   0.05628  -0.82904  -1.81506  -2.88541  -4.02866  -5.23590  -6.49994  -7.81561  -9.17770 -10.58297 -12.02755 -13.50881 -15.02500 -16.57291 -18.15487 -19.76105
 451.47682    1.88531   1.78525   1.40130   0.79897   0.03707  -0.84865  -1.83507  -2.90585  -4.04951  -5.25717  -6.52165  -7.83773  -9.20026 -10.60594 -12.05098 -13.53268 -15.04930 -16.59763 -18.17986 -19.78636
 451.88564    1.86737   1.76728   1.38307   0.78040   0.01810  -0.86802  -1.85483  -2.92604  -4.07012  -5.27820  -6.54312  -7.85961  -9.22257 -10.62867 -12.07416 -13.55631 -15.07337 -16.62211 -18.20462 -19.81144
 452.29446    1.84968   1.74956   1.36509   0.76207  -0.00061  -0.88714  -1.87435  -2.94599  -4.09049  -5.29898  -6.56434  -7.88125  -9.24465 -10.65116 -12.09711 -13.57970 -15.09719 -16.64636 -18.22915 -19.83629
 452.70328    1.83224   1.73208   1.34735   0.74399  -0.01909  -0.90601  -1.89363  -2.96570  -4.11062  -5.31953  -6.58533  -7.90265  -9.26649 -10.67341 -12.11982 -13.60285 -15.12078 -16.67037 -18.25346 -19.86093
 453.11210    1.81504   1.71485   1.32986   0.72615  -0.03732  -0.92465  -1.91267  -2.98517  -4.13051  -5.33984  -6.60608  -7.92381  -9.28810 -10.69543 -12.14229 -13.62578 -15.14414 -16.69415 -18.27753 -19.88534
 453.52092    1.79809   1.69787   1.31262   0.70856  -0.05530  -0.94304  -1.93146  -3.00440  -4.15016  -5.35991  -6.62659  -7.94474  -9.30947 -10.71722 -12.16453 -13.64847 -15.16726 -16.71770 -18.30138 -19.90953
 453.92974    1.78139   1.68113   1.29561   0.69121  -0.07305  -0.96119  -1.95002  -3.02339  -4.16957  -5.37975  -6.64687  -7.96543  -9.33060 -10.73878 -12.18654 -13.67092 -15.19016 -16.74102 -18.32501 -19.93350
 454.33856    1.76493   1.66463   1.27885   0.67409  -0.09056  -0.97910  -1.96834  -3.04214  -4.18875  -5.39935  -6.66691  -7.98589  -9.35151 -10.76010 -12.20832 -13.69315 -15.21282 -16.76411 -18.34841 -19.95725
 454.74739    1.74871   1.64837   1.26233   0.65722  -0.10782  -0.99678  -1.98643  -3.06066  -4.20769  -5.41872  -6.68672  -8.00612  -9.37218 -10.78120 -12.22988 -13.71515 -15.23526 -16.78698 -18.37159 -19.98080
 455.15621    1.73273   1.63236   1.24605   0.64059  -0.12485  -1.01422  -2.00428  -3.07895  -4.22640  -5.43786  -6.70631  -8.02612  -9.39263 -10.80207 -12.25120 -13.73693 -15.25747 -16.80962 -18.39456 -20.00412
 455.56503    1.71699   1.61658   1.23000   0.62419  -0.14165  -1.03143  -2.02189  -3.09700  -4.24488  -5.45676  -6.72566  -8.04590  -9.41285 -10.82271 -12.27230 -13.75848 -15.27946 -16.83204 -18.41731 -20.02724
 455.97385    1.70149   1.60104   1.21420   0.60803  -0.15821  -1.04840  -2.03928  -3.11482  -4.26313  -5.47544  -6.74478  -8.06544  -9.43284 -10.84313 -12.29317 -13.77980 -15.30123 -16.85424 -18.43984 -20.05014
 456.38267    1.68623   1.58573   1.19863   0.59210  -0.17454  -1.06514  -2.05643  -3.13241  -4.28115  -5.49389  -6.76367  -8.08476  -9.45261 -10.86332 -12.31383 -13.80090 -15.32277 -16.87622 -18.46216 -20.07284
 456.79149    1.67120   1.57067   1.18329   0.57641  -0.19063  -1.08165  -2.07336  -3.14977  -4.29894  -5.51212  -6.78234  -8.10386  -9.47215 -10.88330 -12.33426 -13.82179 -15.34410 -16.89798 -18.48426 -20.09532
 457.20031    1.65641   1.55584   1.16819   0.56095  -0.20649  -1.09792  -2.09005  -3.16691  -4.31651  -5.53011  -6.80079  -8.12274  -9.49148 -10.90305 -12.35447 -13.84245 -15.36521 -16.91952 -18.50615 -20.11761
 457.60913    1.64185   1.54124   1.15332   0.54572  -0.22212  -1.11397  -2.10652  -3.18382  -4.33385  -5.54789  -6.81901  -8.14139  -9.51058 -10.92259 -12.37446 -13.86290 -15.38610 -16.94085 -18.52784 -20.13968
 458.01795    1.62753   1.52687   1.13869   0.53072  -0.23753  -1.12979  -2.12276  -3.20050  -4.35097  -5.56544  -6.83702  -8.15983  -9.52946 -10.94191 -12.39424 -13.88313 -15.40677 -16.96197 -18.54931 -20.16156
 458.42677    1.61344   1.51274   1.12428   0.51595  -0.25270  -1.14539  -2.13878  -3.21696  -4.36786  -5.58278  -6.85480  -8.17804  -9.54813 -10.96102 -12.41380 -13.90315 -15.42724 -16.98288 -18.57058 -20.18323
 458.83559    1.59959   1.49883   1.11010   0.50141  -0.26765  -1.16076  -2.15458  -3.23319  -4.38454  -5.59989  -6.87236  -8.19604  -9.56658 -10.97991 -12.43315 -13.92296 -15.44749 -17.00357 -18.59165 -20.20470
 459.24441    1.58596   1.48516   1.09615   0.48709  -0.28237  -1.17590  -2.17015  -3.24921  -4.40099  -5.61679  -6.88971  -8.21383  -9.58482 -10.99858 -12.45229 -13.94255 -15.46753 -17.02406 -18.61251 -20.22598
 459.65323    1.57256   1.47171   1.08243   0.47300  -0.29687  -1.19083  -2.18550  -3.26500  -4.41723  -5.63346  -6.90684  -8.23140  -9.60285 -11.01705 -12.47121 -13.96193 -15.48737 -17.04434 -18.63317 -20.24705
 460.06205    1.55939   1.45850   1.06894   0.45914  -0.31115  -1.20553  -2.20063  -3.28058  -4.43325  -5.64993  -6.92375  -8.24875  -9.62066 -11.03530 -12.48993 -13.98111 -15.50699 -17.06442 -18.65363 -20.26793
 460.47087    1.54645   1.44550   1.05567   0.44550  -0.32520  -1.22001  -2.21554  -3.29594  -4.44905  -5.66617  -6.94045  -8.26590  -9.63826 -11.05335 -12.50844 -14.00008 -15.52642 -17.08429 -18.67389 -20.28862
 460.87969    1.53373   1.43274   1.04262   0.43208  -0.33903  -1.23427  -2.23024  -3.31108  -4.46464  -5.68221  -6.95694  -8.28283  -9.65565 -11.07119 -12.52674 -14.01884 -15.54563 -17.10396 -18.69395 -20.30911
 461.28851    1.52124   1.42019   1.02980   0.41888  -0.35264  -1.24831  -2.24471  -3.32601  -4.48001  -5.69803  -6.97322  -8.29956  -9.67284 -11.08882 -12.54484 -14.03740 -15.56465 -17.12343 -18.71381 -20.32941
 461.69733    1.50898   1.40788   1.01720   0.40590  -0.36604  -1.26214  -2.25898  -3.34072  -4.49517  -5.71364  -6.98929  -8.31608  -9.68982 -11.10625 -12.56273 -14.05576 -15.58346 -17.14270 -18.73349 -20.34952
 462.10615    1.49694   1.39578   1.00482   0.39314  -0.37921  -1.27575  -2.27302  -3.35522  -4.51012  -5.72904  -7.00515  -8.33239  -9.70659 -11.12348 -12.58042 -14.07392 -15.60207 -17.16177 -18.75296 -20.36945
 462.51497    1.48511   1.38390   0.99266   0.38060  -0.39217  -1.28914  -2.28686  -3.36950  -4.52486  -5.74424  -7.02081  -8.34849  -9.72316 -11.14050 -12.59791 -14.09187 -15.62049 -17.18065 -18.77225 -20.38918
 462.92379    1.47352   1.37225   0.98071   0.36828  -0.40492  -1.30232  -2.30048  -3.38358  -4.53939  -5.75922  -7.03625  -8.36440  -9.73953 -11.15733 -12.61520 -14.10963 -15.63871 -17.19933 -18.79134 -20.40873
 463.33261    1.46214   1.36081   0.96899   0.35617  -0.41745  -1.31529  -2.31389  -3.39745  -4.55372  -5.77400  -7.05150  -8.38010  -9.75569 -11.17395 -12.63229 -14.12719 -15.65673 -17.21781 -18.81025 -20.42809
 463.74143    1.45098   1.34959   0.95748   0.34428  -0.42976  -1.32805  -2.32710  -3.41111  -4.56783  -5.78858  -7.06654  -8.39560  -9.77166 -11.19038 -12.64919 -14.14456 -15.67456 -17.23611 -18.82897 -20.44728
 464.15025    1.44004   1.33859   0.94619   0.33260  -0.44187  -1.34059  -2.34009  -3.42456  -4.58174  -5.80295  -7.08137  -8.41090  -9.78743 -11.20661 -12.66589 -14.16173 -15.69219 -17.25421 -18.84750 -20.46627
 464.55907    1.42931   1.32781   0.93511   0.32113  -0.45376  -1.35293  -2.35288  -3.43781  -4.59545  -5.81712  -7.09601  -8.42600  -9.80300 -11.22264 -12.68239 -14.17871 -15.70964 -17.27213 -18.86585 -20.48509
 464.96789    1.41881   1.31724   0.92425   0.30988  -0.46545  -1.36506  -2.36546  -3.45085  -4.60896  -5.83109  -7.11045  -8.44090  -9.81837 -11.23848 -12.69871 -14.19549 -15.72689 -17.28985 -18.88401 -20.50373
 465.37671    1.40852   1.30688   0.91360   0.29884  -0.47692  -1.37698  -2.37784  -3.46369  -4.62226  -5.84486  -7.12469  -8.45560  -9.83355 -11.25413 -12.71483 -14.21209 -15.74396 -17.30739 -18.90199 -20.52219
 465.78553    1.39844   1.29674   0.90316   0.28800  -0.48819  -1.38869  -2.39001  -3.47632  -4.63536  -5.85843  -7.13873  -8.47011  -9.84853 -11.26958 -12.73076 -14.22850 -15.76084 -17.32475 -18.91979 -20.54047
 466.19435    1.38858   1.28681   0.89293   0.27738  -0.49925  -1.40020  -2.40198  -3.48876  -4.64826  -5.87180  -7.15257  -8.48443  -9.86333 -11.28485 -12.74650 -14.24472 -15.77753 -17.34192 -18.93741 -20.55858
 466.60317    1.37893   1.27710   0.88291   0.26696  -0.51010  -1.41151  -2.41374  -3.50099  -4.66097  -5.88498  -7.16622  -8.49856  -9.87793 -11.29992 -12.76205 -14.26075 -15.79404 -17.35890 -18.95485 -20.57652
 467.01200    1.36949   1.26759   0.87310   0.25675  -0.52075  -1.42261  -2.42531  -3.51303  -4.67348  -5.89796  -7.17968  -8.51249  -9.89234 -11.31481 -12.77742 -14.27660 -15.81037 -17.37571 -18.97212 -20.59428
 467.42082    1.36026   1.25829   0.86350   0.24674  -0.53119  -1.43352  -2.43668  -3.52486  -4.68579  -5.91075  -7.19295  -8.52623  -9.90656 -11.32951 -12.79260 -14.29227 -15.82651 -17.39234 -18.98921 -20.61187
 467.82964    1.35124   1.24920   0.85410   0.23694  -0.54144  -1.44422  -2.44785  -3.53650  -4.69790  -5.92334  -7.20602  -8.53978  -9.92060 -11.34403 -12.80760 -14.30775 -15.84247 -17.40879 -19.00612 -20.62929
 468.23846    1.34243   1.24032   0.84491   0.22734  -0.55148  -1.45472  -2.45882  -3.54795  -4.70983  -5.93575  -7.21890  -8.55315  -9.93445 -11.35836 -12.82242 -14.32305 -15.85826 -17.42506 -19.02286 -20.64654
 468.64728    1.33383   1.23164   0.83593   0.21795  -0.56132  -1.46502  -2.46959  -3.55920  -4.72156  -5.94796  -7.23160  -8.56633  -9.94811 -11.37251 -12.83705 -14.33818 -15.87387 -17.44116 -19.03943 -20.66362
 469.05610    1.32543   1.22317   0.82714   0.20876  -0.57096  -1.47513  -2.48017  -3.57025  -4.73310  -5.95998  -7.24410  -8.57932  -9.96159 -11.38648 -12.85151 -14.35312 -15.88930 -17.45708 -19.05583 -20.68053
 469.46492    1.31725   1.21491   0.81856   0.19976  -0.58040  -1.48503  -2.49055  -3.58111  -4.74444  -5.97181  -7.25642  -8.59213  -9.97489 -11.40027 -12.86578 -14.36789 -15.90455 -17.47283 -19.07207 -20.69728
 469.87374    1.30926   1.20685   0.81019   0.19097  -0.58964  -1.49475  -2.50074  -3.59179  -4.75560  -5.98346  -7.26856  -8.60475  -9.98801 -11.41388 -12.87988 -14.38248 -15.91963 -17.48841 -19.08813 -20.71387
 470.28256    1.30148   1.19899   0.80201   0.18238  -0.59869  -1.50427  -2.51074  -3.60227  -4.76657  -5.99492  -7.28050  -8.61720 -10.00094 -11.42731 -12.89380 -14.39690 -15.93454 -17.50381 -19.10402 -20.73029
 470.69138    1.29391   1.19133   0.79403   0.17398  -0.60754  -1.51359  -2.52055  -3.61256  -4.77735  -6.00619  -7.29227  -8.62946 -10.01370 -11.44056 -12.90755 -14.41114 -15.94928 -17.51905 -19.11975 -20.74655
 471.10020    1.28653   1.18387   0.78625   0.16578  -0.61620  -1.52272  -2.53017  -3.62266  -4.78795  -6.01728  -7.30386  -8.64154 -10.02628 -11.45364 -12.92112 -14.42521 -15.96384 -17.53412 -19.13532 -20.76265
 471.50902    1.27936   1.17662   0.77867   0.15778  -0.62467  -1.53166  -2.53959  -3.63258  -4.79836  -6.02819  -7.31526  -8.65344 -10.03868 -11.46654 -12.93452 -14.43911 -15.97824 -17.54902 -19.15073 -20.77859
 471.91784    1.27239   1.16956   0.77129   0.14997  -0.63294  -1.54041  -2.54883  -3.64231  -4.80859  -6.03892  -7.32648  -8.66517 -10.05091 -11.47927 -12.94774 -14.45284 -15.99247 -17.56376 -19.16597 -20.79438
 472.32666    1.26562   1.16270   0.76410   0.14235  -0.64102  -1.54897  -2.55789  -3.65185  -4.81863  -6.04946  -7.33753  -8.67672 -10.06296 -11.49183 -12.96080 -14.46640 -16.00653 -17.57833 -19.18105 -20.81000
 472.73548    1.25905   1.15604   0.75711   0.13493  -0.64891  -1.55735  -2.56675  -3.66121  -4.82849  -6.05983  -7.34839  -8.68809 -10.07484 -11.50421 -12.97369 -14.47980 -16.02043 -17.59274 -19.19597 -20.82547
 473.14430    1.25267   1.14958   0.75032   0.12770  -0.65660  -1.56553  -2.57543  -3.67039  -4.83818  -6.07002  -7.35908  -8.69929 -10.08654 -11.51643 -12.98641 -14.49303 -16.03416 -17.60699 -19.21073 -20.84079
 473.55312    1.24649   1.14331   0.74371   0.12066  -0.66411  -1.57353  -2.58393  -3.67938  -4.84768  -6.08002  -7.36959  -8.71032 -10.09808 -11.52848 -12.99896 -14.50609 -16.04773 -17.62108 -19.22534 -20.85595
 473.96194    1.24051   1.13724   0.73730   0.11381  -0.67144  -1.58134  -2.59224  -3.68820  -4.85700  -6.08986  -7.37993  -8.72117 -10.10944 -11.54036 -13.01135 -14.51899 -16.06114 -17.63501 -19.23979 -20.87096
 474.37076    1.23473   1.13136   0.73108   0.10715  -0.67857  -1.58897  -2.60038  -3.69683  -4.86614  -6.09951  -7.39010  -8.73185 -10.12064 -11.55207 -13.02357 -14.53173 -16.07439 -17.64878 -19.25409 -20.88582
 474.77958    1.22914   1.12567   0.72505   0.10068  -0.68552  -1.59641  -2.60833  -3.70528  -4.87511  -6.10900  -7.40009  -8.74237 -10.13167 -11.56362 -13.03563 -14.54430 -16.08748 -17.66239 -19.26823 -20.90053
 475.18840    1.22374   1.12017   0.71921   0.09439  -0.69229  -1.60368  -2.61609  -3.71356  -4.88390  -6.11830  -7.40992  -8.75271 -10.14253 -11.57500 -13.04752 -14.55672 -16.10041 -17.67585 -19.28222 -20.91508
 475.59722    1.21853   1.11487   0.71356   0.08829  -0.69887  -1.61076  -2.62369  -3.72166  -4.89252  -6.12744  -7.41957  -8.76289 -10.15322 -11.58622 -13.05926 -14.56898 -16.11319 -17.68915 -19.29606 -20.92950
 476.00604    1.21352   1.10976   0.70810   0.08238  -0.70526  -1.61765  -2.63110  -3.72958  -4.90096  -6.13641  -7.42905  -8.77290 -10.16376 -11.59728 -13.07083 -14.58107 -16.12581 -17.70230 -19.30975 -20.94376
 476.41486    1.20870   1.10483   0.70282   0.07665  -0.71148  -1.62437  -2.63833  -3.73733  -4.90923  -6.14520  -7.43837  -8.78274 -10.17412 -11.60817 -13.08225 -14.59302 -16.13827 -17.71530 -19.32330 -20.95788
 476.82368    1.20407   1.10010   0.69773   0.07111  -0.71751  -1.63091  -2.64539  -3.74490  -4.91733  -6.15382  -7.44751  -8.79242 -10.18433 -11.61891 -13.09351 -14.60480 -16.15058 -17.72815 -19.33669 -20.97185
 477.23250    1.19962   1.09555   0.69283   0.06575  -0.72336  -1.63728  -2.65227  -3.75231  -4.92526  -6.16228  -7.45649  -8.80193 -10.19437 -11.62949 -13.10461 -14.61643 -16.16274 -17.74084 -19.34994 -20.98569
 477.64132    1.19537   1.09119   0.68811   0.06057  -0.72904  -1.64346  -2.65898  -3.75953  -4.93302  -6.17057  -7.46531  -8.81128 -10.20425 -11.63991 -13.11556 -14.62791 -16.17475 -17.75339 -19.36304 -20.99938
 478.05014    1.19131   1.08701   0.68357   0.05557  -0.73453  -1.64947  -2.66551  -3.76659  -4.94061  -6.17869  -7.47396  -8.82048 -10.21398 -11.65017 -13.12635 -14.63924 -16.18661 -17.76579 -19.37600 -21.01292
 478.45896    1.18743   1.08302   0.67922   0.05075  -0.73985  -1.65530  -2.67188  -3.77348  -4.94803  -6.18665  -7.48245  -8.82951 -10.22354 -11.66028 -13.13698 -14.65041 -16.19832 -17.77805 -19.38881 -21.02633
 478.86778    1.18373   1.07922   0.67505   0.04611  -0.74499  -1.66096  -2.67807  -3.78019  -4.95528  -6.19444  -7.49078  -8.83838 -10.23295 -11.67023 -13.14747 -14.66143 -16.20988 -17.79016 -19.40148 -21.03960
 479.27661    1.18023   1.07560   0.67106   0.04165  -0.74995  -1.66645  -2.68408  -3.78674  -4.96237  -6.20207  -7.49894  -8.84709 -10.24220 -11.68003 -13.15780 -14.67231 -16.22129 -17.80212 -19.41401 -21.05273
 479.68543    1.17690   1.07216   0.66725   0.03736  -0.75474  -1.67176  -2.68993  -3.79312  -4.96929  -6.20954  -7.50695  -8.85564 -10.25130 -11.68967 -13.16798 -14.68304 -16.23256 -17.81394 -19.42640 -21.06572
 480.09425    1.17376   1.06890   0.66362   0.03326  -0.75936  -1.67690  -2.69561  -3.79934  -4.97605  -6.21684  -7.51479  -8.86404 -10.26024 -11.69917 -13.17802 -14.69362 -16.24369 -17.82562 -19.43866 -21.07858
 480.50307    1.17080   1.06583   0.66016   0.02933  -0.76380  -1.68188  -2.70112  -3.80539  -4.98265  -6.22399  -7.52248  -8.87228 -10.26903 -11.70851 -13.18790 -14.70405 -16.25467 -17.83716 -19.45077 -21.09130
 480.91189    1.16803   1.06293   0.65689   0.02557  -0.76807  -1.68668  -2.70647  -3.81127  -4.98908  -6.23097  -7.53001  -8.88037 -10.27766 -11.71770 -13.19764 -14.71434 -16.26551 -17.84856 -19.46275 -21.10389
 481.32071    1.16544   1.06021   0.65379   0.02199  -0.77217  -1.69131  -2.71165  -3.81699  -4.99535  -6.23780  -7.53738  -8.88830 -10.28615 -11.72675 -13.20723 -14.72449 -16.27620 -17.85982 -19.47459 -21.11635
 481.72953    1.16302   1.05768   0.65087   0.01858  -0.77610  -1.69577  -2.71666  -3.82255  -5.00146  -6.24447  -7.54460  -8.89608 -10.29449 -11.73565 -13.21668 -14.73449 -16.28676 -17.87094 -19.48630 -21.12867
 482.13835    1.16079   1.05532   0.64812   0.01534  -0.77985  -1.70007  -2.72151  -3.82794  -5.00742  -6.25098  -7.55167  -8.90371 -10.30267 -11.74440 -13.22598 -14.74435 -16.29718 -17.88193 -19.49787 -21.14086
 482.54717    1.15873   1.05313   0.64555   0.01228  -0.78344  -1.70420  -2.72619  -3.83318  -5.01321  -6.25733  -7.55858  -8.91119 -10.31071 -11.75300 -13.23514 -14.75407 -16.30746 -17.89278 -19.50931 -21.15293
 482.95599    1.15686   1.05113   0.64315   0.00939  -0.78686  -1.70817  -2.73071  -3.83825  -5.01885  -6.26353  -7.56534  -8.91852 -10.31860 -11.76146 -13.24416 -14.76365 -16.31760 -17.90350 -19.52062 -21.16486
 483.36481    1.15516   1.04930   0.64092   0.00666  -0.79012  -1.71197  -2.73507  -3.84317  -5.02433  -6.26958  -7.57194  -8.92570 -10.32634 -11.76978 -13.25304 -14.77309 -16.32761 -17.91408 -19.53180 -21.17667
 483.77363    1.15363   1.04764   0.63887   0.00411  -0.79321  -1.71561  -2.73927  -3.84792  -5.02965  -6.27547  -7.57840  -8.93273 -10.33394 -11.77796 -13.26177 -14.78240 -16.33748 -17.92453 -19.54285 -21.18835
 484.18245    1.15229   1.04616   0.63698   0.00172  -0.79613  -1.71908  -2.74331  -3.85252  -5.03482  -6.28121  -7.58471  -8.93961 -10.34140 -11.78599 -13.27037 -14.79157 -16.34722 -17.93485 -19.55378 -21.19990
 484.59127    1.15111   1.04485   0.63527  -0.00050  -0.79888  -1.72239  -2.74719  -3.85696  -5.03983  -6.28680  -7.59087  -8.94635 -10.34871 -11.79388 -13.27883 -14.80060 -16.35683 -17.94504 -19.56457 -21.21133
 485.00009    1.15011   1.04371   0.63372  -0.00255  -0.80148  -1.72554  -2.75091  -3.86125  -5.04469  -6.29224  -7.59688  -8.95294 -10.35588 -11.80163 -13.28715 -14.80950 -16.36630 -17.95510 -19.57524 -21.22263
 485.40891    1.14929   1.04275   0.63235  -0.00444  -0.80391  -1.72853  -2.75447  -3.86538  -5.04940  -6.29753  -7.60274  -8.95939 -10.36290 -11.80924 -13.29534 -14.81826 -16.37564 -17.96504 -19.58578 -21.23382
 485.81773    1.14863   1.04195   0.63114  -0.00616  -0.80617  -1.73136  -2.75788  -3.86936  -5.05396  -6.30267  -7.60846  -8.96570 -10.36979 -11.81672 -13.30339 -14.82689 -16.38486 -17.97484 -19.59620 -21.24488
 486.22655    1.14815   1.04133   0.63010  -0.00772  -0.80828  -1.73404  -2.76113  -3.87318  -5.05837  -6.30766  -7.61403  -8.97186 -10.37654 -11.82406 -13.31130 -14.83539 -16.39394 -17.98452 -19.60649 -21.25582
 486.63537    1.14784   1.04087   0.62923  -0.00911  -0.81023  -1.73655  -2.76423  -3.87685  -5.06263  -6.31251  -7.61946  -8.97788 -10.38314 -11.83126 -13.31909 -14.84376 -16.40290 -17.99407 -19.61666 -21.26663
 487.04419    1.14770   1.04058   0.62852  -0.01034  -0.81201  -1.73891  -2.76717  -3.88037  -5.06674  -6.31721  -7.62474  -8.98377 -10.38961 -11.83833 -13.32674 -14.85201 -16.41172 -18.00350 -19.62671 -21.27733
 487.45301    1.14773   1.04046   0.62797  -0.01141  -0.81364  -1.74111  -2.76995  -3.88374  -5.07070  -6.32176  -7.62989  -8.98951 -10.39595 -11.84526 -13.33426 -14.86012 -16.42043 -18.01281 -19.63664 -21.28792
 487.86183    1.14793   1.04051   0.62759  -0.01232  -0.81511  -1.74316  -2.77259  -3.88696  -5.07451  -6.32617  -7.63489  -8.99511 -10.40214 -11.85206 -13.34164 -14.86810 -16.42901 -18.02199 -19.64645 -21.29838
 488.27065    1.14830   1.04072   0.62738  -0.01307  -0.81642  -1.74505  -2.77507  -3.89003  -5.07818  -6.33044  -7.63975  -9.00058 -10.40820 -11.85873 -13.34890 -14.87596 -16.43746 -18.03106 -19.65615 -21.30873
 488.67947    1.14883   1.04110   0.62732  -0.01366  -0.81757  -1.74679  -2.77740  -3.89295  -5.08170  -6.33456  -7.64447  -9.00590 -10.41413 -11.86526 -13.35603 -14.88369 -16.44579 -18.04000 -19.66572 -21.31896
 489.08829    1.14953   1.04165   0.62743  -0.01409  -0.81857  -1.74837  -2.77959  -3.89573  -5.08508  -6.33855  -7.64905  -9.01110 -10.41993 -11.87167 -13.36304 -14.89130 -16.45400 -18.04882 -19.67518 -21.32908
 489.49711    1.15040   1.04235   0.62770  -0.01436  -0.81941  -1.74980  -2.78162  -3.89836  -5.08831  -6.34239  -7.65349  -9.01615 -10.42559 -11.87794 -13.36991 -14.89878 -16.46209 -18.05753 -19.68452 -21.33908
 489.90593    1.15143   1.04323   0.62813  -0.01447  -0.82010  -1.75108  -2.78350  -3.90084  -5.09140  -6.34609  -7.65780  -9.02107 -10.43112 -11.88409 -13.37666 -14.90614 -16.47006 -18.06611 -19.69374 -21.34897
 490.31475    1.15263   1.04426   0.62871  -0.01443  -0.82064  -1.75222  -2.78524  -3.90318  -5.09435  -6.34965  -7.66197  -9.02586 -10.43652 -11.89011 -13.38329 -14.91337 -16.47791 -18.07458 -19.70285 -21.35875
 490.72357    1.15399   1.04545   0.62946  -0.01424  -0.82102  -1.75320  -2.78683  -3.90537  -5.09716  -6.35307  -7.66600  -9.03052 -10.44179 -11.89600 -13.38979 -14.92049 -16.48564 -18.08294 -19.71185 -21.36842
 491.13240    1.15551   1.04681   0.63036  -0.01388  -0.82125  -1.75403  -2.78827  -3.90742  -5.09983  -6.35636  -7.66990  -9.03504 -10.44693 -11.90177 -13.39617 -14.92749 -16.49325 -18.09118 -19.72074 -21.37798
 491.54122    1.15719   1.04833   0.63142  -0.01338  -0.82133  -1.75471  -2.78957  -3.90933  -5.10236  -6.35951  -7.67367  -9.03944 -10.45194 -11.90741 -13.40242 -14.93436 -16.50075 -18.09931 -19.72952 -21.38743
 491.95004    1.15904   1.05000   0.63264  -0.01272  -0.82126  -1.75525  -2.79072  -3.91110  -5.10475  -6.36252  -7.67730  -9.04370 -10.45682 -11.91292 -13.40855 -14.94112 -16.50813 -18.10732 -19.73818 -21.39677
 492.35886    1.16105   1.05184   0.63402  -0.01191  -0.82104  -1.75564  -2.79173  -3.91272  -5.10700  -6.36540  -7.68080  -9.04783 -10.46158 -11.91831 -13.41457 -14.94776 -16.51539 -18.11523 -19.74674 -21.40600
 492.76768    1.16321   1.05383   0.63554  -0.01094  -0.82068  -1.75588  -2.79260  -3.91421  -5.10911  -6.36815  -7.68417  -9.05184 -10.46622 -11.92358 -13.42046 -14.95428 -16.52255 -18.12302 -19.75518 -21.41513
 493.17650    1.16554   1.05598   0.63723  -0.00983  -0.82016  -1.75598  -2.79332  -3.91556  -5.11109  -6.37076  -7.68741  -9.05571 -10.47072 -11.92873 -13.42624 -14.96069 -16.52959 -18.13070 -19.76352 -21.42415
 493.58532    1.16803   1.05829   0.63906  -0.00856  -0.81949  -1.75593  -2.79390  -3.91676  -5.11293  -6.37323  -7.69052  -9.05947 -10.47511 -11.93376 -13.43189 -14.96698 -16.53651 -18.13827 -19.77175 -21.43306
 493.99414    1.17067   1.06075   0.64105  -0.00714  -0.81868  -1.75574  -2.79434  -3.91783  -5.11464  -6.37558  -7.69350  -9.06309 -10.47937 -11.93866 -13.43743 -14.97316 -16.54333 -18.14574 -19.77988 -21.44187
 494.40296    1.17347   1.06337   0.64319  -0.00558  -0.81773  -1.75541  -2.79464  -3.91877  -5.11621  -6.37779  -7.69636  -9.06659 -10.48351 -11.94345 -13.44286 -14.97923 -16.55004 -18.15309 -19.78790 -21.45058
 494.81178    1.17643   1.06614   0.64548  -0.00387  -0.81662  -1.75493  -2.79481  -3.91956  -5.11765  -6.37988  -7.69908  -9.06996 -10.48753 -11.94812 -13.44817 -14.98518 -16.55663 -18.16034 -19.79582 -21.45919
 495.22060    1.17954   1.06907   0.64793  -0.00201  -0.81538  -1.75432  -2.79483  -3.92023  -5.11896  -6.38183  -7.70168  -9.07321 -10.49142 -11.95267 -13.45336 -14.99102 -16.56312 -18.16749 -19.80363 -21.46769
 495.62942    1.18281   1.07215   0.65052  -0.00000  -0.81399  -1.75356  -2.79472  -3.92075  -5.12013  -6.38366  -7.70415  -9.07634 -10.49520 -11.95711 -13.45844 -14.99675 -16.56950 -18.17453 -19.81134 -21.47610
 496.03824    1.18623   1.07538   0.65326   0.00215  -0.81245  -1.75266  -2.79446  -3.92115  -5.12118  -6.38536  -7.70650  -9.07935 -10.49886 -11.96142 -13.46341 -15.00237 -16.57578 -18.18146 -19.81895 -21.48440
 496.44706    1.18981   1.07876   0.65615   0.00445  -0.81078  -1.75163  -2.79408  -3.92141  -5.12209  -6.38693  -7.70873  -9.08223 -10.50240 -11.96563 -13.46826 -15.00788 -16.58195 -18.18830 -19.82646 -21.49260
 496.85588    1.19354   1.08230   0.65919   0.00689  -0.80896  -1.75045  -2.79355  -3.92153  -5.12288  -6.38837  -7.71083  -9.08500 -10.50582 -11.96971 -13.47301 -15.01329 -16.58801 -18.19503 -19.83386 -21.50071
 497.26470    1.19742   1.08598   0.66238   0.00948  -0.80700  -1.74914  -2.79290  -3.92153  -5.12353  -6.38969  -7.71280  -9.08764 -10.50913 -11.97369 -13.47764 -15.01858 -16.59397 -18.20166 -19.84117 -21.50872
 497.67352    1.20146   1.08982   0.66571   0.01221  -0.80490  -1.74769  -2.79210  -3.92139  -5.12406  -6.39088  -7.71466  -9.09017 -10.51232 -11.97755 -13.48216 -15.02377 -16.59982 -18.20819 -19.84838 -21.51663
 498.08234    1.20564   1.09380   0.66919   0.01509  -0.80267  -1.74610  -2.79118  -3.92113  -5.12446  -6.39195  -7.71640  -9.09258 -10.51540 -11.98130 -13.48658 -15.02886 -16.60558 -18.21462 -19.85549 -21.52445
 498.49116    1.20998   1.09794   0.67281   0.01810  -0.80029  -1.74438  -2.79012  -3.92073  -5.12474  -6.39290  -7.71801  -9.09487 -10.51836 -11.98494 -13.49089 -15.03384 -16.61123 -18.22095 -19.86251 -21.53217
 498.89998    1.21446   1.10222   0.67658   0.02126  -0.79778  -1.74252  -2.78893  -3.92021  -5.12488  -6.39372  -7.71951  -9.09704 -10.52120 -11.98847 -13.49509 -15.03871 -16.61678 -18.22718 -19.86943 -21.53979
 499.30880    1.21910   1.10665   0.68049   0.02455  -0.79512  -1.74053  -2.78761  -3.91956  -5.12491  -6.39442  -7.72088  -9.09910 -10.52394 -11.99189 -13.49918 -15.04348 -16.62223 -18.23332 -19.87625 -21.54733
 499.71762    1.22388   1.11122   0.68454   0.02799  -0.79234  -1.73841  -2.78616  -3.91878  -5.12481  -6.39500  -7.72214  -9.10104 -10.52656 -11.99519 -13.50317 -15.04815 -16.62758 -18.23936 -19.88298 -21.55476
 500.12644    1.22881   1.11594   0.68874   0.03157  -0.78941  -1.73615  -2.78457  -3.91788  -5.12458  -6.39546  -7.72328  -9.10287 -10.52907 -11.99840 -13.50705 -15.05272 -16.63283 -18.24530 -19.88962 -21.56211
 500.53526    1.23389   1.12081   0.69308   0.03528  -0.78635  -1.73376  -2.78286  -3.91684  -5.12424  -6.39580  -7.72431  -9.10459 -10.53148 -12.00149 -13.51083 -15.05719 -16.63799 -18.25115 -19.89616 -21.56937
 500.94408    1.23912   1.12582   0.69756   0.03913  -0.78316  -1.73124  -2.78102  -3.91569  -5.12377  -6.39602  -7.72522  -9.10619 -10.53377 -12.00448 -13.51451 -15.06156 -16.64305 -18.25690 -19.90261 -21.57653
 501.35290    1.24449   1.13097   0.70218   0.04312  -0.77983  -1.72859  -2.77906  -3.91441  -5.12318  -6.39612  -7.72601  -9.10768 -10.53595 -12.00736 -13.51808 -15.06582 -16.64801 -18.26257 -19.90897 -21.58361
 501.76172    1.25001   1.13627   0.70694   0.04725  -0.77637  -1.72581  -2.77696  -3.91300  -5.12247  -6.39611  -7.72669  -9.10906 -10.53802 -12.01013 -13.52155 -15.06999 -16.65287 -18.26813 -19.91524 -21.59060
 502.17054    1.25567   1.14171   0.71183   0.05151  -0.77277  -1.72290  -2.77474  -3.91147  -5.12163  -6.39598  -7.72726  -9.11032 -10.53999 -12.01280 -13.52492 -15.07406 -16.65765 -18.27361 -19.92142 -21.59750
 502.57936    1.26147   1.14729   0.71687   0.05591  -0.76905  -1.71986  -2.77240  -3.90982  -5.12068  -6.39573  -7.72771  -9.11148 -10.54185 -12.01537 -13.52819 -15.07804 -16.66232 -18.27900 -19.92751 -21.60431
 502.98818    1.26742   1.15301   0.72205   0.06044  -0.76519  -1.71669  -2.76992  -3.90805  -5.11961  -6.39536  -7.72805  -9.11253 -10.54361 -12.01784 -13.53136 -15.08192 -16.66691 -18.28430 -19.93351 -21.61103
 503.39701    1.27351   1.15888   0.72736   0.06510  -0.76120  -1.71339  -2.76733  -3.90616  -5.11843  -6.39488  -7.72828  -9.11347 -10.54526 -12.02020 -13.53443 -15.08570 -16.67140 -18.28951 -19.93943 -21.61767
 503.80583    1.27975   1.16488   0.73281   0.06990  -0.75709  -1.70997  -2.76461  -3.90415  -5.11712  -6.39429  -7.72840  -9.11430 -10.54680 -12.02246 -13.53741 -15.08939 -16.67580 -18.29462 -19.94526 -21.62422
 504.21465    1.28612   1.17102   0.73839   0.07483  -0.75284  -1.70642  -2.76177  -3.90201  -5.11570  -6.39358  -7.72841  -9.11503 -10.54824 -12.02462 -13.54028 -15.09298 -16.68011 -18.29966 -19.95100 -21.63069
 504.62347    1.29264   1.17730   0.74411   0.07990  -0.74846  -1.70275  -2.75880  -3.89976  -5.11417  -6.39277  -7.72831  -9.11565 -10.54958 -12.02668 -13.54306 -15.09648 -16.68434 -18.30460 -19.95665 -21.63707
 505.03229    1.29930   1.18372   0.74996   0.08509  -0.74396  -1.69895  -2.75572  -3.89739  -5.11251  -6.39183  -7.72810  -9.11616 -10.55081 -12.02864 -13.54575 -15.09989 -16.68847 -18.30946 -19.96223 -21.64337
 505.44111    1.30609   1.19028   0.75595   0.09041  -0.73933  -1.69503  -2.75251  -3.89491  -5.11075  -6.39079  -7.72778  -9.11657 -10.55195 -12.03050 -13.54833 -15.10320 -16.69251 -18.31423 -19.96771 -21.64959
 505.84993    1.31303   1.19698   0.76207   0.09587  -0.73457  -1.69098  -2.74918  -3.89230  -5.10887  -6.38964  -7.72736  -9.11687 -10.55298 -12.03227 -13.55083 -15.10643 -16.69647 -18.31892 -19.97312 -21.65573
 506.25875    1.32010   1.20381   0.76833   0.10145  -0.72969  -1.68682  -2.74573  -3.88958  -5.10687  -6.38837  -7.72682  -9.11707 -10.55391 -12.03393 -13.55323 -15.10956 -16.70033 -18.32353 -19.97844 -21.66178
 506.66757    1.32732   1.21077   0.77471   0.10717  -0.72468  -1.68253  -2.74217  -3.88674  -5.10477  -6.38700  -7.72619  -9.11717 -10.55474 -12.03550 -13.55554 -15.11261 -16.70412 -18.32805 -19.98368 -21.66776
 507.07639    1.33466   1.21787   0.78123   0.11301  -0.71955  -1.67811  -2.73848  -3.88379  -5.10255  -6.38552  -7.72544  -9.11717 -10.55548 -12.03698 -13.55775 -15.11556 -16.70781 -18.33249 -19.98884 -21.67365
 507.48521    1.34215   1.22511   0.78788   0.11898  -0.71429  -1.67358  -2.73468  -3.88073  -5.10022  -6.38393  -7.72460  -9.11706 -10.55611 -12.03836 -13.55988 -15.11843 -16.71142 -18.33684 -19.99392 -21.67947
 507.89403    1.34977   1.23248   0.79466   0.12507  -0.70891  -1.66893  -2.73076  -3.87755  -5.09778  -6.38223  -7.72365  -9.11685 -10.55665 -12.03964 -13.56191 -15.12121 -16.71495 -18.34112 -19.99892 -21.68520
 508.30285    1.35753   1.23998   0.80157   0.13129  -0.70340  -1.66415  -2.72672  -3.87426  -5.09523  -6.38043  -7.72259  -9.11655 -10.55709 -12.04083 -13.56385 -15.12391 -16.71839 -18.34532 -20.00384 -21.69086
 508.71167    1.36542   1.24762   0.80861   0.13764  -0.69778  -1.65926  -2.72257  -3.87085  -5.09257  -6.37852  -7.72144  -9.11614 -10.55744 -12.04193 -13.56571 -15.12651 -16.72176 -18.34943 -20.00868 -21.69644
 509.12049    1.37345   1.25539   0.81577   0.14411  -0.69203  -1.65425  -2.71830  -3.86733  -5.08981  -6.37650  -7.72018  -9.11563 -10.55769 -12.04293 -13.56747 -15.12904 -16.72504 -18.35347 -20.01345 -21.70195
 509.52931    1.38161   1.26328   0.82307   0.15071  -0.68616  -1.64913  -2.71392  -3.86371  -5.08693  -6.37438  -7.71882  -9.11503 -10.55784 -12.04385 -13.56915 -15.13147 -16.72823 -18.35743 -20.01814 -21.70738
 509.93813    1.38990   1.27131   0.83049   0.15743  -0.68017  -1.64388  -2.70943  -3.85997  -5.08395  -6.37216  -7.71736  -9.11433 -10.55790 -12.04467 -13.57074 -15.13383 -16.73135 -18.36131 -20.02275 -21.71274
 510.34695    1.39833   1.27948   0.83803   0.16428  -0.67406  -1.63852  -2.70482  -3.85612  -5.08086  -6.36983  -7.71579  -9.11353 -10.55787 -12.04540 -13.57224 -15.13610 -16.73439 -18.36511 -20.02729 -21.71802
 510.75577    1.40688   1.28777   0.84571   0.17124  -0.66783  -1.63304  -2.70009  -3.85216  -5.07766  -6.36740  -7.71413  -9.11263 -10.55774 -12.04604 -13.57365 -15.13828 -16.73735 -18.36884 -20.03175 -21.72322
 511.16459    1.41557   1.29618   0.85351   0.17833  -0.66149  -1.62745  -2.69526  -3.84810  -5.07436  -6.36487  -7.71238  -9.11164 -10.55752 -12.04660 -13.57499 -15.14039 -16.74023 -18.37249 -20.03614 -21.72836
 511.57341    1.42439   1.30473   0.86143   0.18554  -0.65502  -1.62174  -2.69031  -3.84392  -5.07096  -6.36223  -7.71052  -9.11055 -10.55721 -12.04706 -13.57623 -15.14241 -16.74303 -18.37607 -20.04045 -21.73342
 511.98223    1.43334   1.31341   0.86948   0.19287  -0.64844  -1.61592  -2.68526  -3.83964  -5.06745  -6.35950  -7.70856  -9.10937 -10.55681 -12.04744 -13.57739 -15.14436 -16.74575 -18.37957 -20.04469 -21.73841
 512.39105    1.44242   1.32221   0.87765   0.20032  -0.64174  -1.60999  -2.68009  -3.83525  -5.06383  -6.35666  -7.70651  -9.10810 -10.55632 -12.04773 -13.57847 -15.14622 -16.74840 -18.38300 -20.04886 -21.74333
 512.79987    1.45163   1.33114   0.88595   0.20789  -0.63492  -1.60394  -2.67481  -3.83076  -5.06012  -6.35373  -7.70437  -9.10673 -10.55574 -12.04793 -13.57947 -15.14800 -16.75097 -18.38636 -20.05296 -21.74817
 513.20869    1.46097   1.34020   0.89436   0.21558  -0.62799  -1.59778  -2.66943  -3.82616  -5.05630  -6.35069  -7.70212  -9.10527 -10.55507 -12.04805 -13.58038 -15.14971 -16.75347 -18.38965 -20.05699 -21.75295
 513.61751    1.47044   1.34938   0.90290   0.22339  -0.62095  -1.59151  -2.66393  -3.82145  -5.05238  -6.34756  -7.69978  -9.10372 -10.55431 -12.04808 -13.58121 -15.15134 -16.75589 -18.39286 -20.06095 -21.75766
 514.02633    1.48003   1.35869   0.91157   0.23132  -0.61378  -1.58512  -2.65833  -3.81665  -5.04836  -6.34433  -7.69735  -9.10208 -10.55347 -12.04803 -13.58196 -15.15289 -16.75824 -18.39600 -20.06483 -21.76230
 514.43515    1.48975   1.36812   0.92035   0.23936  -0.60651  -1.57863  -2.65262  -3.81173  -5.04424  -6.34100  -7.69483  -9.10034 -10.55253 -12.04789 -13.58263 -15.15436 -16.76051 -18.39908 -20.06865 -21.76687
 514.84397    1.49959   1.37768   0.92925   0.24752  -0.59912  -1.57203  -2.64680  -3.80672  -5.04001  -6.33757  -7.69221  -9.09852 -10.55151 -12.04767 -13.58322 -15.15576 -16.76272 -18.40208 -20.07240 -21.77138
 515.25280    1.50956   1.38735   0.93827   0.25580  -0.59162  -1.56532  -2.64088  -3.80160  -5.03569  -6.33405  -7.68950  -9.09661 -10.55041 -12.04736 -13.58373 -15.15708 -16.76485 -18.40501 -20.07608 -21.77581
 515.66162    1.51966   1.39716   0.94741   0.26419  -0.58401  -1.55849  -2.63485  -3.79638  -5.03127  -6.33044  -7.68669  -9.09460 -10.54921 -12.04698 -13.58417 -15.15832 -16.76691 -18.40788 -20.07970 -21.78018
 516.07044    1.52988   1.40708   0.95667   0.27270  -0.57628  -1.55156  -2.62872  -3.79105  -5.02675  -6.32672  -7.68380  -9.09251 -10.54794 -12.04651 -13.58452 -15.15950 -16.76889 -18.41068 -20.08325 -21.78449
 516.47926    1.54023   1.41713   0.96605   0.28132  -0.56845  -1.54453  -2.62248  -3.78563  -5.02214  -6.32292  -7.68081  -9.09033 -10.54658 -12.04596 -13.58480 -15.16060 -16.77081 -18.41341 -20.08673 -21.78873
 516.88808    1.55070   1.42730   0.97554   0.29006  -0.56050  -1.53738  -2.61614  -3.78011  -5.01742  -6.31902  -7.67774  -9.08807 -10.54513 -12.04533 -13.58500 -15.16162 -16.77266 -18.41607 -20.09015 -21.79290
 517.29690    1.56129   1.43758   0.98516   0.29891  -0.55245  -1.53013  -2.60969  -3.77449  -5.01261  -6.31502  -7.67457  -9.08572 -10.54361 -12.04462 -13.58513 -15.16257 -16.77444 -18.41867 -20.09350 -21.79702
 517.70572    1.57200   1.44799   0.99489   0.30787  -0.54428  -1.52278  -2.60314  -3.76876  -5.00771  -6.31094  -7.67132  -9.08328 -10.54200 -12.04384 -13.58518 -15.16346 -16.77615 -18.42121 -20.09679 -21.80106
 518.11454    1.58284   1.45852   1.00473   0.31695  -0.53601  -1.51531  -2.59649  -3.76294  -5.00271  -6.30676  -7.66797  -9.08076 -10.54031 -12.04297 -13.58516 -15.16427 -16.77779 -18.42368 -20.10002 -21.80505
 518.52336    1.59380   1.46917   1.01469   0.32613  -0.52763  -1.50775  -2.58974  -3.75702  -4.99761  -6.30249  -7.66454  -9.07815 -10.53853 -12.04203 -13.58506 -15.16501 -16.77937 -18.42608 -20.10318 -21.80897
 518.93218    1.60488   1.47993   1.02476   0.33543  -0.51914  -1.50007  -2.58289  -3.75101  -4.99242  -6.29813  -7.66103  -9.07546 -10.53668 -12.04100 -13.58488 -15.16568 -16.78088 -18.42843 -20.10628 -21.81284
 519.34100    1.61607   1.49082   1.03495   0.34484  -0.51054  -1.49230  -2.57593  -3.74489  -4.98714  -6.29368  -7.65742  -9.07268 -10.53475 -12.03991 -13.58464 -15.16628 -16.78233 -18.43071 -20.10932 -21.81664
 519.74982    1.62739   1.50182   1.04525   0.35436  -0.50184  -1.48442  -2.56888  -3.73868  -4.98176  -6.28914  -7.65373  -9.06982 -10.53274 -12.03873 -13.58432 -15.16681 -16.78370 -18.43292 -20.11230 -21.82038
 520.15864    1.63883   1.51294   1.05567   0.36399  -0.49303  -1.47644  -2.56173  -3.73238  -4.97629  -6.28451  -7.64995  -9.06688 -10.53064 -12.03748 -13.58393 -15.16727 -16.78502 -18.43508 -20.11521 -21.82406
 520.56746    1.65039   1.52417   1.06620   0.37373  -0.48411  -1.46836  -2.55447  -3.72598  -4.97073  -6.27979  -7.64609  -9.06386 -10.52847 -12.03615 -13.58347 -15.16767 -16.78627 -18.43717 -20.11807 -21.82768
 520.97628    1.66206   1.53552   1.07684   0.38357  -0.47509  -1.46017  -2.54712  -3.71948  -4.96508  -6.27499  -7.64215  -9.06076 -10.52623 -12.03475 -13.58294 -15.16799 -16.78746 -18.43921 -20.12087 -21.83124
 521.38510    1.67386   1.54699   1.08759   0.39353  -0.46596  -1.45189  -2.53968  -3.71290  -4.95934  -6.27009  -7.63812  -9.05757 -10.52390 -12.03328 -13.58234 -15.16826 -16.78858 -18.44118 -20.12361 -21.83475
 521.79392    1.68577   1.55857   1.09845   0.40359  -0.45674  -1.44350  -2.53213  -3.70621  -4.95350  -6.26511  -7.63401  -9.05431 -10.52150 -12.03173 -13.58167 -15.16845 -16.78964 -18.44310 -20.12629 -21.83819
 522.20274    1.69779   1.57027   1.10942   0.41376  -0.44740  -1.43502  -2.52449  -3.69944  -4.94758  -6.26004  -7.62981  -9.05096 -10.51902 -12.03011 -13.58093 -15.16858 -16.79064 -18.44496 -20.12891 -21.84158
 522.61156    1.70993   1.58208   1.12051   0.42403  -0.43797  -1.42643  -2.51675  -3.69257  -4.94157  -6.25489  -7.62553  -9.04754 -10.51647 -12.02841 -13.58012 -15.16865 -16.79158 -18.44676 -20.13148 -21.84491
 523.02038    1.72219   1.59400   1.13170   0.43441  -0.42843  -1.41775  -2.50891  -3.68561  -4.93547  -6.24965  -7.62117  -9.04403 -10.51384 -12.02665 -13.57924 -15.16865 -16.79246 -18.44850 -20.13398 -21.84819
 523.42920    1.73457   1.60603   1.14300   0.44490  -0.41879  -1.40896  -2.50098  -3.67856  -4.92928  -6.24433  -7.61673  -9.04045 -10.51114 -12.02481 -13.57830 -15.16859 -16.79328 -18.45018 -20.13644 -21.85141
 523.83802    1.74706   1.61818   1.15441   0.45549  -0.40905  -1.40008  -2.49296  -3.67141  -4.92300  -6.23892  -7.61221  -9.03680 -10.50837 -12.02291 -13.57729 -15.16847 -16.79403 -18.45181 -20.13884 -21.85458
 524.24684    1.75966   1.63044   1.16593   0.46619  -0.39921  -1.39111  -2.48484  -3.66418  -4.91664  -6.23343  -7.60761  -9.03306 -10.50552 -12.02093 -13.57621 -15.16828 -16.79473 -18.45338 -20.14118 -21.85769
 524.65566    1.77237   1.64281   1.17755   0.47699  -0.38927  -1.38203  -2.47663  -3.65686  -4.91019  -6.22785  -7.60293  -9.02925 -10.50259 -12.01888 -13.57507 -15.16803 -16.79538 -18.45490 -20.14347 -21.86075
 525.06448    1.78520   1.65529   1.18929   0.48789  -0.37923  -1.37286  -2.46832  -3.64944  -4.90365  -6.22219  -7.59817  -9.02536 -10.49960 -12.01676 -13.57386 -15.16772 -16.79596 -18.45636 -20.14570 -21.86375
 525.47330    1.79814   1.66789   1.20113   0.49890  -0.36909  -1.36359  -2.45993  -3.64194  -4.89703  -6.21645  -7.59333  -9.02140 -10.49653 -12.01458 -13.57259 -15.16735 -16.79648 -18.45777 -20.14788 -21.86670
 525.88212    1.81120   1.68059   1.21307   0.51000  -0.35885  -1.35423  -2.45144  -3.63435  -4.89032  -6.21063  -7.58842  -9.01736 -10.49339 -12.01233 -13.57126 -15.16691 -16.79695 -18.45913 -20.15001 -21.86960
 526.29094    1.82436   1.69340   1.22512   0.52122  -0.34851  -1.34477  -2.44285  -3.62668  -4.88353  -6.20473  -7.58342  -9.01325 -10.49019 -12.01001 -13.56986 -15.16642 -16.79737 -18.46043 -20.15209 -21.87245
 526.69976    1.83764   1.70632   1.23728   0.53253  -0.33808  -1.33522  -2.43418  -3.61891  -4.87665  -6.19875  -7.57835  -9.00906 -10.48691 -12.00762 -13.56839 -15.16587 -16.79772 -18.46168 -20.15411 -21.87524
 527.10858    1.85103   1.71935   1.24953   0.54394  -0.32754  -1.32558  -2.42542  -3.61106  -4.86969  -6.19268  -7.57321  -9.00480 -10.48356 -12.00517 -13.56687 -15.16526 -16.79803 -18.46288 -20.15609 -21.87799
 527.51741    1.86453   1.73249   1.26190   0.55545  -0.31691  -1.31584  -2.41656  -3.60312  -4.86265  -6.18654  -7.56798  -9.00047 -10.48014 -12.00265 -13.56528 -15.16459 -16.79827 -18.46402 -20.15801 -21.88068
 527.92623    1.87813   1.74573   1.27436   0.56707  -0.30619  -1.30601  -2.40762  -3.59510  -4.85553  -6.18032  -7.56269  -8.99607 -10.47666 -12.00006 -13.56363 -15.16387 -16.79847 -18.46512 -20.15988 -21.88333
 528.33505    1.89185   1.75908   1.28693   0.57878  -0.29537  -1.29608  -2.39859  -3.58699  -4.84832  -6.17401  -7.55731  -8.99159 -10.47310 -11.99741 -13.56192 -15.16308 -16.79861 -18.46616 -20.16170 -21.88592
 528.74387    1.90568   1.77254   1.29961   0.59059  -0.28445  -1.28607  -2.38947  -3.57880  -4.84103  -6.16763  -7.55187  -8.98704 -10.46948 -11.99469 -13.56016 -15.16224 -16.79869 -18.46716 -20.16348 -21.88847
 529.15269    1.91961   1.78610   1.31238   0.60250  -0.27344  -1.27596  -2.38026  -3.57052  -4.83366  -6.16118  -7.54635  -8.98243 -10.46579 -11.99192 -13.55833 -15.16135 -16.79873 -18.46810 -20.16520 -21.89097
 529.56151    1.93365   1.79977   1.32526   0.61451  -0.26233  -1.26577  -2.37096  -3.56216  -4.82621  -6.15464  -7.54075  -8.97774 -10.46204 -11.98907 -13.55644 -15.16039 -16.79871 -18.46900 -20.16688 -21.89342

# Minimas
 487.17661    1.14769 
 487.54131    1.04046 
 488.61272    0.62732 
 490.00167   -0.01448 
 491.55423   -0.82133 
 493.24952   -1.75598 
 495.08563   -2.79484 
 497.04722   -3.92155 
 499.18199   -5.12491 
 501.50294   -6.39613 
 504.04224   -7.72842 
 506.85218   -9.11718 
 509.99649  -10.55790 
 513.56469  -12.04808 
 517.77619  -13.58518 
 522.82780  -15.16866 
 529.21702  -16.79873 
 537.76720  -18.47743 
 547.43071  -20.19999 
 560.92596  -21.97222 

