        0.000000000000000       487.176608555166069
       10.000000000000000       487.175509238780251
       20.000000000000000       487.178096592091947
       30.000000000000000       487.187788830752083
       40.000000000000000       487.206771275069059
       50.000000000000000       487.237288639978544
       60.000000000000000       487.279516508325344
       70.000000000000000       487.332190195299631
       80.000000000000000       487.388512305638187
       90.000000000000000       487.459017365337900
      100.000000000000000       487.541306110847131
      110.000000000000000       487.620896489229892
      120.000000000000000       487.719390410513881
      130.000000000000000       487.818906589142443
      140.000000000000000       487.910811054458179
      150.000000000000000       488.020974046839115
      160.000000000000000       488.127361354530137
      170.000000000000000       488.247455897490454
      180.000000000000000       488.364711168688643
      190.000000000000000       488.487099800254384
      200.000000000000000       488.612724494607278
      210.000000000000000       488.740015073043537
      220.000000000000000       488.882875255801991
      230.000000000000000       489.011694106889252
      240.000000000000000       489.145451885733678
      250.000000000000000       489.283290718388457
      260.000000000000000       489.422311331892331
      270.000000000000000       489.563124994933105
      280.000000000000000       489.709696878012380
      290.000000000000000       489.851342239274402
      300.000000000000000       490.001669431571088
      310.000000000000000       490.150168337999105
      320.000000000000000       490.302338344653890
      330.000000000000000       490.452895726395468
      340.000000000000000       490.600356089547176
      350.000000000000000       490.761950416097989
      360.000000000000000       490.924013511917394
      370.000000000000000       491.081148290983833
      380.000000000000000       491.237409570886371
      390.000000000000000       491.397433081723932
      400.000000000000000       491.554227618061020
      410.000000000000000       491.725407366897116
      420.000000000000000       491.884120424238745
      430.000000000000000       492.048582753094081
      440.000000000000000       492.220676100365324
      450.000000000000000       492.385036089101391
      460.000000000000000       492.564314874368506
      470.000000000000000       492.725442132063904
      480.000000000000000       492.901147912684166
      490.000000000000000       493.077453123793248
      500.000000000000000       493.249522827728754
      510.000000000000000       493.421758432479123
      520.000000000000000       493.607245126054693
      530.000000000000000       493.791732471241630
      540.000000000000000       493.964413279146527
      550.000000000000000       494.144625596090350
      560.000000000000000       494.328215336905600
      570.000000000000000       494.512855344850891
      580.000000000000000       494.695893504403898
      590.000000000000000       494.876795790481196
      600.000000000000000       495.085633057303880
      610.000000000000000       495.269530837988498
      620.000000000000000       495.465856277707871
      630.000000000000000       495.652298028711527
      640.000000000000000       495.845671075852579
      650.000000000000000       496.043468572189227
      660.000000000000000       496.235917430603536
      670.000000000000000       496.436486727679608
      680.000000000000000       496.637221695764481
      690.000000000000000       496.838612889650506
      700.000000000000000       497.047219849839223
      710.000000000000000       497.246635883196234
      720.000000000000000       497.454507545194758
      730.000000000000000       497.673652943597119
      740.000000000000000       497.876454909761947
      750.000000000000000       498.096054231999176
      760.000000000000000       498.309404099411665
      770.000000000000000       498.520911627898897
      780.000000000000000       498.741228656705687
      790.000000000000000       498.953881527715339
      800.000000000000000       499.181994234892443
      810.000000000000000       499.397007354117818
      820.000000000000000       499.621783881459351
      830.000000000000000       499.851477026903808
      840.000000000000000       500.081029602556612
      850.000000000000000       500.302219695311294
      860.000000000000000       500.541701497478527
      870.000000000000000       500.777062530180274
      880.000000000000000       501.010968498056172
      890.000000000000000       501.248884871683856
      900.000000000000000       501.502944761707624
      910.000000000000000       501.736236612778100
      920.000000000000000       501.986518466130292
      930.000000000000000       502.234523369217300
      940.000000000000000       502.487772966059310
      950.000000000000000       502.736687431827932
      960.000000000000000       502.993786835552214
      970.000000000000000       503.248334224183907
      980.000000000000000       503.511603140371506
      990.000000000000000       503.777877368742054
     1000.000000000000000       504.042244207270357
     1010.000000000000000       504.308316539650036
     1020.000000000000000       504.581284028506957
     1030.000000000000000       504.852915319537715
     1040.000000000000000       505.129460721036082
     1050.000000000000000       505.410346266658848
     1060.000000000000000       505.693429199145328
     1070.000000000000000       505.980184423883429
     1080.000000000000000       506.270281730231488
     1090.000000000000000       506.556231242788328
     1100.000000000000000       506.852178628615718
     1110.000000000000000       507.158451130019671
     1120.000000000000000       507.458605782033089
     1130.000000000000000       507.763740637483636
     1140.000000000000000       508.075594737288043
     1150.000000000000000       508.388271254745860
     1160.000000000000000       508.706000198450624
     1170.000000000000000       509.018100996954161
     1180.000000000000000       509.341216767788126
     1190.000000000000000       509.672802839664655
     1200.000000000000000       509.996493716591146
     1210.000000000000000       510.352049688287707
     1220.000000000000000       510.694736537003394
     1230.000000000000000       511.031239026420280
     1240.000000000000000       511.384753110815268
     1250.000000000000000       511.725284084336351
     1260.000000000000000       512.122384972968689
     1270.000000000000000       512.490805004515209
     1280.000000000000000       512.807702607295482
     1290.000000000000000       513.234161435806186
     1300.000000000000000       513.564694194713297
     1310.000000000000000       513.955748975716801
     1320.000000000000000       514.335244338937741
     1330.000000000000000       514.740131301927931
     1340.000000000000000       515.139190464671060
     1350.000000000000000       515.586468147856976
     1360.000000000000000       516.011492459186684
     1370.000000000000000       516.394036730944663
     1380.000000000000000       516.852212943470818
     1390.000000000000000       517.360310713052286
     1400.000000000000000       517.776190088473754
     1410.000000000000000       518.190784829758854
     1420.000000000000000       518.716719175626054
     1430.000000000000000       519.187791710575425
     1440.000000000000000       519.648230839799680
     1450.000000000000000       520.125380167987373
     1460.000000000000000       520.655623852652866
     1470.000000000000000       521.188453815298658
     1480.000000000000000       521.668202358163057
     1490.000000000000000       522.276998378666576
     1500.000000000000000       522.827801000335285
     1510.000000000000000       523.388935790247615
     1520.000000000000000       523.908106377907416
     1530.000000000000000       524.403674150863480
     1540.000000000000000       525.135185349112021
     1550.000000000000000       525.647777850097441
     1560.000000000000000       526.227266106660409
     1570.000000000000000       527.054963560209444
     1580.000000000000000       527.699798580266133
     1590.000000000000000       528.442974870438093
     1600.000000000000000       529.217018194420120
     1610.000000000000000       529.668045810028048
     1620.000000000000000       530.711339246398097
     1630.000000000000000       531.010969456370503
     1640.000000000000000       532.011787654580303
     1650.000000000000000       532.775828177554786
     1660.000000000000000       533.671643841392893
     1670.000000000000000       534.509130457577385
     1680.000000000000000       535.908031682832871
     1690.000000000000000       536.634819007109741
     1700.000000000000000       537.767203661710369
     1710.000000000000000       537.770933825716384
     1720.000000000000000       538.987673459616644
     1730.000000000000000       540.587480332659197
     1740.000000000000000       541.335270152080739
     1750.000000000000000       542.832652111196353
     1760.000000000000000       543.904257172760140
     1770.000000000000000       544.201143859764102
     1780.000000000000000       544.573752912998998
     1790.000000000000000       545.779148278111393
     1800.000000000000000       547.430708619707616
     1810.000000000000000       547.505497344782498
     1820.000000000000000       548.661595092880475
     1830.000000000000000       551.350987777383011
     1840.000000000000000       552.594687859881560
     1850.000000000000000       556.060506679427363
     1860.000000000000000       556.515350689609704
     1870.000000000000000       554.253047414317962
     1880.000000000000000       558.090907901369292
     1890.000000000000000       561.756542359561649
     1900.000000000000000       560.925955479949380
     1910.000000000000000       563.273472518534163
     1920.000000000000000       560.494462684765494
     1930.000000000000000       563.444469985722321
     1940.000000000000000       568.154872346593947
     1950.000000000000000       565.451263217554924
     1960.000000000000000       568.101657140915790
     1970.000000000000000       565.497677759528301
     1980.000000000000000       557.796512523867364
     1990.000000000000000       563.439226735566990
