   0.000000000000000        48.397569275928376
  10.000000000000000        48.395231725607673
  20.000000000000000        48.374675655601827
  30.000000000000000        48.339045992042131
  40.000000000000000        48.285903253162900
  50.000000000000000        48.220440996520473
  60.000000000000000        48.144047573245800
  70.000000000000000        48.062369751260007
  80.000000000000000        47.975590039482412
  90.000000000000000        47.889621866706413
 100.000000000000000        47.793650447753009
 110.000000000000000        47.700556311490175
 120.000000000000000        47.601467720959846
 130.000000000000000        47.507467113870838
 140.000000000000000        47.403815298849395
 150.000000000000000        47.303329873644955
 160.000000000000000        47.209146515137668
 170.000000000000000        47.108906444762503
 180.000000000000000        46.997753263890687
 190.000000000000000        46.889812222745924
 200.000000000000000        46.792218904837185
 210.000000000000000        46.685018115590893
 220.000000000000000        46.573655442419827
 230.000000000000000        46.436393650067352
 240.000000000000000        46.356052275871818
 250.000000000000000        46.242228078509136
 260.000000000000000        46.135659829027070
 270.000000000000000        46.034396997888642
 280.000000000000000        45.907115978422965
 290.000000000000000        45.805218900199257
 300.000000000000000        45.673899165210649
 310.000000000000000        45.538745285770986
 320.000000000000000        45.409145497663289
 330.000000000000000        45.316287353317293
 340.000000000000000        45.198929028617613
 350.000000000000000        45.081695314267940
 360.000000000000000        44.985536830726538
 370.000000000000000        44.828355751427345
 380.000000000000000        44.653539024401795
 390.000000000000000        44.553802114500762
 400.000000000000000        44.426060989393072
 410.000000000000000        44.321424875565178
 420.000000000000000        44.160822934258867
 430.000000000000000        44.040577825123890
 440.000000000000000        43.910795571507009
 450.000000000000000        43.760312547795969
 460.000000000000000        43.644215071548842
 470.000000000000000        43.469117939001741
 480.000000000000000        43.338027320110825
 490.000000000000000        43.210295540835986
 500.000000000000000        43.068259525967122
 510.000000000000000        42.914942665390193
 520.000000000000000        42.766916667204505
 530.000000000000000        42.611493819756795
 540.000000000000000        42.450307514521015
 550.000000000000000        42.320168886049409
 560.000000000000000        42.158352455837971
 570.000000000000000        41.929543011652342
 580.000000000000000        41.819548279414640
 590.000000000000000        41.742907091519712
 600.000000000000000        41.465442438462993
 610.000000000000000        41.304996773130256
 620.000000000000000        41.203022813513492
 630.000000000000000        40.976238249261527
 640.000000000000000        40.859704036450026
 650.000000000000000        40.672339945020958
 660.000000000000000        40.485702399792785
 670.000000000000000        40.259973035148128
 680.000000000000000        40.160761307950665
 690.000000000000000        40.019019540933378
 700.000000000000000        39.793312853563577
 710.000000000000000        39.607167798666509
 720.000000000000000        39.365757847648005
 730.000000000000000        39.185261634720682
 740.000000000000000        39.006982518824110
 750.000000000000000        38.726303422262902
 760.000000000000000        38.614130389180893
 770.000000000000000        38.415024449843422
 780.000000000000000        38.202909726762599
 790.000000000000000        38.023204027035952
 800.000000000000000        37.761002114397208
 810.000000000000000        37.579625691628010
 820.000000000000000        37.346468379949116
 830.000000000000000        37.122650248635544
 840.000000000000000        36.848483226912435
 850.000000000000000        36.746790375698737
 860.000000000000000        36.596517711878022
 870.000000000000000        36.282701647826130
 880.000000000000000        36.061119427871240
 890.000000000000000        35.821998639460546
 900.000000000000000        35.609077451857360
 910.000000000000000        35.317731739528348
 920.000000000000000        35.180417583199471
 930.000000000000000        34.845628158548621
 940.000000000000000        34.549028668239849
 950.000000000000000        34.344550975878548
 960.000000000000000        34.042895432114989
 970.000000000000000        33.821889756191567
 980.000000000000000        33.471782884144268
 990.000000000000000        33.119204906372943
1000.000000000000000        33.030170312241118
1010.000000000000000        32.808335025043206
1020.000000000000000        32.306536902400502
1030.000000000000000        32.316238235150834
1040.000000000000000        31.841013863933060
1050.000000000000000        31.655702616253322
1060.000000000000000        31.135510921741762
1070.000000000000000        30.886682632652821
1080.000000000000000        30.687192592214778
1090.000000000000000        30.279942878916383
1100.000000000000000        30.448326721774599
1110.000000000000000        29.822370461175090
1120.000000000000000        29.491783545851437
1130.000000000000000        28.970637032496757
1140.000000000000000        28.642793098775275
1150.000000000000000        28.305057876678156
1160.000000000000000        27.994289461438814
1170.000000000000000        27.742346165819846
1180.000000000000000        27.160159433966303
1190.000000000000000        26.842869082768736
1200.000000000000000        26.597797596112549
1210.000000000000000        26.445903205980052
1220.000000000000000        25.738380716543794
1230.000000000000000        25.369187906080619
1240.000000000000000        25.131037254315867
1250.000000000000000        24.618882820515697
1260.000000000000000        23.888334606282715
1270.000000000000000        23.865657809654696
1280.000000000000000        23.507489927062831
1290.000000000000000        23.054853247395634
1300.000000000000000        22.921294104794306
1310.000000000000000        21.930800642489835
1320.000000000000000        21.049607002560702
1330.000000000000000        21.202288919917379
1340.000000000000000        20.753557961480976
1350.000000000000000        19.836359159690620
1360.000000000000000        19.812463092699918
1370.000000000000000        18.765277972092640
1380.000000000000000        18.070052083552739
1390.000000000000000        17.777860510828269
1400.000000000000000        17.297217310767675
1410.000000000000000        16.708940658358550
1420.000000000000000        16.262723213561578
1430.000000000000000        15.898785671233819
1440.000000000000000        15.129948819133471
1450.000000000000000        14.814916007798884
1460.000000000000000        13.631396045942312
1470.000000000000000        10.942878849712157
1480.000000000000000        13.040488810204385
1490.000000000000000        12.279691128202598
1500.000000000000000        11.296781471515406
1510.000000000000000        13.065461320650369
1520.000000000000000         9.689962984721088
1530.000000000000000         8.557216731970717
1540.000000000000000         9.581724106953315
1550.000000000000000         9.840723546590125
1560.000000000000000         7.845576653941874
1570.000000000000000         7.305252753334130
1580.000000000000000         8.938104588119831
1590.000000000000000         8.501366077251907
1600.000000000000000        10.624503378878552
1610.000000000000000         6.814912488235506
1620.000000000000000         8.373933860915081
1630.000000000000000         7.848230840897205
1640.000000000000000         7.704593003075467
1650.000000000000000         7.061762796794576
1660.000000000000000         8.341066140979748
1670.000000000000000         7.028343179877158
1680.000000000000000         6.547224425947859
1690.000000000000000         5.422161198639883
1700.000000000000000         5.699972997491679
1710.000000000000000         6.298563172762968
1720.000000000000000         5.079793317224812
1730.000000000000000         5.059262722528310
1740.000000000000000         6.552942610905476
1750.000000000000000         6.113754846179211
1760.000000000000000         6.318088907382880
1770.000000000000000         5.898547383814719
1780.000000000000000         5.521863685213819
1790.000000000000000         5.452646029198612
1800.000000000000000         6.408885769587275
1810.000000000000000         4.173497862507343
1820.000000000000000         5.783528303326976
1830.000000000000000         6.166905773524815
1840.000000000000000         4.647862422466551
1850.000000000000000         5.399107209185138
1860.000000000000000         6.605143477503701
1870.000000000000000         6.210644278153162
1880.000000000000000         5.700468654737310
1890.000000000000000         4.276828506484139
1900.000000000000000         5.162405499729076
1910.000000000000000         5.220219875928898
1920.000000000000000         4.342472509456083
1930.000000000000000         4.165329367110602
1940.000000000000000         4.400230147600766
1950.000000000000000         3.546199047276602
1960.000000000000000         3.882283331241707
1970.000000000000000         5.656301416671540
1980.000000000000000         5.311461277408121
1990.000000000000000         7.112322730390289
