   0.000000000000000    0.000000000000000
  10.000000000000000    1.880630337540468
  20.000000000000000   12.116177617389031
  30.000000000000000   26.251685485113683
  40.000000000000000   41.172776755115443
  50.000000000000000   55.442728236927628
  60.000000000000000   68.090125900872508
  70.000000000000000   78.800151160400361
  80.000000000000000   87.706010555246792
  90.000000000000000   95.086969980589501
 100.000000000000000  101.243352610698622
 110.000000000000000  106.440751815608095
 120.000000000000000  110.878633451036308
 130.000000000000000  114.701823923546129
 140.000000000000000  118.012427521853041
 150.000000000000000  120.938204528864375
 160.000000000000000  123.518963358660358
 170.000000000000000  125.761213128837241
 180.000000000000000  127.757236363897604
 190.000000000000000  129.603741578052905
 200.000000000000000  131.213212160911127
 210.000000000000000  132.634754624458765
 220.000000000000000  133.841321830619677
 230.000000000000000  135.208289555708689
 240.000000000000000  136.433447760279932
 250.000000000000000  137.282615178186632
 260.000000000000000  138.249492330523907
 270.000000000000000  139.008786989938557
 280.000000000000000  139.763662800622427
 290.000000000000000  140.449277931156075
 300.000000000000000  140.987891362787479
 310.000000000000000  141.570171108747275
 320.000000000000000  142.415548289505352
 330.000000000000000  142.961585222015287
 340.000000000000000  143.302018608033080
 350.000000000000000  144.011294143161507
 360.000000000000000  144.131590936844134
 370.000000000000000  143.949592131392450
 380.000000000000000  144.964984205475503
 390.000000000000000  145.685923773720390
 400.000000000000000  145.788410151576500
 410.000000000000000  146.076519942428575
 420.000000000000000  146.218856620896076
 430.000000000000000  146.717497892906550
 440.000000000000000  146.836313691235546
 450.000000000000000  147.136907807363087
 460.000000000000000  147.285181984054020
 470.000000000000000  147.471801240233020
 480.000000000000000  148.111346006382007
 490.000000000000000  148.257411265840062
 500.000000000000000  148.278446426529342
 510.000000000000000  148.436756486435371
 520.000000000000000  148.714043334722163
 530.000000000000000  148.789347575777896
 540.000000000000000  149.398115082155755
 550.000000000000000  149.662310951251413
 560.000000000000000  148.893435440293104
 570.000000000000000  149.743570246121806
 580.000000000000000  150.725607734093103
 590.000000000000000  149.620844081224078
 600.000000000000000  149.751402311101288
 610.000000000000000  151.234257018715567
 620.000000000000000  150.077596414913501
 630.000000000000000  150.542019610762253
 640.000000000000000  151.909415092607873
 650.000000000000000  150.671502879492778
 660.000000000000000  150.630704231555768
 670.000000000000000  151.947082628235734
 680.000000000000000  152.527594727166871
 690.000000000000000  151.850234249580495
 700.000000000000000  152.045481987618103
 710.000000000000000  151.512788359708907
 720.000000000000000  151.247918632883625
 730.000000000000000  152.376069668007204
 740.000000000000000  152.382139016165837
 750.000000000000000  152.692187066461173
 760.000000000000000  153.453258404283133
 770.000000000000000  153.404892829135576
 780.000000000000000  153.395313836248874
 790.000000000000000  153.221556181033748
 800.000000000000000  153.076996580354006
 810.000000000000000  153.367171592117444
 820.000000000000000  154.394954287216393
 830.000000000000000  154.138633085153145
 840.000000000000000  154.430322156793522
 850.000000000000000  156.532588105234510
 860.000000000000000  154.695034924667311
 870.000000000000000  153.546409309113386
 880.000000000000000  155.170414286669484
 890.000000000000000  156.184398016020566
 900.000000000000000  155.276762038248279
 910.000000000000000  154.889667353230095
 920.000000000000000  155.995174196799383
 930.000000000000000  156.034548911574234
 940.000000000000000  156.766859937358703
 950.000000000000000  157.050368585127984
 960.000000000000000  155.865587535985128
 970.000000000000000  155.301518228879047
 980.000000000000000  157.408931548791884
 990.000000000000000  158.650060171353772
1000.000000000000000  158.062836342889682
1010.000000000000000  157.906807846332981
1020.000000000000000  158.316165065610051
1030.000000000000000  157.828791297944065
1040.000000000000000  158.817816213596274
1050.000000000000000  158.788653214629875
1060.000000000000000  158.127303972330367
1070.000000000000000  160.380674220485702
1080.000000000000000  161.843597278246676
1090.000000000000000  162.662839901497136
1100.000000000000000  160.787734858998618
1110.000000000000000  160.417094723801284
1120.000000000000000  160.533470852721223
1130.000000000000000  161.670351762779177
1140.000000000000000  164.230614464762056
1150.000000000000000  161.422384435439227
1160.000000000000000  161.165766389724467
1170.000000000000000  164.775380248608485
1180.000000000000000  166.072352048881470
1190.000000000000000  163.679996323779278
1200.000000000000000  163.017279223587508
1210.000000000000000  167.232220095381990
1220.000000000000000  168.272058644629880
1230.000000000000000  167.261204947563925
1240.000000000000000  167.983777755774810
1250.000000000000000  172.892325237287821
1260.000000000000000  168.060954262184083
1270.000000000000000  166.060693896923596
1280.000000000000000  168.601655426727120
1290.000000000000000  168.530655102825932
1300.000000000000000  178.815959445591830
1310.000000000000000  179.730823623474606
1320.000000000000000  171.761693212212322
1330.000000000000000  168.235745600631020
1340.000000000000000  179.007067381168213
1350.000000000000000  177.583387158430810
1360.000000000000000  179.747970250852831
1370.000000000000000  187.145441921711807
1380.000000000000000  180.868291772020626
1390.000000000000000  182.945116566303682
1400.000000000000000  184.582395105957147
1410.000000000000000  182.197526250409794
1420.000000000000000  185.596935677033457
1430.000000000000000  194.135584396611165
1440.000000000000000  188.606646506752043
1450.000000000000000  199.046637648006481
1460.000000000000000  257.433523400397632
1470.000000000000000  189.666840308635130
1480.000000000000000  137.669996049312346
1490.000000000000000  208.284601311490121
1500.000000000000000  155.509630200400181
1510.000000000000000  218.292367389547053
1520.000000000000000  299.536216994828578
1530.000000000000000  179.621171433931124
1540.000000000000000  138.175701510186428
1550.000000000000000  229.785321053191751
1560.000000000000000  251.806198241586486
1570.000000000000000  143.955854324005458
1580.000000000000000  142.903909167610124
1590.000000000000000  126.821664494568452
1600.000000000000000  238.447783821260430
1610.000000000000000  246.312845862184929
1620.000000000000000  141.236181435460196
1630.000000000000000  194.058170569108427
1640.000000000000000  202.348269156946060
1650.000000000000000  154.998738845714030
1660.000000000000000  179.054708129212571
1670.000000000000000  245.582533586874973
1680.000000000000000  239.217985218983785
1690.000000000000000  210.742096962084702
1700.000000000000000  138.726879295714241
1710.000000000000000  199.575503427898440
1720.000000000000000  224.376158299448832
1730.000000000000000  123.886267126078835
1740.000000000000000  138.796912586346309
1750.000000000000000  177.672738238591592
1760.000000000000000  178.824618496143017
1770.000000000000000  205.214572135957724
1780.000000000000000  196.606218781075540
1790.000000000000000  145.409501622134002
1800.000000000000000  225.694203930189019
1810.000000000000000  188.988748269921388
1820.000000000000000   98.524924346028911
1830.000000000000000  210.726182312428165
1840.000000000000000  196.558807594773810
1850.000000000000000   99.859723219005957
1860.000000000000000  134.593872924816992
1870.000000000000000  211.227994558013165
1880.000000000000000  239.019382316035632
1890.000000000000000  183.315343145659654
1900.000000000000000  141.144811258793794
1910.000000000000000  192.297545528095981
1920.000000000000000  193.250631234304109
1930.000000000000000  162.320997315573777
1940.000000000000000  179.682400460079123
1950.000000000000000  169.145787073898134
1960.000000000000000  119.546444000778379
1970.000000000000000  125.111943299104723
1980.000000000000000  126.382713481545878
1990.000000000000000  131.822213722212808
