   0.000000000000000    0.000000000000000
  10.000000000000000   -0.000021273253853
  20.000000000000000   -0.000069755264550
  30.000000000000000   -0.000004031677370
  40.000000000000000    0.000135991317226
  50.000000000000000    0.000296596533069
  60.000000000000000    0.000447801718076
  70.000000000000000    0.000578794610577
  80.000000000000000    0.000688755278781
  90.000000000000000    0.000780867738577
 100.000000000000000    0.000857960013266
 110.000000000000000    0.000923721755168
 120.000000000000000    0.000980063904215
 130.000000000000000    0.001029461808260
 140.000000000000000    0.001072524850356
 150.000000000000000    0.001110838145201
 160.000000000000000    0.001145102769741
 170.000000000000000    0.001175998473875
 180.000000000000000    0.001203299058477
 190.000000000000000    0.001228283978245
 200.000000000000000    0.001251235267931
 210.000000000000000    0.001271864951662
 220.000000000000000    0.001290750240418
 230.000000000000000    0.001307058889034
 240.000000000000000    0.001324905199597
 250.000000000000000    0.001339959835806
 260.000000000000000    0.001354354154678
 270.000000000000000    0.001368005964130
 280.000000000000000    0.001380108519493
 290.000000000000000    0.001392217962694
 300.000000000000000    0.001402859405111
 310.000000000000000    0.001413008676783
 320.000000000000000    0.001422508340606
 330.000000000000000    0.001433736791272
 340.000000000000000    0.001442534654189
 350.000000000000000    0.001452103856519
 360.000000000000000    0.001461839940793
 370.000000000000000    0.001468931347332
 380.000000000000000    0.001474751402427
 390.000000000000000    0.001485182474749
 400.000000000000000    0.001492600789169
 410.000000000000000    0.001501379888172
 420.000000000000000    0.001508287301626
 430.000000000000000    0.001515957801261
 440.000000000000000    0.001523694916942
 450.000000000000000    0.001530353962479
 460.000000000000000    0.001538099880766
 470.000000000000000    0.001544087843798
 480.000000000000000    0.001551459431966
 490.000000000000000    0.001559193463370
 500.000000000000000    0.001566084323982
 510.000000000000000    0.001572864237365
 520.000000000000000    0.001579466331900
 530.000000000000000    0.001586511269177
 540.000000000000000    0.001592559566084
 550.000000000000000    0.001601289355677
 560.000000000000000    0.001607578433447
 570.000000000000000    0.001612556249542
 580.000000000000000    0.001621483007462
 590.000000000000000    0.001629482123759
 600.000000000000000    0.001633624794165
 610.000000000000000    0.001641557234281
 620.000000000000000    0.001650452905292
 630.000000000000000    0.001653697463254
 640.000000000000000    0.001663746351724
 650.000000000000000    0.001671105969864
 660.000000000000000    0.001676481074843
 670.000000000000000    0.001683272897033
 680.000000000000000    0.001692484831299
 690.000000000000000    0.001700634060384
 700.000000000000000    0.001707250951156
 710.000000000000000    0.001715590247960
 720.000000000000000    0.001720173974475
 730.000000000000000    0.001727382864242
 740.000000000000000    0.001734929469319
 750.000000000000000    0.001741780502086
 760.000000000000000    0.001749854181996
 770.000000000000000    0.001758465418368
 780.000000000000000    0.001766019846263
 790.000000000000000    0.001774245823156
 800.000000000000000    0.001780985038206
 810.000000000000000    0.001788512992725
 820.000000000000000    0.001795687428705
 830.000000000000000    0.001805509164740
 840.000000000000000    0.001811682976105
 850.000000000000000    0.001821910851766
 860.000000000000000    0.001832795574700
 870.000000000000000    0.001838250465495
 880.000000000000000    0.001846166130018
 890.000000000000000    0.001855075711038
 900.000000000000000    0.001864946680999
 910.000000000000000    0.001871483695218
 920.000000000000000    0.001880216495692
 930.000000000000000    0.001888831956462
 940.000000000000000    0.001897324646447
 950.000000000000000    0.001907137169497
 960.000000000000000    0.001915858802758
 970.000000000000000    0.001922965156883
 980.000000000000000    0.001930301273604
 990.000000000000000    0.001941222798459
1000.000000000000000    0.001950562779525
1010.000000000000000    0.001960005088142
1020.000000000000000    0.001968708285342
1030.000000000000000    0.001978546661328
1040.000000000000000    0.001986046688661
1050.000000000000000    0.001997272529725
1060.000000000000000    0.002004368975349
1070.000000000000000    0.002014152105040
1080.000000000000000    0.002024606047219
1090.000000000000000    0.002036306416767
1100.000000000000000    0.002047557937288
1110.000000000000000    0.002055903652605
1120.000000000000000    0.002066196672595
1130.000000000000000    0.002074343819522
1140.000000000000000    0.002085876550823
1150.000000000000000    0.002097174461154
1160.000000000000000    0.002104358001523
1170.000000000000000    0.002114907796024
1180.000000000000000    0.002126411727930
1190.000000000000000    0.002138052473925
1200.000000000000000    0.002146026881871
1210.000000000000000    0.002156383702658
1220.000000000000000    0.002168844055230
1230.000000000000000    0.002179749384855
1240.000000000000000    0.002190401984708
1250.000000000000000    0.002201444141646
1260.000000000000000    0.002216412173582
1270.000000000000000    0.002221872460814
1280.000000000000000    0.002234172088362
1290.000000000000000    0.002241556709731
1300.000000000000000    0.002253061859195
1310.000000000000000    0.002268514922141
1320.000000000000000    0.002279554092542
1330.000000000000000    0.002287556761331
1340.000000000000000    0.002295198178241
1350.000000000000000    0.002309939136443
1360.000000000000000    0.002315734595004
1370.000000000000000    0.002330192732588
1380.000000000000000    0.002339199151365
1390.000000000000000    0.002348339635392
1400.000000000000000    0.002356948801230
1410.000000000000000    0.002365214111339
1420.000000000000000    0.002371359332594
1430.000000000000000    0.002379051042466
1440.000000000000000    0.002385856260085
1450.000000000000000    0.002389971905716
1460.000000000000000    0.002395621685241
1470.000000000000000    0.002396601610245
1480.000000000000000    0.002398999518561
1490.000000000000000    0.002398878509450
1500.000000000000000    0.002395480925894
1510.000000000000000    0.002399744700899
1520.000000000000000    0.002379048811418
1530.000000000000000    0.002357427472375
1540.000000000000000    0.002368079156542
1550.000000000000000    0.002364036536236
1560.000000000000000    0.002323943865293
1570.000000000000000    0.002299837576988
1580.000000000000000    0.002328714136017
1590.000000000000000    0.002305850184737
1600.000000000000000    0.002344121896779
1610.000000000000000    0.002226513913137
1620.000000000000000    0.002269644974639
1630.000000000000000    0.002235878981204
1640.000000000000000    0.002225418854375
1650.000000000000000    0.002175982853403
1660.000000000000000    0.002219933830147
1670.000000000000000    0.002138482335262
1680.000000000000000    0.002093776970051
1690.000000000000000    0.001995999648381
1700.000000000000000    0.001987538397358
1710.000000000000000    0.002015888776522
1720.000000000000000    0.001889401318844
1730.000000000000000    0.001860380073562
1740.000000000000000    0.001944661469100
1750.000000000000000    0.001883366975154
1760.000000000000000    0.001884924018840
1770.000000000000000    0.001816952261441
1780.000000000000000    0.001750718860351
1790.000000000000000    0.001692565573589
1800.000000000000000    0.001761399982181
1810.000000000000000    0.001465939392061
1820.000000000000000    0.001632304932322
1830.000000000000000    0.001630323119733
1840.000000000000000    0.001431674852306
1850.000000000000000    0.001456578221902
1860.000000000000000    0.001611618411341
1870.000000000000000    0.001505842023493
1880.000000000000000    0.001392511645803
1890.000000000000000    0.001126029575332
1900.000000000000000    0.001212924689896
1910.000000000000000    0.001167953534605
1920.000000000000000    0.000973020850342
1930.000000000000000    0.000865229427225
1940.000000000000000    0.000867231342159
1950.000000000000000    0.000604915855641
1960.000000000000000    0.000624549658097
1970.000000000000000    0.000945330343689
1980.000000000000000    0.000810175302005
1990.000000000000000    0.001126350540280
