   0.000000000000000         0.000000000000000
  10.000000000000000        -1.499000950579094
  20.000000000000000        -0.496152788656076
  30.000000000000000         0.017271401778583
  40.000000000000000         0.277413143873554
  50.000000000000000         0.480820198127938
  60.000000000000000         0.611347854814717
  70.000000000000000         0.683185154136295
  80.000000000000000         0.798550231850991
  90.000000000000000         0.813460652745966
 100.000000000000000         0.808161418065257
 110.000000000000000         0.824279403623518
 120.000000000000000         0.861885165899203
 130.000000000000000         0.881494467903320
 140.000000000000000         0.867095892634071
 150.000000000000000         0.920940342296423
 160.000000000000000         0.963535747986647
 170.000000000000000         0.909474773855922
 180.000000000000000         0.874253700232684
 190.000000000000000         0.944631114878579
 200.000000000000000         0.929034990106253
 210.000000000000000         0.881709599461261
 220.000000000000000         0.749683639918355
 230.000000000000000         0.964145307334529
 240.000000000000000         1.108640458088097
 250.000000000000000         0.956043681273021
 260.000000000000000         1.013321781781557
 270.000000000000000         0.944627358338505
 280.000000000000000         0.937525887865980
 290.000000000000000         0.922475967564959
 300.000000000000000         0.837038642353392
 310.000000000000000         0.826856671276595
 320.000000000000000         1.034401506385986
 330.000000000000000         1.045334210396564
 340.000000000000000         0.946668473539123
 350.000000000000000         1.104011645682421
 360.000000000000000         0.913021230452172
 370.000000000000000         0.578139058194346
 380.000000000000000         0.947005033319693
 390.000000000000000         1.139656663054063
 400.000000000000000         1.011302521694647
 410.000000000000000         0.992109537401254
 420.000000000000000         0.911928090747155
 430.000000000000000         1.010317808835642
 440.000000000000000         0.936294529952937
 450.000000000000000         0.952294599799071
 460.000000000000000         0.907104547013769
 470.000000000000000         0.884764878143674
 480.000000000000000         1.048459934276485
 490.000000000000000         1.014109521509712
 500.000000000000000         0.937814842129885
 510.000000000000000         0.918584064079269
 520.000000000000000         0.945417007834457
 530.000000000000000         0.902388697983891
 540.000000000000000         1.044090105758396
 550.000000000000000         1.065520051150363
 560.000000000000000         0.758156952607221
 570.000000000000000         0.971418989667460
 580.000000000000000         1.214776539859639
 590.000000000000000         0.831676378911026
 600.000000000000000         0.822725033107771
 610.000000000000000         1.194675913945492
 620.000000000000000         0.827152418641040
 630.000000000000000         0.911870909061751
 640.000000000000000         1.226768255162246
 650.000000000000000         0.864304327693852
 660.000000000000000         0.817893150516493
 670.000000000000000         1.101240255302316
 680.000000000000000         1.199065930505332
 690.000000000000000         1.001446552540194
 700.000000000000000         1.009023566204319
 710.000000000000000         0.855926618386144
 720.000000000000000         0.768545489078476
 730.000000000000000         0.978177166319324
 740.000000000000000         0.947661134300197
 750.000000000000000         0.977503108259333
 760.000000000000000         1.098007160629032
 770.000000000000000         1.055211654189369
 780.000000000000000         1.021855363516621
 790.000000000000000         0.960242649641642
 800.000000000000000         0.905332831968127
 810.000000000000000         0.930397786196334
 820.000000000000000         1.079541614896736
 830.000000000000000         1.005534108268642
 840.000000000000000         1.025043377909070
 850.000000000000000         1.335769859169116
 860.000000000000000         1.014006380736811
 870.000000000000000         0.810397029063102
 880.000000000000000         1.031538078293200
 890.000000000000000         1.152368461148160
 900.000000000000000         0.992848453870254
 910.000000000000000         0.912621080182963
 920.000000000000000         1.042876664913738
 930.000000000000000         1.018960699198554
 940.000000000000000         1.087332411645207
 950.000000000000000         1.097010429482585
 960.000000000000000         0.920445361958731
 970.000000000000000         0.830033384102277
 980.000000000000000         1.058382363032507
 990.000000000000000         1.172137601613450
1000.000000000000000         1.082296317754211
1010.000000000000000         1.039444442679426
1020.000000000000000         1.051094304903861
1030.000000000000000         0.981808652802762
1040.000000000000000         1.055005435409020
1050.000000000000000         1.028001654798506
1060.000000000000000         0.931013705256977
1070.000000000000000         1.125844599702924
1080.000000000000000         1.238740043737423
1090.000000000000000         1.277481800052812
1100.000000000000000         1.093765564994951
1110.000000000000000         1.023234974920324
1120.000000000000000         1.006301126976710
1130.000000000000000         1.068970795217220
1140.000000000000000         1.247584668509116
1150.000000000000000         0.992709227266647
1160.000000000000000         0.949060419574910
1170.000000000000000         1.198418257749780
1180.000000000000000         1.250056738072445
1190.000000000000000         1.047639786671402
1200.000000000000000         0.978578836533826
1210.000000000000000         1.246071168023174
1220.000000000000000         1.262632406822158
1230.000000000000000         1.162937073852668
1240.000000000000000         1.181019803116014
1250.000000000000000         1.435680978205769
1260.000000000000000         1.094168106695244
1270.000000000000000         0.967589337035117
1280.000000000000000         1.079597468479180
1290.000000000000000         1.042580461985000
1300.000000000000000         1.562391136326906
1310.000000000000000         1.517543927632950
1320.000000000000000         1.063729952297570
1330.000000000000000         0.894158609880849
1340.000000000000000         1.352570364304958
1350.000000000000000         1.213298385759211
1360.000000000000000         1.290628198059573
1370.000000000000000         1.496478103352918
1380.000000000000000         1.188810208037217
1390.000000000000000         1.231730434354544
1400.000000000000000         1.242321465052123
1410.000000000000000         1.106615299383627
1420.000000000000000         1.176122354153335
1430.000000000000000         1.404663841085178
1440.000000000000000         1.159824085749501
1450.000000000000000         1.424285781118300
1460.000000000000000         2.821429422648263
1470.000000000000000         0.837788864166348
1480.000000000000000        -0.287515326307444
1490.000000000000000         1.354715697171184
1500.000000000000000         0.128471114107475
1510.000000000000000         1.662903938699934
1520.000000000000000         2.691071667704649
1530.000000000000000         0.478425655898831
1540.000000000000000        -0.198574235220974
1550.000000000000000         1.442746418430856
1560.000000000000000         1.480550563441259
1570.000000000000000        -0.075449556711697
1580.000000000000000        -0.107515082821672
1590.000000000000000        -0.352243560674358
1600.000000000000000         1.684792799282595
1610.000000000000000         1.229606180018675
1620.000000000000000        -0.126810244095275
1630.000000000000000         0.640386150983353
1640.000000000000000         0.744653358017525
1650.000000000000000         0.071030905927522
1660.000000000000000         0.445802989974119
1670.000000000000000         1.262512119610118
1680.000000000000000         1.114736477985067
1690.000000000000000         0.656679365172675
1700.000000000000000        -0.122829430705794
1710.000000000000000         0.609985262425419
1720.000000000000000         0.780993321922357
1730.000000000000000        -0.270369414266381
1740.000000000000000        -0.140215101623695
1750.000000000000000         0.347669484313829
1760.000000000000000         0.371569829293364
1770.000000000000000         0.681401685299248
1780.000000000000000         0.556462656274505
1790.000000000000000        -0.050557563735404
1800.000000000000000         1.027648873721264
1810.000000000000000         0.414558174821516
1820.000000000000000        -0.664730996552450
1830.000000000000000         0.844366228968262
1840.000000000000000         0.554335807399606
1850.000000000000000        -0.665969416091898
1860.000000000000000        -0.221214353537749
1870.000000000000000         0.908721946182254
1880.000000000000000         1.302302238539303
1890.000000000000000         0.454722947892112
1900.000000000000000        -0.125470649076962
1910.000000000000000         0.669737099420839
1920.000000000000000         0.681345354885383
1930.000000000000000         0.215587248916979
1940.000000000000000         0.529895252586515
1950.000000000000000         0.399383137420639
1960.000000000000000        -0.632391071530768
1970.000000000000000        -0.494560579091790
1980.000000000000000        -0.510100042267089
1990.000000000000000        -0.375440340243909
