# Volume points
 149.45666    0.85202   0.81763   0.69785   0.51420   0.28414   0.01804  -0.27739  -0.59748  -0.93885  -1.29891  -1.67562  -2.06734  -2.47274  -2.89068  -3.32021  -3.76052  -4.21088  -4.67067  -5.13935  -5.61641
 154.17601    0.64387   0.60736   0.47961   0.28540   0.04328  -0.23588  -0.54514  -0.87969  -1.23603  -1.61150  -2.00402  -2.41191  -2.83378  -3.26849  -3.71506  -4.17264  -4.64051  -5.11802  -5.60462  -6.09980
 158.99366    0.49905   0.46327   0.33398   0.13728  -0.10775  -0.39006  -0.70261  -1.04055  -1.40035  -1.77935  -2.17544  -2.58694  -3.01246  -3.45086  -3.90113  -4.36245  -4.83407  -5.31537  -5.80577  -6.30476
 163.91065    0.41172   0.37577   0.24401   0.04403  -0.20458  -0.49064  -0.80701  -1.14883  -1.51254  -1.89547  -2.29552  -2.71098  -3.14048  -3.58285  -4.03711  -4.50242  -4.97805  -5.46334  -5.95774  -6.46075
 168.92798    0.37668   0.33983   0.20468   0.00054  -0.25255  -0.54320  -0.86425  -1.21079  -1.57926  -1.96696  -2.37178  -2.79204  -3.22634  -3.67351  -4.13259  -4.60271  -5.08315  -5.57326  -6.07249  -6.58031
 174.04667    0.38883   0.35054   0.21125   0.00221  -0.25607  -0.55204  -0.87848  -1.23045  -1.60438  -1.99755  -2.40786  -2.83362  -3.27342  -3.72611  -4.19070  -4.66634  -5.15230  -5.64793  -6.15268  -6.66603
 179.26772    0.44370   0.40356   0.25955   0.04505  -0.21894  -0.52075  -0.85310  -1.21101  -1.59090  -1.99006  -2.40636  -2.83812  -3.28393  -3.74263  -4.21323  -4.69489  -5.18688  -5.68854  -6.19931  -6.71869
 184.59216    0.53694   0.49451   0.34519   0.12465  -0.14563  -0.45385  -0.79266  -1.15707  -1.54349  -1.94918  -2.37204  -2.81035  -3.26273  -3.72800  -4.20517  -4.69341  -5.19197  -5.70021  -6.21757  -6.74353
 190.02100    0.66463   0.61944   0.46415   0.23694  -0.04026  -0.35550  -0.70140  -1.07293  -1.46648  -1.87933  -2.30935  -2.75483  -3.21438  -3.68683  -4.17119  -4.66661  -5.17236  -5.68779  -6.21234  -6.74549

# Fitted data
 149.45666    0.85211   0.81729   0.69657   0.51188   0.28072   0.01326  -0.28356  -0.60512  -0.94772  -1.30976  -1.68763  -2.08151  -2.48821  -2.90781  -3.33878  -3.78213  -4.23603  -4.69993  -5.17435  -5.65552
 149.65949    0.84166   0.80679   0.68582   0.50076   0.26916   0.00124  -0.29608  -0.61814  -0.96131  -1.32386  -1.70233  -2.09673  -2.50411  -2.92426  -3.35589  -3.79979  -4.25395  -4.71825  -5.19286  -5.67434
 149.86231    0.83134   0.79644   0.67521   0.48979   0.25776  -0.01060  -0.30843  -0.63098  -0.97469  -1.33775  -1.71681  -2.11173  -2.51976  -2.94047  -3.37274  -3.81719  -4.27161  -4.73629  -5.21111  -5.69290
 150.06513    0.82117   0.78623   0.66475   0.47897   0.24652  -0.02228  -0.32060  -0.64363  -0.98789  -1.35145  -1.73108  -2.12651  -2.53519  -2.95643  -3.38934  -3.83432  -4.28901  -4.75408  -5.22910  -5.71120
 150.26795    0.81114   0.77616   0.65443   0.46830   0.23544  -0.03380  -0.33260  -0.65610  -1.00089  -1.36494  -1.74514  -2.14106  -2.55038  -2.97215  -3.40568  -3.85120  -4.30615  -4.77160  -5.24684  -5.72924
 150.47077    0.80124   0.76623   0.64426   0.45778   0.22452  -0.04515  -0.34443  -0.66839  -1.01371  -1.37824  -1.75900  -2.15540  -2.56534  -2.98764  -3.42178  -3.86781  -4.32303  -4.78886  -5.26432  -5.74704
 150.67359    0.79149   0.75643   0.63422   0.44741   0.21375  -0.05634  -0.35609  -0.68050  -1.02633  -1.39134  -1.77264  -2.16953  -2.58007  -3.00289  -3.43762  -3.88416  -4.33966  -4.80587  -5.28155  -5.76458
 150.87642    0.78186   0.74678   0.62433   0.43718   0.20313  -0.06737  -0.36758  -0.69244  -1.03877  -1.40424  -1.78609  -2.18344  -2.59458  -3.01790  -3.45322  -3.90027  -4.35604  -4.82263  -5.29854  -5.78188
 151.07924    0.77238   0.73726   0.61458   0.42710   0.19266  -0.07824  -0.37890  -0.70420  -1.05103  -1.41696  -1.79933  -2.19715  -2.60887  -3.03269  -3.46858  -3.91612  -4.37217  -4.83913  -5.31528  -5.79893
 151.28206    0.76303   0.72787   0.60497   0.41717   0.18235  -0.08895  -0.39006  -0.71579  -1.06310  -1.42948  -1.81237  -2.21065  -2.62294  -3.04725  -3.48370  -3.93173  -4.38806  -4.85540  -5.33177  -5.81574
 151.48488    0.75381   0.71863   0.59550   0.40738   0.17218  -0.09951  -0.40105  -0.72720  -1.07499  -1.44182  -1.82521  -2.22394  -2.63679  -3.06158  -3.49858  -3.94709  -4.40370  -4.87141  -5.34803  -5.83231
 151.68770    0.74472   0.70951   0.58616   0.39773   0.16217  -0.10991  -0.41188  -0.73845  -1.08671  -1.45397  -1.83786  -2.23703  -2.65043  -3.07570  -3.51323  -3.96221  -4.41911  -4.88719  -5.36405  -5.84865
 151.89052    0.73577   0.70053   0.57696   0.38822   0.15230  -0.12016  -0.42255  -0.74953  -1.09825  -1.46594  -1.85031  -2.24992  -2.66385  -3.08959  -3.52765  -3.97709  -4.43429  -4.90273  -5.37983  -5.86475
 152.09335    0.72695   0.69167   0.56790   0.37885   0.14258  -0.13026  -0.43305  -0.76044  -1.10961  -1.47772  -1.86258  -2.26261  -2.67707  -3.10326  -3.54184  -3.99174  -4.44923  -4.91803  -5.39538  -5.88062
 152.29617    0.71826   0.68295   0.55896   0.36962   0.13300  -0.14020  -0.44340  -0.77119  -1.12080  -1.48932  -1.87465  -2.27511  -2.69008  -3.11672  -3.55581  -4.00616  -4.46394  -4.93310  -5.41071  -5.89627
 152.49899    0.70969   0.67436   0.55017   0.36053   0.12357  -0.15000  -0.45359  -0.78177  -1.13181  -1.50075  -1.88653  -2.28741  -2.70288  -3.12997  -3.56955  -4.02034  -4.47842  -4.94794  -5.42581  -5.91169
 152.70181    0.70126   0.66590   0.54150   0.35157   0.11427  -0.15964  -0.46363  -0.79220  -1.14266  -1.51200  -1.89824  -2.29952  -2.71548  -3.14301  -3.58308  -4.03430  -4.49267  -4.96256  -5.44068  -5.92688
 152.90463    0.69295   0.65757   0.53297   0.34275   0.10512  -0.16914  -0.47351  -0.80246  -1.15334  -1.52307  -1.90975  -2.31144  -2.72788  -3.15584  -3.59638  -4.04804  -4.50671  -4.97695  -5.45533  -5.94186
 153.10746    0.68477   0.64936   0.52456   0.33407   0.09611  -0.17850  -0.48324  -0.81256  -1.16385  -1.53397  -1.92109  -2.32317  -2.74008  -3.16846  -3.60947  -4.06155  -4.52052  -4.99112  -5.46977  -5.95661
 153.31028    0.67672   0.64128   0.51629   0.32552   0.08724  -0.18771  -0.49282  -0.82251  -1.17420  -1.54470  -1.93224  -2.33472  -2.75209  -3.18088  -3.62235  -4.07484  -4.53412  -5.00507  -5.48399  -5.97115
 153.51310    0.66879   0.63333   0.50814   0.31710   0.07851  -0.19677  -0.50225  -0.83229  -1.18438  -1.55526  -1.94322  -2.34608  -2.76390  -3.19310  -3.63502  -4.08792  -4.54751  -5.01880  -5.49799  -5.98548
 153.71592    0.66098   0.62550   0.50012   0.30882   0.06992  -0.20569  -0.51153  -0.84193  -1.19441  -1.56565  -1.95402  -2.35726  -2.77552  -3.20513  -3.64748  -4.10078  -4.56068  -5.03232  -5.51178  -5.99960
 153.91874    0.65330   0.61779   0.49223   0.30066   0.06146  -0.21448  -0.52066  -0.85141  -1.20427  -1.57587  -1.96465  -2.36826  -2.78696  -3.21696  -3.65974  -4.11343  -4.57364  -5.04563  -5.52537  -6.01351
 154.12156    0.64574   0.61021   0.48446   0.29263   0.05313  -0.22312  -0.52964  -0.86074  -1.21397  -1.58594  -1.97511  -2.37909  -2.79820  -3.22859  -3.67180  -4.12588  -4.58640  -5.05873  -5.53875  -6.02721
 154.32439    0.63830   0.60275   0.47682   0.28474   0.04494  -0.23162  -0.53848  -0.86992  -1.22352  -1.59583  -1.98539  -2.38973  -2.80926  -3.24003  -3.68365  -4.13812  -4.59895  -5.07162  -5.55192  -6.04071
 154.52721    0.63099   0.59541   0.46930   0.27697   0.03688  -0.23999  -0.54718  -0.87895  -1.23291  -1.60557  -1.99551  -2.40021  -2.82014  -3.25129  -3.69531  -4.15015  -4.61130  -5.08431  -5.56490  -6.05401
 154.73003    0.62379   0.58820   0.46191   0.26933   0.02895  -0.24822  -0.55574  -0.88784  -1.24215  -1.61515  -2.00546  -2.41051  -2.83084  -3.26236  -3.70677  -4.16198  -4.62345  -5.09680  -5.57767  -6.06711
 154.93285    0.61671   0.58110   0.45464   0.26181   0.02116  -0.25631  -0.56415  -0.89658  -1.25123  -1.62457  -2.01525  -2.42064  -2.84135  -3.27324  -3.71804  -4.17362  -4.63541  -5.10909  -5.59025  -6.08001
 155.13567    0.60975   0.57412   0.44749   0.25442   0.01349  -0.26428  -0.57243  -0.90517  -1.26016  -1.63383  -2.02487  -2.43061  -2.85169  -3.28394  -3.72912  -4.18506  -4.64716  -5.12118  -5.60263  -6.09272
 155.33849    0.60291   0.56726   0.44046   0.24715   0.00595  -0.27210  -0.58056  -0.91362  -1.26895  -1.64294  -2.03433  -2.44040  -2.86186  -3.29446  -3.74002  -4.19630  -4.65873  -5.13308  -5.61482  -6.10524
 155.54132    0.59619   0.56052   0.43355   0.24001  -0.00146  -0.27980  -0.58856  -0.92193  -1.27758  -1.65189  -2.04363  -2.45003  -2.87185  -3.30480  -3.75072  -4.20736  -4.67011  -5.14478  -5.62682  -6.11757
 155.74414    0.58958   0.55389   0.42675   0.23299  -0.00875  -0.28737  -0.59643  -0.93010  -1.28607  -1.66070  -2.05278  -2.45950  -2.88168  -3.31497  -3.76125  -4.21822  -4.68130  -5.15630  -5.63864  -6.12971
 155.94696    0.58309   0.54738   0.42008   0.22608  -0.01591  -0.29480  -0.60416  -0.93813  -1.29442  -1.66935  -2.06177  -2.46881  -2.89133  -3.32496  -3.77159  -4.22890  -4.69230  -5.16763  -5.65026  -6.14166
 156.14978    0.57671   0.54098   0.41352   0.21930  -0.02295  -0.30211  -0.61175  -0.94602  -1.30262  -1.67786  -2.07060  -2.47796  -2.90082  -3.33478  -3.78175  -4.23940  -4.70312  -5.17877  -5.66171  -6.15343
 156.35260    0.57045   0.53470   0.40708   0.21264  -0.02986  -0.30929  -0.61922  -0.95377  -1.31068  -1.68622  -2.07928  -2.48696  -2.91014  -3.34444  -3.79174  -4.24971  -4.71376  -5.18973  -5.67297  -6.16502
 156.55542    0.56430   0.52853   0.40076   0.20610  -0.03665  -0.31635  -0.62655  -0.96139  -1.31860  -1.69443  -2.08781  -2.49579  -2.91930  -3.35392  -3.80155  -4.25985  -4.72422  -5.20051  -5.68406  -6.17643
 156.75825    0.55826   0.52248   0.39454   0.19967  -0.04332  -0.32328  -0.63375  -0.96888  -1.32638  -1.70250  -2.09619  -2.50448  -2.92830  -3.36324  -3.81119  -4.26980  -4.73451  -5.21112  -5.69496  -6.18766
 156.96107    0.55234   0.51654   0.38845   0.19337  -0.04987  -0.33008  -0.64083  -0.97623  -1.33402  -1.71043  -2.10442  -2.51301  -2.93715  -3.37239  -3.82066  -4.27958  -4.74462  -5.22154  -5.70570  -6.19872
 157.16389    0.54652   0.51071   0.38246   0.18717  -0.05630  -0.33677  -0.64778  -0.98345  -1.34153  -1.71822  -2.11251  -2.52139  -2.94583  -3.38138  -3.82996  -4.28919  -4.75455  -5.23180  -5.71626  -6.20961
 157.36671    0.54082   0.50498   0.37659   0.18109  -0.06261  -0.34333  -0.65460  -0.99054  -1.34890  -1.72587  -2.12045  -2.52962  -2.95436  -3.39022  -3.83909  -4.29863  -4.76432  -5.24188  -5.72665  -6.22033
 157.56953    0.53523   0.49937   0.37083   0.17513  -0.06881  -0.34977  -0.66129  -0.99751  -1.35614  -1.73338  -2.12825  -2.53770  -2.96273  -3.39889  -3.84806  -4.30790  -4.77392  -5.25179  -5.73687  -6.23087
 157.77235    0.52974   0.49387   0.36518   0.16928  -0.07488  -0.35609  -0.66787  -1.00434  -1.36324  -1.74076  -2.13591  -2.54564  -2.97096  -3.40741  -3.85687  -4.31701  -4.78336  -5.26153  -5.74693  -6.24125
 157.97518    0.52436   0.48848   0.35964   0.16354  -0.08085  -0.36229  -0.67431  -1.01105  -1.37021  -1.74800  -2.14343  -2.55344  -2.97903  -3.41577  -3.86552  -4.32594  -4.79263  -5.27111  -5.75682  -6.25147
 158.17800    0.51909   0.48319   0.35421   0.15791  -0.08669  -0.36837  -0.68064  -1.01764  -1.37706  -1.75510  -2.15081  -2.56109  -2.98696  -3.42398  -3.87401  -4.33472  -4.80174  -5.28052  -5.76655  -6.26152
 158.38082    0.51393   0.47801   0.34889   0.15240  -0.09243  -0.37434  -0.68685  -1.02409  -1.38377  -1.76208  -2.15805  -2.56861  -2.99474  -3.43205  -3.88235  -4.34334  -4.81069  -5.28978  -5.77611  -6.27141
 158.58364    0.50887   0.47294   0.34367   0.14699  -0.09805  -0.38019  -0.69294  -1.03043  -1.39036  -1.76892  -2.16516  -2.57598  -3.00237  -3.43996  -3.89053  -4.35180  -4.81948  -5.29887  -5.78552  -6.28115
 158.78646    0.50392   0.46797   0.33857   0.14169  -0.10356  -0.38593  -0.69891  -1.03665  -1.39682  -1.77563  -2.17213  -2.58322  -3.00986  -3.44773  -3.89856  -4.36010  -4.82811  -5.30781  -5.79478  -6.29072
 158.98928    0.49908   0.46311   0.33356   0.13650  -0.10896  -0.39155  -0.70476  -1.04274  -1.40316  -1.78222  -2.17897  -2.59032  -3.01721  -3.45535  -3.90644  -4.36825  -4.83660  -5.31659  -5.80388  -6.30014
 159.19211    0.49433   0.45835   0.32867   0.13142  -0.11425  -0.39706  -0.71050  -1.04872  -1.40938  -1.78868  -2.18568  -2.59729  -3.02443  -3.46283  -3.91417  -4.37625  -4.84493  -5.32522  -5.81282  -6.30941
 159.39493    0.48969   0.45369   0.32387   0.12645  -0.11943  -0.40246  -0.71612  -1.05457  -1.41547  -1.79501  -2.19226  -2.60412  -3.03150  -3.47016  -3.92176  -4.38410  -4.85311  -5.33370  -5.82162  -6.31853
 159.59775    0.48516   0.44914   0.31918   0.12158  -0.12450  -0.40775  -0.72162  -1.06031  -1.42144  -1.80123  -2.19871  -2.61083  -3.03844  -3.47736  -3.92920  -4.39180  -4.86114  -5.34202  -5.83026  -6.32749
 159.80057    0.48072   0.44469   0.31460   0.11681  -0.12947  -0.41293  -0.72702  -1.06594  -1.42730  -1.80731  -2.20504  -2.61740  -3.04524  -3.48442  -3.93650  -4.39936  -4.86903  -5.35020  -5.83876  -6.33631
 160.00339    0.47639   0.44034   0.31012   0.11215  -0.13432  -0.41799  -0.73230  -1.07145  -1.43303  -1.81328  -2.21124  -2.62385  -3.05191  -3.49135  -3.94365  -4.40677  -4.87677  -5.35824  -5.84712  -6.34499
 160.20621    0.47216   0.43609   0.30573   0.10759  -0.13908  -0.42296  -0.73747  -1.07684  -1.43865  -1.81913  -2.21732  -2.63017  -3.05845  -3.49814  -3.95067  -4.41404  -4.88437  -5.36613  -5.85533  -6.35351
 160.40904    0.46803   0.43194   0.30145   0.10314  -0.14372  -0.42781  -0.74253  -1.08213  -1.44415  -1.82486  -2.22327  -2.63636  -3.06486  -3.50479  -3.95756  -4.42117  -4.89183  -5.37388  -5.86340  -6.36190
 160.61186    0.46399   0.42789   0.29727   0.09879  -0.14827  -0.43256  -0.74748  -1.08730  -1.44954  -1.83047  -2.22911  -2.64243  -3.07115  -3.51132  -3.96431  -4.42816  -4.89916  -5.38149  -5.87133  -6.37015
 160.81468    0.46006   0.42393   0.29319   0.09453  -0.15271  -0.43720  -0.75233  -1.09236  -1.45481  -1.83596  -2.23482  -2.64838  -3.07730  -3.51772  -3.97092  -4.43501  -4.90634  -5.38896  -5.87912  -6.37825
 161.01750    0.45622   0.42008   0.28921   0.09038  -0.15705  -0.44174  -0.75706  -1.09731  -1.45997  -1.84134  -2.24042  -2.65421  -3.08333  -3.52398  -3.97740  -4.44173  -4.91339  -5.39629  -5.88677  -6.38623
 161.22032    0.45248   0.41632   0.28532   0.08633  -0.16128  -0.44617  -0.76169  -1.10216  -1.46502  -1.84661  -2.24590  -2.65991  -3.08924  -3.53013  -3.98376  -4.44832  -4.92031  -5.40349  -5.89429  -6.39406
 161.42314    0.44884   0.41267   0.28154   0.08238  -0.16542  -0.45050  -0.76622  -1.10689  -1.46996  -1.85176  -2.25126  -2.66550  -3.09503  -3.53614  -3.98998  -4.45478  -4.92710  -5.41055  -5.90168  -6.40176
 161.62597    0.44530   0.40910   0.27785   0.07852  -0.16946  -0.45473  -0.77064  -1.11152  -1.47479  -1.85680  -2.25651  -2.67098  -3.10069  -3.54204  -3.99608  -4.46111  -4.93375  -5.41749  -5.90893  -6.40933
 161.82879    0.44185   0.40563   0.27425   0.07476  -0.17340  -0.45886  -0.77496  -1.11605  -1.47951  -1.86174  -2.26165  -2.67633  -3.10624  -3.54781  -4.00205  -4.46731  -4.94028  -5.42429  -5.91606  -6.41677
 162.03161    0.43849   0.40226   0.27075   0.07110  -0.17723  -0.46289  -0.77918  -1.12047  -1.48413  -1.86656  -2.26667  -2.68158  -3.11167  -3.55347  -4.00790  -4.47338  -4.94668  -5.43097  -5.92306  -6.42408
 162.23443    0.43523   0.39898   0.26735   0.06753  -0.18098  -0.46682  -0.78329  -1.12479  -1.48864  -1.87127  -2.27159  -2.68671  -3.11698  -3.55900  -4.01363  -4.47933  -4.95296  -5.43752  -5.92993  -6.43126
 162.43725    0.43206   0.39579   0.26404   0.06406  -0.18462  -0.47065  -0.78731  -1.12900  -1.49305  -1.87588  -2.27639  -2.69173  -3.12218  -3.56442  -4.01924  -4.48516  -4.95912  -5.44395  -5.93668  -6.43832
 162.64007    0.42899   0.39270   0.26082   0.06069  -0.18817  -0.47439  -0.79122  -1.13312  -1.49735  -1.88039  -2.28109  -2.69664  -3.12727  -3.56973  -4.02474  -4.49087  -4.96515  -5.45026  -5.94330  -6.44525
 162.84290    0.42601   0.38970   0.25770   0.05740  -0.19163  -0.47803  -0.79504  -1.13713  -1.50155  -1.88479  -2.28568  -2.70144  -3.13224  -3.57492  -4.03011  -4.49646  -4.97107  -5.45644  -5.94981  -6.45206
 163.04572    0.42312   0.38679   0.25466   0.05421  -0.19499  -0.48157  -0.79876  -1.14105  -1.50565  -1.88908  -2.29017  -2.70614  -3.13711  -3.57999  -4.03537  -4.50193  -4.97686  -5.46250  -5.95619  -6.45875
 163.24854    0.42032   0.38397   0.25172   0.05112  -0.19825  -0.48502  -0.80239  -1.14486  -1.50965  -1.89328  -2.29455  -2.71072  -3.14187  -3.58496  -4.04052  -4.50728  -4.98254  -5.46845  -5.96245  -6.46532
 163.45136    0.41761   0.38125   0.24887   0.04811  -0.20143  -0.48837  -0.80591  -1.14858  -1.51355  -1.89737  -2.29882  -2.71521  -3.14651  -3.58982  -4.04555  -4.51253  -4.98811  -5.47428  -5.96860  -6.47177
 163.65418    0.41500   0.37861   0.24611   0.04520  -0.20451  -0.49163  -0.80935  -1.15221  -1.51735  -1.90137  -2.30300  -2.71959  -3.15106  -3.59457  -4.05048  -4.51766  -4.99356  -5.47999  -5.97463  -6.47810
 163.85700    0.41247   0.37606   0.24344   0.04237  -0.20750  -0.49480  -0.81269  -1.15574  -1.52106  -1.90526  -2.30708  -2.72387  -3.15550  -3.59921  -4.05530  -4.52268  -4.99890  -5.48560  -5.98055  -6.48432
 164.05983    0.41003   0.37360   0.24086   0.03964  -0.21040  -0.49787  -0.81593  -1.15917  -1.52466  -1.90906  -2.31105  -2.72804  -3.15983  -3.60375  -4.06001  -4.52759  -5.00413  -5.49109  -5.98636  -6.49043
 164.26265    0.40768   0.37123   0.23837   0.03699  -0.21321  -0.50086  -0.81909  -1.16251  -1.52818  -1.91276  -2.31493  -2.73212  -3.16407  -3.60818  -4.06461  -4.53239  -5.00925  -5.49647  -5.99206  -6.49643
 164.46547    0.40542   0.36894   0.23596   0.03443  -0.21593  -0.50375  -0.82215  -1.16576  -1.53160  -1.91637  -2.31871  -2.73610  -3.16820  -3.61252  -4.06911  -4.53709  -5.01426  -5.50174  -5.99764  -6.50231
 164.66829    0.40324   0.36675   0.23364   0.03196  -0.21857  -0.50656  -0.82512  -1.16892  -1.53492  -1.91988  -2.32240  -2.73998  -3.17223  -3.61675  -4.07351  -4.54168  -5.01917  -5.50691  -6.00312  -6.50809
 164.87111    0.40116   0.36464   0.23141   0.02958  -0.22111  -0.50928  -0.82800  -1.17198  -1.53816  -1.92330  -2.32599  -2.74376  -3.17617  -3.62088  -4.07780  -4.54617  -5.02398  -5.51197  -6.00849  -6.51376
 165.07393    0.39915   0.36261   0.22926   0.02728  -0.22357  -0.51191  -0.83080  -1.17496  -1.54130  -1.92663  -2.32948  -2.74745  -3.18001  -3.62492  -4.08200  -4.55056  -5.02868  -5.51692  -6.01376  -6.51932
 165.27676    0.39724   0.36067   0.22720   0.02507  -0.22594  -0.51445  -0.83350  -1.17784  -1.54436  -1.92986  -2.33289  -2.75105  -3.18375  -3.62885  -4.08610  -4.55485  -5.03328  -5.52178  -6.01893  -6.52478
 165.47958    0.39541   0.35881   0.22522   0.02294  -0.22823  -0.51690  -0.83612  -1.18064  -1.54732  -1.93300  -2.33620  -2.75455  -3.18740  -3.63269  -4.09010  -4.55904  -5.03778  -5.52653  -6.02399  -6.53013
 165.68240    0.39366   0.35704   0.22333   0.02090  -0.23043  -0.51928  -0.83865  -1.18335  -1.55020  -1.93606  -2.33942  -2.75796  -3.19096  -3.63644  -4.09400  -4.56314  -5.04219  -5.53118  -6.02895  -6.53538
 165.88522    0.39200   0.35535   0.22152   0.01894  -0.23255  -0.52156  -0.84110  -1.18598  -1.55298  -1.93903  -2.34255  -2.76129  -3.19442  -3.64010  -4.09781  -4.56713  -5.04649  -5.53574  -6.03381  -6.54054
 166.08804    0.39042   0.35375   0.21980   0.01706  -0.23458  -0.52376  -0.84346  -1.18852  -1.55569  -1.94191  -2.34560  -2.76452  -3.19780  -3.64366  -4.10153  -4.57104  -5.05070  -5.54019  -6.03858  -6.54559
 166.29086    0.38892   0.35223   0.21815   0.01527  -0.23653  -0.52588  -0.84574  -1.19097  -1.55830  -1.94470  -2.34855  -2.76766  -3.20108  -3.64713  -4.10516  -4.57485  -5.05482  -5.54456  -6.04325  -6.55054
 166.49369    0.38751   0.35079   0.21659   0.01356  -0.23840  -0.52792  -0.84794  -1.19335  -1.56083  -1.94741  -2.35142  -2.77072  -3.20428  -3.65052  -4.10869  -4.57857  -5.05884  -5.54883  -6.04782  -6.55540
 166.69651    0.38618   0.34943   0.21511   0.01193  -0.24019  -0.52987  -0.85005  -1.19563  -1.56328  -1.95004  -2.35421  -2.77369  -3.20739  -3.65381  -4.11214  -4.58220  -5.06278  -5.55300  -6.05230  -6.56016
 166.89933    0.38493   0.34815   0.21371   0.01038  -0.24190  -0.53175  -0.85208  -1.19784  -1.56565  -1.95258  -2.35691  -2.77658  -3.21042  -3.65702  -4.11550  -4.58574  -5.06662  -5.55709  -6.05668  -6.56483
 167.10215    0.38376   0.34695   0.21238   0.00891  -0.24352  -0.53354  -0.85403  -1.19996  -1.56793  -1.95504  -2.35953  -2.77938  -3.21336  -3.66015  -4.11878  -4.58920  -5.07037  -5.56108  -6.06098  -6.56941
 167.30497    0.38267   0.34583   0.21114   0.00752  -0.24507  -0.53525  -0.85590  -1.20201  -1.57014  -1.95741  -2.36207  -2.78210  -3.21621  -3.66319  -4.12197  -4.59257  -5.07404  -5.56499  -6.06518  -6.57389
 167.50779    0.38166   0.34479   0.20998   0.00620  -0.24654  -0.53689  -0.85769  -1.20397  -1.57226  -1.95971  -2.36452  -2.78473  -3.21899  -3.66614  -4.12507  -4.59585  -5.07762  -5.56881  -6.06930  -6.57829
 167.71062    0.38073   0.34383   0.20889   0.00497  -0.24793  -0.53844  -0.85940  -1.20586  -1.57430  -1.96193  -2.36690  -2.78729  -3.22168  -3.66902  -4.12810  -4.59906  -5.08112  -5.57254  -6.07333  -6.58259
 167.91344    0.37988   0.34295   0.20789   0.00381  -0.24924  -0.53992  -0.86104  -1.20767  -1.57627  -1.96407  -2.36919  -2.78977  -3.22429  -3.67182  -4.13104  -4.60218  -5.08453  -5.57619  -6.07727  -6.58681
 168.11626    0.37910   0.34214   0.20696   0.00273  -0.25048  -0.54132  -0.86260  -1.20940  -1.57816  -1.96613  -2.37141  -2.79217  -3.22683  -3.67453  -4.13390  -4.60522  -5.08786  -5.57975  -6.08113  -6.59094
 168.31908    0.37841   0.34142   0.20611   0.00173  -0.25164  -0.54264  -0.86408  -1.21105  -1.57997  -1.96811  -2.37355  -2.79449  -3.22929  -3.67717  -4.13669  -4.60818  -5.09111  -5.58324  -6.08490  -6.59499
 168.52190    0.37779   0.34077   0.20533   0.00080  -0.25272  -0.54389  -0.86548  -1.21263  -1.58170  -1.97002  -2.37561  -2.79673  -3.23167  -3.67973  -4.13940  -4.61106  -5.09428  -5.58664  -6.08859  -6.59895
 168.72473    0.37725   0.34019   0.20463  -0.00005  -0.25373  -0.54507  -0.86681  -1.21413  -1.58336  -1.97185  -2.37760  -2.79890  -3.23397  -3.68221  -4.14203  -4.61387  -5.09737  -5.58996  -6.09220  -6.60283
 168.92755    0.37678   0.33969   0.20400  -0.00082  -0.25467  -0.54617  -0.86807  -1.21556  -1.58495  -1.97361  -2.37952  -2.80100  -3.23620  -3.68462  -4.14458  -4.61660  -5.10038  -5.59320  -6.09573  -6.60662
 169.13037    0.37639   0.33927   0.20345  -0.00153  -0.25553  -0.54719  -0.86925  -1.21692  -1.58646  -1.97530  -2.38136  -2.80302  -3.23836  -3.68696  -4.14707  -4.61925  -5.10332  -5.59637  -6.09919  -6.61034
 169.33319    0.37608   0.33892   0.20297  -0.00216  -0.25632  -0.54815  -0.87036  -1.21820  -1.58790  -1.97691  -2.38313  -2.80497  -3.24044  -3.68922  -4.14948  -4.62184  -5.10618  -5.59946  -6.10256  -6.61398
 169.53601    0.37584   0.33864   0.20257  -0.00271  -0.25703  -0.54903  -0.87140  -1.21941  -1.58927  -1.97845  -2.38483  -2.80684  -3.24246  -3.69141  -4.15182  -4.62435  -5.10897  -5.60248  -6.10585  -6.61753
 169.73883    0.37568   0.33844   0.20224  -0.00320  -0.25767  -0.54984  -0.87237  -1.22055  -1.59057  -1.97992  -2.38645  -2.80865  -3.24440  -3.69353  -4.15409  -4.62679  -5.11169  -5.60542  -6.10908  -6.62102
 169.94166    0.37558   0.33831   0.20198  -0.00361  -0.25824  -0.55057  -0.87327  -1.22162  -1.59179  -1.98132  -2.38801  -2.81039  -3.24627  -3.69558  -4.15629  -4.62916  -5.11434  -5.60829  -6.11222  -6.62442
 170.14448    0.37557   0.33826   0.20179  -0.00395  -0.25874  -0.55124  -0.87409  -1.22262  -1.59295  -1.98265  -2.38950  -2.81205  -3.24808  -3.69757  -4.15842  -4.63147  -5.11691  -5.61109  -6.11530  -6.62775
 170.34730    0.37562   0.33827   0.20168  -0.00422  -0.25917  -0.55184  -0.87485  -1.22355  -1.59404  -1.98391  -2.39092  -2.81365  -3.24981  -3.69948  -4.16048  -4.63371  -5.11942  -5.61381  -6.11830  -6.63101
 170.55012    0.37575   0.33836   0.20163  -0.00442  -0.25953  -0.55237  -0.87554  -1.22442  -1.59506  -1.98511  -2.39227  -2.81519  -3.25149  -3.70133  -4.16248  -4.63588  -5.12186  -5.61647  -6.12123  -6.63419
 170.75294    0.37595   0.33852   0.20166  -0.00455  -0.25983  -0.55283  -0.87616  -1.22521  -1.59602  -1.98624  -2.39356  -2.81665  -3.25309  -3.70312  -4.16442  -4.63798  -5.12423  -5.61906  -6.12409  -6.63730
 170.95576    0.37622   0.33875   0.20176  -0.00461  -0.26005  -0.55322  -0.87671  -1.22594  -1.59691  -1.98730  -2.39478  -2.81805  -3.25463  -3.70484  -4.16629  -4.64003  -5.12653  -5.62159  -6.12688  -6.64035
 171.15859    0.37656   0.33905   0.20192  -0.00460  -0.26020  -0.55354  -0.87719  -1.22660  -1.59773  -1.98830  -2.39593  -2.81939  -3.25611  -3.70649  -4.16810  -4.64201  -5.12877  -5.62405  -6.12960  -6.64332
 171.36141    0.37698   0.33942   0.20216  -0.00452  -0.26029  -0.55380  -0.87761  -1.22720  -1.59849  -1.98923  -2.39703  -2.82066  -3.25753  -3.70809  -4.16984  -4.64393  -5.13095  -5.62644  -6.13226  -6.64622
 171.56423    0.37746   0.33986   0.20246  -0.00438  -0.26031  -0.55399  -0.87797  -1.22773  -1.59918  -1.99010  -2.39806  -2.82187  -3.25888  -3.70962  -4.17153  -4.64579  -5.13307  -5.62877  -6.13485  -6.64906
 171.76705    0.37801   0.34037   0.20283  -0.00417  -0.26026  -0.55411  -0.87826  -1.22819  -1.59981  -1.99091  -2.39902  -2.82302  -3.26018  -3.71109  -4.17316  -4.64759  -5.13512  -5.63104  -6.13738  -6.65183
 171.96987    0.37864   0.34095   0.20327  -0.00389  -0.26015  -0.55417  -0.87848  -1.22860  -1.60038  -1.99165  -2.39993  -2.82411  -3.26141  -3.71251  -4.17473  -4.64933  -5.13711  -5.63325  -6.13984  -6.65453
 172.17269    0.37933   0.34160   0.20378  -0.00354  -0.25997  -0.55417  -0.87864  -1.22894  -1.60088  -1.99233  -2.40078  -2.82514  -3.26258  -3.71386  -4.17624  -4.65101  -5.13905  -5.63539  -6.14224  -6.65717
 172.37552    0.38009   0.34231   0.20435  -0.00313  -0.25973  -0.55410  -0.87874  -1.22921  -1.60132  -1.99296  -2.40156  -2.82611  -3.26370  -3.71516  -4.17770  -4.65264  -5.14092  -5.63748  -6.14458  -6.65975
 172.57834    0.38091   0.34309   0.20499  -0.00266  -0.25942  -0.55397  -0.87878  -1.22943  -1.60171  -1.99352  -2.40229  -2.82702  -3.26476  -3.71640  -4.17910  -4.65422  -5.14274  -5.63951  -6.14686  -6.66226
 172.78116    0.38181   0.34394   0.20569  -0.00212  -0.25905  -0.55378  -0.87875  -1.22959  -1.60203  -1.99402  -2.40296  -2.82787  -3.26577  -3.71759  -4.18044  -4.65574  -5.14451  -5.64148  -6.14908  -6.66472
 172.98398    0.38277   0.34485   0.20646  -0.00151  -0.25862  -0.55352  -0.87867  -1.22968  -1.60230  -1.99447  -2.40357  -2.82867  -3.26672  -3.71872  -4.18174  -4.65720  -5.14621  -5.64339  -6.15124  -6.66711
 173.18680    0.38380   0.34583   0.20730  -0.00084  -0.25812  -0.55320  -0.87852  -1.22972  -1.60250  -1.99486  -2.40413  -2.82941  -3.26761  -3.71980  -4.18298  -4.65862  -5.14787  -5.64525  -6.15334  -6.66944
 173.38962    0.38490   0.34688   0.20820  -0.00011  -0.25756  -0.55282  -0.87831  -1.22969  -1.60265  -1.99519  -2.40463  -2.83009  -3.26845  -3.72082  -4.18417  -4.65998  -5.14947  -5.64706  -6.15539  -6.67172
 173.59245    0.38606   0.34799   0.20916   0.00068  -0.25694  -0.55238  -0.87805  -1.22961  -1.60274  -1.99546  -2.40507  -2.83072  -3.26924  -3.72180  -4.18531  -4.66130  -5.15101  -5.64881  -6.15738  -6.67393
 173.79527    0.38728   0.34916   0.21019   0.00154  -0.25626  -0.55188  -0.87772  -1.22947  -1.60277  -1.99568  -2.40547  -2.83130  -3.26998  -3.72272  -4.18640  -4.66257  -5.15251  -5.65051  -6.15932  -6.67609
 173.99809    0.38857   0.35040   0.21128   0.00246  -0.25552  -0.55132  -0.87734  -1.22927  -1.60275  -1.99584  -2.40580  -2.83183  -3.27066  -3.72359  -4.18744  -4.66378  -5.15395  -5.65216  -6.16120  -6.67820
 174.20091    0.38993   0.35170   0.21243   0.00344  -0.25472  -0.55070  -0.87690  -1.22902  -1.60268  -1.99595  -2.40609  -2.83230  -3.27130  -3.72441  -4.18843  -4.66496  -5.15535  -5.65376  -6.16303  -6.68025
 174.40373    0.39135   0.35307   0.21364   0.00448  -0.25386  -0.55002  -0.87640  -1.22871  -1.60255  -1.99601  -2.40632  -2.83272  -3.27189  -3.72519  -4.18938  -4.66608  -5.15670  -5.65531  -6.16481  -6.68224
 174.60655    0.39283   0.35449   0.21492   0.00558  -0.25294  -0.54929  -0.87585  -1.22834  -1.60236  -1.99602  -2.40650  -2.83309  -3.27242  -3.72592  -4.19028  -4.66716  -5.15800  -5.65681  -6.16653  -6.68419
 174.80938    0.39438   0.35599   0.21626   0.00674  -0.25196  -0.54850  -0.87524  -1.22792  -1.60212  -1.99597  -2.40663  -2.83341  -3.27292  -3.72660  -4.19114  -4.66820  -5.15925  -5.65826  -6.16821  -6.68608
 175.01220    0.39599   0.35754   0.21766   0.00796  -0.25092  -0.54765  -0.87457  -1.22745  -1.60183  -1.99587  -2.40671  -2.83369  -3.27336  -3.72723  -4.19195  -4.66919  -5.16046  -5.65966  -6.16983  -6.68792
 175.21502    0.39767   0.35915   0.21912   0.00924  -0.24982  -0.54674  -0.87385  -1.22692  -1.60149  -1.99572  -2.40674  -2.83391  -3.27376  -3.72782  -4.19272  -4.67014  -5.16162  -5.66102  -6.17141  -6.68971
 175.41784    0.39940   0.36083   0.22063   0.01058  -0.24867  -0.54578  -0.87307  -1.22634  -1.60109  -1.99552  -2.40673  -2.83409  -3.27411  -3.72837  -4.19345  -4.67105  -5.16274  -5.66234  -6.17294  -6.69145
 175.62066    0.40120   0.36257   0.22221   0.01198  -0.24746  -0.54476  -0.87224  -1.22571  -1.60065  -1.99527  -2.40666  -2.83422  -3.27442  -3.72887  -4.19413  -4.67192  -5.16382  -5.66361  -6.17443  -6.69314
 175.82348    0.40306   0.36436   0.22385   0.01343  -0.24620  -0.54369  -0.87136  -1.22502  -1.60015  -1.99497  -2.40655  -2.83430  -3.27468  -3.72933  -4.19478  -4.67275  -5.16485  -5.66484  -6.17586  -6.69478
 176.02631    0.40497   0.36622   0.22555   0.01495  -0.24488  -0.54256  -0.87043  -1.22429  -1.59961  -1.99462  -2.40639  -2.83434  -3.27490  -3.72974  -4.19538  -4.67354  -5.16584  -5.66602  -6.17726  -6.69637
 176.22913    0.40695   0.36814   0.22730   0.01652  -0.24350  -0.54138  -0.86944  -1.22350  -1.59901  -1.99423  -2.40619  -2.83433  -3.27508  -3.73012  -4.19595  -4.67429  -5.16679  -5.66717  -6.17861  -6.69792
 176.43195    0.40899   0.37012   0.22911   0.01814  -0.24207  -0.54015  -0.86840  -1.22266  -1.59837  -1.99378  -2.40594  -2.83428  -3.27522  -3.73046  -4.19648  -4.67501  -5.16771  -5.66827  -6.17991  -6.69943
 176.63477    0.41109   0.37215   0.23098   0.01982  -0.24058  -0.53886  -0.86731  -1.22177  -1.59768  -1.99330  -2.40564  -2.83419  -3.27532  -3.73075  -4.19697  -4.67569  -5.16858  -5.66933  -6.18118  -6.70089
 176.83759    0.41325   0.37424   0.23291   0.02156  -0.23904  -0.53752  -0.86617  -1.22084  -1.59694  -1.99276  -2.40531  -2.83405  -3.27537  -3.73101  -4.19743  -4.67633  -5.16941  -5.67036  -6.18240  -6.70230
 177.04041    0.41547   0.37640   0.23490   0.02335  -0.23745  -0.53613  -0.86498  -1.21985  -1.59616  -1.99218  -2.40493  -2.83388  -3.27539  -3.73123  -4.19785  -4.67694  -5.17021  -5.67134  -6.18358  -6.70368
 177.24324    0.41775   0.37861   0.23694   0.02520  -0.23580  -0.53469  -0.86374  -1.21882  -1.59533  -1.99156  -2.40450  -2.83366  -3.27537  -3.73141  -4.19823  -4.67752  -5.17097  -5.67229  -6.18472  -6.70501
 177.44606    0.42008   0.38087   0.23903   0.02710  -0.23410  -0.53319  -0.86245  -1.21774  -1.59445  -1.99089  -2.40404  -2.83340  -3.27531  -3.73156  -4.19858  -4.67806  -5.17170  -5.67321  -6.18582  -6.70630
 177.64888    0.42248   0.38320   0.24118   0.02906  -0.23235  -0.53165  -0.86112  -1.21661  -1.59353  -1.99018  -2.40353  -2.83310  -3.27522  -3.73167  -4.19890  -4.67857  -5.17239  -5.67408  -6.18688  -6.70755
 177.85170    0.42493   0.38558   0.24339   0.03107  -0.23055  -0.53005  -0.85973  -1.21544  -1.59256  -1.98943  -2.40298  -2.83276  -3.27508  -3.73175  -4.19919  -4.67905  -5.17305  -5.67492  -6.18791  -6.70876
 178.05452    0.42744   0.38802   0.24565   0.03313  -0.22869  -0.52841  -0.85830  -1.21422  -1.59156  -1.98863  -2.40240  -2.83238  -3.27492  -3.73179  -4.19944  -4.67950  -5.17367  -5.67573  -6.18890  -6.70993
 178.25734    0.43000   0.39051   0.24797   0.03524  -0.22679  -0.52672  -0.85682  -1.21295  -1.59050  -1.98780  -2.40177  -2.83197  -3.27471  -3.73180  -4.19966  -4.67992  -5.17426  -5.67651  -6.18985  -6.71106
 178.46017    0.43262   0.39306   0.25034   0.03741  -0.22483  -0.52497  -0.85529  -1.21164  -1.58941  -1.98692  -2.40111  -2.83151  -3.27448  -3.73177  -4.19986  -4.68031  -5.17482  -5.67725  -6.19076  -6.71215
 178.66299    0.43530   0.39566   0.25276   0.03963  -0.22282  -0.52318  -0.85372  -1.21029  -1.58827  -1.98600  -2.40040  -2.83102  -3.27420  -3.73171  -4.20002  -4.68068  -5.17535  -5.67796  -6.19164  -6.71321
 178.86581    0.43803   0.39832   0.25524   0.04190  -0.22077  -0.52134  -0.85210  -1.20889  -1.58709  -1.98504  -2.39966  -2.83050  -3.27390  -3.73163  -4.20016  -4.68101  -5.17585  -5.67864  -6.19249  -6.71423
 179.06863    0.44082   0.40103   0.25777   0.04422  -0.21866  -0.51946  -0.85043  -1.20744  -1.58587  -1.98404  -2.39888  -2.82994  -3.27356  -3.73151  -4.20026  -4.68132  -5.17632  -5.67929  -6.19331  -6.71522
 179.27145    0.44367   0.40380   0.26035   0.04659  -0.21651  -0.51753  -0.84872  -1.20596  -1.58461  -1.98301  -2.39807  -2.82934  -3.27320  -3.73136  -4.20034  -4.68161  -5.17676  -5.67991  -6.19409  -6.71617
 179.47427    0.44657   0.40662   0.26299   0.04902  -0.21431  -0.51555  -0.84697  -1.20443  -1.58331  -1.98193  -2.39722  -2.82871  -3.27280  -3.73118  -4.20040  -4.68187  -5.17717  -5.68050  -6.19484  -6.71708
 179.67710    0.44952   0.40950   0.26568   0.05149  -0.21206  -0.51352  -0.84517  -1.20286  -1.58197  -1.98082  -2.39633  -2.82805  -3.27237  -3.73097  -4.20042  -4.68210  -5.17756  -5.68106  -6.19556  -6.71797
 179.87992    0.45253   0.41242   0.26841   0.05401  -0.20976  -0.51145  -0.84333  -1.20125  -1.58059  -1.97967  -2.39541  -2.82735  -3.27191  -3.73074  -4.20043  -4.68231  -5.17791  -5.68160  -6.19625  -6.71882
 180.08274    0.45559   0.41540   0.27120   0.05658  -0.20741  -0.50933  -0.84145  -1.19959  -1.57917  -1.97848  -2.39446  -2.82662  -3.27142  -3.73047  -4.20040  -4.68250  -5.17825  -5.68211  -6.19690  -6.71964
 180.28556    0.45870   0.41844   0.27404   0.05920  -0.20502  -0.50717  -0.83952  -1.19790  -1.57771  -1.97726  -2.39347  -2.82586  -3.27090  -3.73018  -4.20036  -4.68266  -5.17855  -5.68259  -6.19753  -6.72043
 180.48838    0.46187   0.42152   0.27693   0.06187  -0.20258  -0.50497  -0.83756  -1.19617  -1.57622  -1.97600  -2.39245  -2.82507  -3.27035  -3.72987  -4.20029  -4.68281  -5.17884  -5.68304  -6.19814  -6.72118
 180.69120    0.46509   0.42466   0.27987   0.06459  -0.20010  -0.50272  -0.83555  -1.19439  -1.57469  -1.97471  -2.39140  -2.82424  -3.26978  -3.72953  -4.20020  -4.68293  -5.17910  -5.68348  -6.19871  -6.72191
 180.89403    0.46836   0.42784   0.28286   0.06736  -0.19757  -0.50042  -0.83349  -1.19258  -1.57312  -1.97338  -2.39031  -2.82339  -3.26918  -3.72916  -4.20008  -4.68303  -5.17933  -5.68389  -6.19926  -6.72261
 181.09685    0.47168   0.43108   0.28590   0.07017  -0.19499  -0.49809  -0.83140  -1.19073  -1.57151  -1.97202  -2.38919  -2.82251  -3.26856  -3.72877  -4.19995  -4.68312  -5.17955  -5.68427  -6.19978  -6.72328
 181.29967    0.47506   0.43437   0.28899   0.07303  -0.19237  -0.49571  -0.82927  -1.18884  -1.56987  -1.97062  -2.38805  -2.82159  -3.26791  -3.72835  -4.19980  -4.68318  -5.17974  -5.68464  -6.20027  -6.72392
 181.50249    0.47849   0.43771   0.29213   0.07593  -0.18971  -0.49329  -0.82710  -1.18691  -1.56820  -1.96919  -2.38687  -2.82065  -3.26723  -3.72792  -4.19962  -4.68323  -5.17991  -5.68498  -6.20074  -6.72454
 181.70531    0.48196   0.44110   0.29531   0.07889  -0.18700  -0.49082  -0.82489  -1.18495  -1.56649  -1.96773  -2.38566  -2.81968  -3.26653  -3.72746  -4.19943  -4.68326  -5.18006  -5.68530  -6.20119  -6.72513
 181.90813    0.48549   0.44454   0.29855   0.08189  -0.18425  -0.48832  -0.82264  -1.18295  -1.56474  -1.96624  -2.38442  -2.81869  -3.26580  -3.72697  -4.19922  -4.68327  -5.18019  -5.68560  -6.20161  -6.72569
 182.11096    0.48907   0.44803   0.30183   0.08493  -0.18145  -0.48577  -0.82035  -1.18091  -1.56297  -1.96471  -2.38316  -2.81766  -3.26506  -3.72647  -4.19899  -4.68327  -5.18030  -5.68587  -6.20201  -6.72623
 182.31378    0.49270   0.45156   0.30516   0.08802  -0.17861  -0.48318  -0.81802  -1.17883  -1.56115  -1.96316  -2.38186  -2.81661  -3.26429  -3.72595  -4.19874  -4.68325  -5.18039  -5.68613  -6.20238  -6.72674
 182.51660    0.49638   0.45515   0.30853   0.09115  -0.17573  -0.48055  -0.81566  -1.17672  -1.55931  -1.96157  -2.38054  -2.81553  -3.26349  -3.72540  -4.19847  -4.68322  -5.18047  -5.68638  -6.20274  -6.72723
 182.71942    0.50011   0.45878   0.31195   0.09433  -0.17281  -0.47789  -0.81325  -1.17458  -1.55743  -1.95995  -2.37919  -2.81443  -3.26268  -3.72484  -4.19820  -4.68317  -5.18053  -5.68660  -6.20307  -6.72769
 182.92224    0.50389   0.46247   0.31542   0.09755  -0.16984  -0.47518  -0.81081  -1.17240  -1.55553  -1.95831  -2.37781  -2.81331  -3.26184  -3.72426  -4.19790  -4.68311  -5.18057  -5.68681  -6.20338  -6.72813
 183.12506    0.50771   0.46620   0.31893   0.10082  -0.16683  -0.47243  -0.80834  -1.17018  -1.55358  -1.95663  -2.37641  -2.81216  -3.26099  -3.72366  -4.19759  -4.68303  -5.18059  -5.68699  -6.20367  -6.72855
 183.32789    0.51159   0.46997   0.32249   0.10413  -0.16378  -0.46964  -0.80582  -1.16793  -1.55161  -1.95493  -2.37498  -2.81098  -3.26011  -3.72304  -4.19727  -4.68295  -5.18060  -5.68717  -6.20394  -6.72895
 183.53071    0.51551   0.47380   0.32610   0.10748  -0.16069  -0.46682  -0.80328  -1.16565  -1.54961  -1.95319  -2.37353  -2.80978  -3.25922  -3.72240  -4.19693  -4.68285  -5.18059  -5.68732  -6.20420  -6.72933
 183.73353    0.51948   0.47767   0.32975   0.11088  -0.15756  -0.46396  -0.80069  -1.16334  -1.54758  -1.95143  -2.37205  -2.80856  -3.25830  -3.72175  -4.19658  -4.68274  -5.18057  -5.68747  -6.20443  -6.72968
 183.93635    0.52350   0.48159   0.33344   0.11432  -0.15439  -0.46105  -0.79807  -1.16099  -1.54552  -1.94964  -2.37054  -2.80732  -3.25737  -3.72108  -4.19621  -4.68262  -5.18054  -5.68759  -6.20465  -6.73002
 184.13917    0.52757   0.48555   0.33718   0.11780  -0.15118  -0.45812  -0.79542  -1.15861  -1.54342  -1.94783  -2.36902  -2.80605  -3.25642  -3.72040  -4.19584  -4.68249  -5.18049  -5.68771  -6.20485  -6.73034
 184.34200    0.53168   0.48956   0.34097   0.12132  -0.14793  -0.45514  -0.79273  -1.15619  -1.54130  -1.94598  -2.36747  -2.80477  -3.25545  -3.71970  -4.19545  -4.68235  -5.18043  -5.68781  -6.20503  -6.73063
 184.54482    0.53584   0.49362   0.34479   0.12489  -0.14465  -0.45213  -0.79001  -1.15375  -1.53915  -1.94411  -2.36589  -2.80346  -3.25447  -3.71899  -4.19505  -4.68220  -5.18036  -5.68789  -6.20520  -6.73091
 184.74764    0.54004   0.49772   0.34866   0.12849  -0.14132  -0.44908  -0.78725  -1.15127  -1.53698  -1.94222  -2.36429  -2.80213  -3.25347  -3.71826  -4.19464  -4.68204  -5.18028  -5.68797  -6.20535  -6.73117
 184.95046    0.54429   0.50187   0.35258   0.13214  -0.13795  -0.44599  -0.78446  -1.14877  -1.53477  -1.94030  -2.36268  -2.80078  -3.25245  -3.71752  -4.19422  -4.68188  -5.18018  -5.68803  -6.20549  -6.73142
 185.15328    0.54859   0.50606   0.35653   0.13583  -0.13455  -0.44287  -0.78164  -1.14623  -1.53254  -1.93836  -2.36104  -2.79942  -3.25142  -3.71676  -4.19380  -4.68170  -5.18008  -5.68809  -6.20561  -6.73165
 185.35610    0.55293   0.51029   0.36053   0.13956  -0.13111  -0.43972  -0.77879  -1.14366  -1.53028  -1.93639  -2.35937  -2.79803  -3.25037  -3.71599  -4.19336  -4.68153  -5.17996  -5.68813  -6.20572  -6.73186
 185.55893    0.55732   0.51457   0.36457   0.14332  -0.12763  -0.43653  -0.77590  -1.14106  -1.52799  -1.93439  -2.35769  -2.79662  -3.24931  -3.71521  -4.19291  -4.68134  -5.17984  -5.68816  -6.20581  -6.73205
 185.76175    0.56176   0.51890   0.36865   0.14713  -0.12411  -0.43330  -0.77298  -1.13844  -1.52568  -1.93238  -2.35599  -2.79520  -3.24823  -3.71442  -4.19246  -4.68115  -5.17971  -5.68818  -6.20590  -6.73223
 185.96457    0.56623   0.52326   0.37278   0.15098  -0.12056  -0.43004  -0.77003  -1.13578  -1.52334  -1.93034  -2.35427  -2.79376  -3.24714  -3.71362  -4.19200  -4.68095  -5.17956  -5.68820  -6.20597  -6.73240
 186.16739    0.57076   0.52767   0.37694   0.15486  -0.11697  -0.42675  -0.76705  -1.13310  -1.52098  -1.92827  -2.35252  -2.79230  -3.24604  -3.71281  -4.19154  -4.68075  -5.17942  -5.68820  -6.20602  -6.73255
 186.37021    0.57532   0.53212   0.38115   0.15879  -0.11334  -0.42342  -0.76404  -1.13039  -1.51859  -1.92619  -2.35076  -2.79082  -3.24492  -3.71198  -4.19106  -4.68055  -5.17926  -5.68820  -6.20607  -6.73269
 186.57303    0.57993   0.53662   0.38540   0.16275  -0.10968  -0.42006  -0.76100  -1.12765  -1.51618  -1.92408  -2.34898  -2.78933  -3.24380  -3.71115  -4.19059  -4.68034  -5.17910  -5.68819  -6.20611  -6.73281
 186.77586    0.58458   0.54116   0.38969   0.16675  -0.10598  -0.41666  -0.75793  -1.12488  -1.51374  -1.92195  -2.34718  -2.78782  -3.24266  -3.71031  -4.19010  -4.68013  -5.17893  -5.68817  -6.20613  -6.73293
 186.97868    0.58928   0.54574   0.39402   0.17079  -0.10225  -0.41324  -0.75483  -1.12208  -1.51128  -1.91980  -2.34537  -2.78630  -3.24151  -3.70946  -4.18961  -4.67992  -5.17875  -5.68815  -6.20615  -6.73303
 187.18150    0.59402   0.55036   0.39838   0.17487  -0.09848  -0.40978  -0.75170  -1.11926  -1.50879  -1.91763  -2.34353  -2.78476  -3.24035  -3.70860  -4.18912  -4.67970  -5.17857  -5.68812  -6.20615  -6.73311
 187.38432    0.59880   0.55502   0.40279   0.17898  -0.09468  -0.40628  -0.74854  -1.11641  -1.50628  -1.91544  -2.34168  -2.78321  -3.23918  -3.70773  -4.18863  -4.67949  -5.17839  -5.68808  -6.20615  -6.73319
 187.58714    0.60363   0.55973   0.40724   0.18313  -0.09084  -0.40276  -0.74535  -1.11354  -1.50375  -1.91323  -2.33981  -2.78164  -3.23799  -3.70686  -4.18813  -4.67927  -5.17820  -5.68804  -6.20614  -6.73326
 187.78996    0.60849   0.56448   0.41173   0.18732  -0.08697  -0.39921  -0.74213  -1.11064  -1.50120  -1.91099  -2.33793  -2.78006  -3.23680  -3.70598  -4.18762  -4.67905  -5.17800  -5.68800  -6.20612  -6.73331
 187.99279    0.61340   0.56926   0.41625   0.19155  -0.08307  -0.39562  -0.73889  -1.10771  -1.49862  -1.90874  -2.33603  -2.77846  -3.23560  -3.70509  -4.18712  -4.67883  -5.17781  -5.68795  -6.20609  -6.73336
 188.19561    0.61835   0.57409   0.42081   0.19581  -0.07913  -0.39200  -0.73561  -1.10476  -1.49602  -1.90647  -2.33411  -2.77685  -3.23440  -3.70420  -4.18661  -4.67861  -5.17761  -5.68790  -6.20606  -6.73340
 188.39843    0.62334   0.57896   0.42542   0.20010  -0.07516  -0.38836  -0.73231  -1.10179  -1.49341  -1.90418  -2.33218  -2.77523  -3.23318  -3.70330  -4.18610  -4.67840  -5.17741  -5.68784  -6.20602  -6.73343
 188.60125    0.62838   0.58386   0.43006   0.20443  -0.07115  -0.38468  -0.72899  -1.09879  -1.49077  -1.90188  -2.33024  -2.77360  -3.23196  -3.70239  -4.18560  -4.67818  -5.17720  -5.68779  -6.20597  -6.73345
 188.80407    0.63345   0.58881   0.43473   0.20880  -0.06712  -0.38097  -0.72563  -1.09576  -1.48810  -1.89955  -2.32828  -2.77195  -3.23072  -3.70148  -4.18509  -4.67797  -5.17700  -5.68773  -6.20592  -6.73346
 189.00689    0.63856   0.59380   0.43945   0.21320  -0.06305  -0.37723  -0.72225  -1.09272  -1.48542  -1.89721  -2.32630  -2.77029  -3.22949  -3.70057  -4.18458  -4.67776  -5.17679  -5.68766  -6.20587  -6.73346
 189.20972    0.64372   0.59882   0.44420   0.21764  -0.05895  -0.37347  -0.71885  -1.08964  -1.48272  -1.89485  -2.32431  -2.76862  -3.22824  -3.69965  -4.18407  -4.67755  -5.17658  -5.68760  -6.20580  -6.73346
 189.41254    0.64891   0.60389   0.44899   0.22211  -0.05482  -0.36967  -0.71542  -1.08655  -1.48000  -1.89247  -2.32231  -2.76694  -3.22699  -3.69873  -4.18356  -4.67734  -5.17637  -5.68754  -6.20574  -6.73345
 189.61536    0.65414   0.60899   0.45381   0.22662  -0.05065  -0.36585  -0.71196  -1.08343  -1.47726  -1.89008  -2.32030  -2.76525  -3.22573  -3.69780  -4.18305  -4.67714  -5.17617  -5.68747  -6.20567  -6.73344
 189.81818    0.65942   0.61413   0.45868   0.23115  -0.04646  -0.36199  -0.70847  -1.08029  -1.47450  -1.88767  -2.31827  -2.76355  -3.22447  -3.69688  -4.18254  -4.67694  -5.17596  -5.68741  -6.20559  -6.73342
 190.02100    0.66473   0.61931   0.46357   0.23573  -0.04223  -0.35811  -0.70497  -1.07713  -1.47172  -1.88524  -2.31623  -2.76184  -3.22320  -3.69595  -4.18204  -4.67675  -5.17576  -5.68735  -6.20552  -6.73339

# Minimas
 170.09176    0.37556 
 170.19925    0.33826 
 170.57531    0.20163 
 171.03155   -0.00461 
 171.52345   -0.26031 
 172.05722   -0.55418 
 172.59616   -0.87878 
 173.20651   -1.22972 
 173.81789   -1.60278 
 174.52020   -1.99602 
 175.24476   -2.40674 
 176.09981   -2.83434 
 177.03159   -3.27539 
 178.20442   -3.73180 
 179.79717   -4.20043 
 181.96722   -4.68327 
 183.34701   -5.18060 
 186.19288   -5.68820 
 187.21913   -6.20615 
 189.03488   -6.73346 

