   0.000000000000000    0.000000000000000
  10.000000000000000    4.556975480856556
  20.000000000000000   20.328723693258219
  30.000000000000000   38.917019772710567
  40.000000000000000   56.127952877468765
  50.000000000000000   70.939876061798742
  60.000000000000000   83.430164161080654
  70.000000000000000   93.937669244243438
  80.000000000000000  102.868216573484972
  90.000000000000000  110.514737898758142
 100.000000000000000  117.051721979809940
 110.000000000000000  122.833559847507715
 120.000000000000000  127.807274821837069
 130.000000000000000  131.977241313722402
 140.000000000000000  135.769375433989381
 150.000000000000000  139.223774430323601
 160.000000000000000  142.192177165760995
 170.000000000000000  144.746102050269343
 180.000000000000000  147.035977125314815
 190.000000000000000  149.030239248570695
 200.000000000000000  150.783980338393121
 210.000000000000000  152.592238563611602
 220.000000000000000  153.624649880807482
 230.000000000000000  155.266211382408130
 240.000000000000000  157.075529563258499
 250.000000000000000  157.581394085277509
 260.000000000000000  158.311003141549435
 270.000000000000000  159.082355120006156
 280.000000000000000  160.401843987938776
 290.000000000000000  160.876305558273458
 300.000000000000000  161.265644309329645
 310.000000000000000  162.377262377103762
 320.000000000000000  163.388390294202196
 330.000000000000000  163.514625663742009
 340.000000000000000  163.637140118251921
 350.000000000000000  164.698236346411960
 360.000000000000000  164.093068932276111
 370.000000000000000  164.661860641443667
 380.000000000000000  166.885327753478890
 390.000000000000000  165.698195567972391
 400.000000000000000  166.141835340710884
 410.000000000000000  167.285154427035593
 420.000000000000000  165.361789492801108
 430.000000000000000  165.816730658154313
 440.000000000000000  167.108016653012442
 450.000000000000000  168.353940576292274
 460.000000000000000  168.838546931672056
 470.000000000000000  166.879180910701109
 480.000000000000000  166.665338624110746
 490.000000000000000  168.671878029495844
 500.000000000000000  168.362785283143495
 510.000000000000000  168.414534386322998
 520.000000000000000  168.414976106559806
 530.000000000000000  166.771389721987816
 540.000000000000000  173.447795478890583
 550.000000000000000  168.374091348923628
 560.000000000000000  166.183550134047152
 570.000000000000000  172.796147203956963
 580.000000000000000  169.549453947749015
 590.000000000000000  163.449087633693750
 600.000000000000000  168.552335119847783
 610.000000000000000  172.893205588787225
 620.000000000000000  167.508320470375736
 630.000000000000000  168.672087076627918
 640.000000000000000  169.233797361786117
 650.000000000000000  166.996326213448611
 660.000000000000000  169.611819471525138
 670.000000000000000  175.211717334038383
 680.000000000000000  172.947964649514319
 690.000000000000000  176.972959131932527
 700.000000000000000  168.527697949090452
 710.000000000000000  163.633605046885293
 720.000000000000000  172.471219391131996
 730.000000000000000  157.485158298888848
 740.000000000000000  169.222073989394403
 750.000000000000000  184.520663549084702
 760.000000000000000  173.782881625440211
 770.000000000000000  172.699075964407854
 780.000000000000000  169.280768625206548
 790.000000000000000  170.183599506053611
 800.000000000000000  171.627388982530476
 810.000000000000000  167.350801664720990
 820.000000000000000  170.879649444584146
 830.000000000000000  171.424164182587731
 840.000000000000000  166.086039309813941
 850.000000000000000  170.603357558970259
 860.000000000000000  174.874306269896920
 870.000000000000000  173.129110550321798
 880.000000000000000  166.716138751038784
 890.000000000000000  171.257183477731189
 900.000000000000000  173.279196726851779
 910.000000000000000  166.069167106571342
 920.000000000000000  169.181143930810038
 930.000000000000000  174.208727434890562
 940.000000000000000  177.785314703299008
 950.000000000000000  170.101854606378737
 960.000000000000000  166.272678984359544
 970.000000000000000  171.323003938741067
 980.000000000000000  169.253629694216926
 990.000000000000000  132.004096016928145
1000.000000000000000  175.004626921117762
1010.000000000000000  208.098809769639644
1020.000000000000000  168.775215154564648
1030.000000000000000  172.271537337234463
1040.000000000000000  169.695644200074099
1050.000000000000000  173.070515534095591
1060.000000000000000  172.125897553719142
1070.000000000000000  170.703734423232447
1080.000000000000000  169.564277244307107
1090.000000000000000  114.469252803371916
1100.000000000000000  108.276156544937749
1110.000000000000000  165.143050254753689
1120.000000000000000  237.607836371364897
1130.000000000000000  234.271555348827917
1140.000000000000000  169.539231424629548
1150.000000000000000  173.193227796028623
1160.000000000000000  171.843595075850146
1170.000000000000000  166.969455148382053
1180.000000000000000  170.810037749462793
1190.000000000000000  172.537696460948354
1200.000000000000000  172.968140651206966
1210.000000000000000  172.207190465607454
1220.000000000000000  170.770508621584355
1230.000000000000000  170.510259589383082
1240.000000000000000  170.113323050884162
1250.000000000000000  169.885471170536647
1260.000000000000000  171.443019315869634
1270.000000000000000  173.181797194373104
1280.000000000000000  171.454164234556231
1290.000000000000000  171.058632949858605
1300.000000000000000  168.479353368941531
1310.000000000000000  168.005021069005409
1320.000000000000000  172.739336528711021
1330.000000000000000  173.578969691951613
1340.000000000000000  171.550347260434620
1350.000000000000000  168.587220555675628
1360.000000000000000  169.121323625400436
1370.000000000000000  171.643839651771600
1380.000000000000000  168.636688085789217
1390.000000000000000  170.871232584600193
1400.000000000000000  173.756524702993687
1410.000000000000000  172.918340659455993
1420.000000000000000  172.103759103931139
1430.000000000000000  170.395526648482445
1440.000000000000000  170.308510126880321
1450.000000000000000  170.116893549790973
1460.000000000000000  171.403605864713199
1470.000000000000000  170.024510246488234
1480.000000000000000  172.106474834069274
1490.000000000000000  171.380898355362291
1500.000000000000000  168.050374929057398
1510.000000000000000  172.325446866651617
1520.000000000000000  170.903536201910384
1530.000000000000000  168.893118683257370
1540.000000000000000  172.203680879205507
1550.000000000000000  170.820496222542062
1560.000000000000000  168.952276131009256
1570.000000000000000  171.241686657046330
1580.000000000000000  171.695025700197647
1590.000000000000000  171.691025741468792
1600.000000000000000  171.560238885091053
1610.000000000000000  170.274255695940724
1620.000000000000000  169.949382564080310
1630.000000000000000  170.955401854841455
1640.000000000000000  169.763758229705985
1650.000000000000000  170.721816518060990
1660.000000000000000  171.759862151782471
1670.000000000000000  170.842620118586012
1680.000000000000000  170.364531085402348
1690.000000000000000  169.640554417007337
1700.000000000000000  170.167585465250028
1710.000000000000000  171.398576639555273
1720.000000000000000  170.989563229530233
1730.000000000000000  169.871455957592275
1740.000000000000000  172.718572372903907
1750.000000000000000  171.227467320545514
1760.000000000000000  169.233417689100662
1770.000000000000000  172.761852986227296
1780.000000000000000  171.232769427502831
1790.000000000000000  168.238055739971259
1800.000000000000000  168.017628857060629
1810.000000000000000  171.694063105986714
1820.000000000000000  172.807518678917347
1830.000000000000000  168.933536697905907
1840.000000000000000  170.822299879412498
1850.000000000000000  169.765546954347457
1860.000000000000000  168.586989222130455
1870.000000000000000  172.408719255749446
1880.000000000000000  173.528488848362628
1890.000000000000000  170.676965128256654
1900.000000000000000  169.538924827811599
1910.000000000000000  169.836559750402955
1920.000000000000000  169.823115534240657
1930.000000000000000  171.327522717883340
1940.000000000000000  170.524047864696200
1950.000000000000000  169.098288276808262
1960.000000000000000  170.884887999195200
1970.000000000000000  171.842989779911420
1980.000000000000000  171.005426928397156
1990.000000000000000  169.986040297828168
