   0.000000000000000    0.000000000000000
  10.000000000000000    0.000212309470554
  20.000000000000000    0.000605042552045
  30.000000000000000    0.000892522034337
  40.000000000000000    0.001089440435558
  50.000000000000000    0.001230515397723
  60.000000000000000    0.001338411566465
  70.000000000000000    0.001425544032687
  80.000000000000000    0.001498682612666
  90.000000000000000    0.001561801126372
 100.000000000000000    0.001616551502808
 110.000000000000000    0.001663976634026
 120.000000000000000    0.001706185608500
 130.000000000000000    0.001741962623604
 140.000000000000000    0.001772780247065
 150.000000000000000    0.001799419801206
 160.000000000000000    0.001822678579240
 170.000000000000000    0.001842212525878
 180.000000000000000    0.001858922468169
 190.000000000000000    0.001872842410868
 200.000000000000000    0.001884517182613
 210.000000000000000    0.001894015466103
 220.000000000000000    0.001902360950608
 230.000000000000000    0.001907777900749
 240.000000000000000    0.001913849876559
 250.000000000000000    0.001917828932223
 260.000000000000000    0.001920719171862
 270.000000000000000    0.001922478538155
 280.000000000000000    0.001923591042711
 290.000000000000000    0.001924392788120
 300.000000000000000    0.001923989754129
 310.000000000000000    0.001923397533174
 320.000000000000000    0.001922340524127
 330.000000000000000    0.001921007195263
 340.000000000000000    0.001918937982843
 350.000000000000000    0.001916700086999
 360.000000000000000    0.001914159832547
 370.000000000000000    0.001911189226409
 380.000000000000000    0.001908156180813
 390.000000000000000    0.001904800937728
 400.000000000000000    0.001901360492040
 410.000000000000000    0.001897495379992
 420.000000000000000    0.001893661143147
 430.000000000000000    0.001889933788735
 440.000000000000000    0.001885855896475
 450.000000000000000    0.001881662522625
 460.000000000000000    0.001876937467204
 470.000000000000000    0.001872368040091
 480.000000000000000    0.001868415897711
 490.000000000000000    0.001863925078910
 500.000000000000000    0.001858906285166
 510.000000000000000    0.001854573464270
 520.000000000000000    0.001849437740030
 530.000000000000000    0.001845156224888
 540.000000000000000    0.001841147430271
 550.000000000000000    0.001831711932634
 560.000000000000000    0.001831905826675
 570.000000000000000    0.001824091581778
 580.000000000000000    0.001819110557191
 590.000000000000000    0.001813739462900
 600.000000000000000    0.001814133350200
 610.000000000000000    0.001804444117836
 620.000000000000000    0.001801407230437
 630.000000000000000    0.001796342821219
 640.000000000000000    0.001792361485888
 650.000000000000000    0.001786821106123
 660.000000000000000    0.001785118088276
 670.000000000000000    0.001777090150953
 680.000000000000000    0.001769848263171
 690.000000000000000    0.001763805532654
 700.000000000000000    0.001751293374612
 710.000000000000000    0.001755360210744
 720.000000000000000    0.001748832556136
 730.000000000000000    0.001742502733438
 740.000000000000000    0.001752631890889
 750.000000000000000    0.001733654776239
 760.000000000000000    0.001726981019603
 770.000000000000000    0.001719020400574
 780.000000000000000    0.001713655308131
 790.000000000000000    0.001710219771274
 800.000000000000000    0.001703695708945
 810.000000000000000    0.001698379140305
 820.000000000000000    0.001697780835226
 830.000000000000000    0.001687643455310
 840.000000000000000    0.001686502510825
 850.000000000000000    0.001683806077679
 860.000000000000000    0.001676468038190
 870.000000000000000    0.001667734960643
 880.000000000000000    0.001662788217260
 890.000000000000000    0.001663429296463
 900.000000000000000    0.001651855851588
 910.000000000000000    0.001649705457178
 920.000000000000000    0.001648818227524
 930.000000000000000    0.001642134849385
 940.000000000000000    0.001633778766283
 950.000000000000000    0.001621203528818
 960.000000000000000    0.001624893436977
 970.000000000000000    0.001618441586220
 980.000000000000000    0.001614242988348
 990.000000000000000    0.001611098504118
1000.000000000000000    0.001656317410644
1010.000000000000000    0.001595133479825
1020.000000000000000    0.001597882320320
1030.000000000000000    0.001588788148186
1040.000000000000000    0.001585976200657
1050.000000000000000    0.001581066198079
1060.000000000000000    0.001572708487853
1070.000000000000000    0.001569387009093
1080.000000000000000    0.001563390219354
1090.000000000000000    0.001562068923429
1100.000000000000000    0.001630603933912
1110.000000000000000    0.001632183383623
1120.000000000000000    0.001628875561090
1130.000000000000000    0.001539331876775
1140.000000000000000    0.001535124469568
1150.000000000000000    0.001532324842937
1160.000000000000000    0.001521683084928
1170.000000000000000    0.001521336164615
1180.000000000000000    0.001519359172593
1190.000000000000000    0.001512261339507
1200.000000000000000    0.001507255668210
1210.000000000000000    0.001499309514356
1220.000000000000000    0.001495679919301
1230.000000000000000    0.001490340337394
1240.000000000000000    0.001487235566958
1250.000000000000000    0.001482661655331
1260.000000000000000    0.001480031151965
1270.000000000000000    0.001472602528638
1280.000000000000000    0.001466748262783
1290.000000000000000    0.001462520821625
1300.000000000000000    0.001457419779129
1310.000000000000000    0.001458111885155
1320.000000000000000    0.001453960910979
1330.000000000000000    0.001445781230197
1340.000000000000000    0.001440003949985
1350.000000000000000    0.001435648988925
1360.000000000000000    0.001435595185071
1370.000000000000000    0.001430266961588
1380.000000000000000    0.001425424765486
1390.000000000000000    0.001425892823723
1400.000000000000000    0.001416795555621
1410.000000000000000    0.001411730043214
1420.000000000000000    0.001404145574614
1430.000000000000000    0.001400662511513
1440.000000000000000    0.001396447112863
1450.000000000000000    0.001393171083709
1460.000000000000000    0.001389368021171
1470.000000000000000    0.001383555240721
1480.000000000000000    0.001382530801561
1490.000000000000000    0.001372542644464
1500.000000000000000    0.001373015312702
1510.000000000000000    0.001369745775485
1520.000000000000000    0.001361633023960
1530.000000000000000    0.001361255073257
1540.000000000000000    0.001357231472092
1550.000000000000000    0.001350166772691
1560.000000000000000    0.001348967766441
1570.000000000000000    0.001345731999441
1580.000000000000000    0.001339897167168
1590.000000000000000    0.001335742534671
1600.000000000000000    0.001329898500671
1610.000000000000000    0.001326013022810
1620.000000000000000    0.001322842374474
1630.000000000000000    0.001319658789831
1640.000000000000000    0.001314417831284
1650.000000000000000    0.001313741607472
1660.000000000000000    0.001306521046656
1670.000000000000000    0.001303696984870
1680.000000000000000    0.001298386925760
1690.000000000000000    0.001296591495626
1700.000000000000000    0.001292828640949
1710.000000000000000    0.001289953493448
1720.000000000000000    0.001283603620707
1730.000000000000000    0.001281605424555
1740.000000000000000    0.001277637874334
1750.000000000000000    0.001269578428674
1760.000000000000000    0.001268789771181
1770.000000000000000    0.001265016798678
1780.000000000000000    0.001256643382745
1790.000000000000000    0.001256163238412
1800.000000000000000    0.001254289439522
1810.000000000000000    0.001254307201353
1820.000000000000000    0.001244534695990
1830.000000000000000    0.001242140972274
1840.000000000000000    0.001240763383364
1850.000000000000000    0.001234285906174
1860.000000000000000    0.001235229374492
1870.000000000000000    0.001231340768847
1880.000000000000000    0.001223989110917
1890.000000000000000    0.001217590157505
1900.000000000000000    0.001216480143933
1910.000000000000000    0.001212609926491
1920.000000000000000    0.001210866986944
1930.000000000000000    0.001207047735016
1940.000000000000000    0.001201989927085
1950.000000000000000    0.001199955746499
1960.000000000000000    0.001198080827493
1970.000000000000000    0.001192099089630
1980.000000000000000    0.001188088184824
1990.000000000000000    0.001183961661004
