# Volume points
 166.77479    1.17776   1.13532   0.98536   0.75931   0.47828   0.15467  -0.20354  -0.59082  -1.00317  -1.43751  -1.89145  -2.36307  -2.85077  -3.35323  -3.86933  -4.39809  -4.93868  -5.49037  -6.05250  -6.62450
 172.04098    0.86962   0.82508   0.67000   0.43761   0.14964  -0.18123  -0.54692  -0.94184  -1.36195  -1.80415  -2.26604  -2.74567  -3.24145  -3.75205  -4.27633  -4.81333  -5.36220  -5.92220  -6.49269  -7.07308
 177.41688    0.65538   0.60884   0.44922   0.21144  -0.08225  -0.41899  -0.79062  -1.19152  -1.61761  -2.06581  -2.53370  -3.01933  -3.52110  -4.03769  -4.56796  -5.11093  -5.66578  -6.23175  -6.80820  -7.39454
 182.90362    0.52664   0.47745   0.31274   0.06920  -0.23041  -0.57309  -0.95063  -1.35740  -1.78931  -2.24327  -2.71688  -3.20818  -3.71557  -4.23774  -4.77355  -5.32203  -5.88234  -6.45374  -7.03559  -7.62730
 188.50233    0.47609   0.42441   0.25514   0.00664  -0.29791  -0.64544  -1.02769  -1.43903  -1.87541  -2.33372  -2.81157  -3.30702  -3.81848  -4.34462  -4.88433  -5.43664  -6.00071  -6.57581  -7.16129  -7.75658
 194.21414    0.49634   0.44152   0.26697   0.01295  -0.29703  -0.64979  -1.03710  -1.45332  -1.89441  -2.35729  -2.83958  -3.33934  -3.85500  -4.38524  -4.92894  -5.48516  -6.05304  -6.63188  -7.22102  -7.81990
 200.04018    0.58095   0.52224   0.34183   0.08190  -0.23375  -0.59191  -0.98435  -1.40547  -1.85124  -2.31862  -2.80523  -3.30915  -3.82883  -4.36295  -4.91041  -5.47027  -6.04169  -6.62396  -7.21644  -7.81856
 205.98158    0.72343   0.66195   0.47942   0.21855  -0.09698  -0.45414  -0.84484  -1.26359  -1.70644  -2.17041  -2.65317  -3.15286  -3.66793  -4.19712  -4.73935  -5.29368  -5.85931  -6.43554  -7.02174  -7.61737
 212.03948    0.91847   0.86340   0.69333   0.44828   0.15106  -0.18586  -0.55473  -0.95032  -1.36886  -1.80752  -2.26406  -2.73671  -3.22402  -3.72477  -4.23793  -4.76261  -5.29804  -5.84357  -6.39858  -6.96257

# Fitted data
 166.77479    1.17778   1.13454   0.98308   0.75559   0.47272   0.14665  -0.21037  -0.60757  -1.01934  -1.45593  -1.88082  -2.34910  -2.87705  -3.38277  -3.90096  -4.43275  -4.97679  -5.53074  -6.09605  -6.67175
 167.00112    1.16233   1.11915   0.96771   0.74019   0.45732   0.13126  -0.22610  -0.62268  -1.03471  -1.47133  -1.89839  -2.36734  -2.89263  -3.39833  -3.91665  -4.44847  -4.99253  -5.54660  -6.11196  -6.68770
 167.22744    1.14710   1.10396   0.95253   0.72497   0.44208   0.11603  -0.24167  -0.63766  -1.04995  -1.48661  -1.91579  -2.38541  -2.90812  -3.41380  -3.93225  -4.46411  -5.00821  -5.56238  -6.12781  -6.70360
 167.45376    1.13207   1.08896   0.93754   0.70992   0.42702   0.10096  -0.25708  -0.65251  -1.06506  -1.50177  -1.93302  -2.40330  -2.92351  -3.42918  -3.94776  -4.47968  -5.02381  -5.57811  -6.14360  -6.71944
 167.68009    1.11724   1.07417   0.92274   0.69506   0.41212   0.08605  -0.27233  -0.66722  -1.08004  -1.51681  -1.95009  -2.42102  -2.93880  -3.44448  -3.96320  -4.49517  -5.03935  -5.59377  -6.15933  -6.73523
 167.90641    1.10261   1.05957   0.90812   0.68038   0.39739   0.07129  -0.28742  -0.68181  -1.09489  -1.53173  -1.96700  -2.43857  -2.95400  -3.45968  -3.97855  -4.51058  -5.05482  -5.60936  -6.17500  -6.75097
 168.13273    1.08819   1.04517   0.89369   0.66587   0.38283   0.05669  -0.30236  -0.69627  -1.10962  -1.54654  -1.98374  -2.45594  -2.96909  -3.47480  -3.99381  -4.52592  -5.07021  -5.62489  -6.19062  -6.76665
 168.35906    1.07396   1.03096   0.87945   0.65154   0.36844   0.04225  -0.31715  -0.71059  -1.12422  -1.56122  -2.00031  -2.47314  -2.98409  -3.48982  -4.00899  -4.54117  -5.08553  -5.64035  -6.20617  -6.78227
 168.58538    1.05994   1.01695   0.86539   0.63739   0.35421   0.02797  -0.33177  -0.72479  -1.13869  -1.57578  -2.01672  -2.49016  -2.99899  -3.50476  -4.02408  -4.55635  -5.10078  -5.65574  -6.22165  -6.79784
 168.81171    1.04611   1.00313   0.85152   0.62341   0.34015   0.01384  -0.34624  -0.73885  -1.15303  -1.59022  -2.03297  -2.50702  -3.01378  -3.51960  -4.03909  -4.57145  -5.11596  -5.67106  -6.23708  -6.81335
 169.03803    1.03248   0.98950   0.83782   0.60961   0.32625  -0.00014  -0.36056  -0.75278  -1.16724  -1.60455  -2.04905  -2.52370  -3.02848  -3.53435  -4.05401  -4.58646  -5.13106  -5.68631  -6.25244  -6.82880
 169.26435    1.01904   0.97605   0.82431   0.59598   0.31252  -0.01395  -0.37472  -0.76658  -1.18133  -1.61875  -2.06497  -2.54021  -3.04307  -3.54900  -4.06883  -4.60139  -5.14608  -5.70149  -6.26773  -6.84419
 169.49068    1.00580   0.96280   0.81099   0.58253   0.29896  -0.02762  -0.38872  -0.78026  -1.19528  -1.63283  -2.08073  -2.55654  -3.05756  -3.56356  -4.08357  -4.61624  -5.16103  -5.71660  -6.28295  -6.85952
 169.71700    0.99275   0.94974   0.79784   0.56924   0.28555  -0.04113  -0.40258  -0.79379  -1.20911  -1.64679  -2.09632  -2.57271  -3.07195  -3.57803  -4.09822  -4.63101  -5.17589  -5.73164  -6.29811  -6.87479
 169.94332    0.97989   0.93686   0.78487   0.55613   0.27231  -0.05448  -0.41627  -0.80720  -1.22281  -1.66062  -2.11175  -2.58870  -3.08624  -3.59240  -4.11278  -4.64569  -5.19069  -5.74660  -6.31320  -6.88999
 170.16965    0.96722   0.92417   0.77207   0.54319   0.25924  -0.06768  -0.42982  -0.82048  -1.23638  -1.67434  -2.12701  -2.60452  -3.10042  -3.60668  -4.12725  -4.66028  -5.20540  -5.76148  -6.32822  -6.90513
 170.39597    0.95474   0.91166   0.75946   0.53042   0.24632  -0.08073  -0.44321  -0.83363  -1.24982  -1.68793  -2.14212  -2.62017  -3.11449  -3.62085  -4.14162  -4.67479  -5.22003  -5.77629  -6.34317  -6.92020
 170.62229    0.94245   0.89933   0.74702   0.51782   0.23357  -0.09362  -0.45644  -0.84664  -1.26313  -1.70140  -2.15706  -2.63565  -3.12847  -3.63494  -4.15590  -4.68922  -5.23458  -5.79102  -6.35805  -6.93521
 170.84862    0.93035   0.88719   0.73476   0.50539   0.22098  -0.10637  -0.46952  -0.85952  -1.27631  -1.71475  -2.17183  -2.65096  -3.14233  -3.64892  -4.17009  -4.70355  -5.24904  -5.80568  -6.37285  -6.95015
 171.07494    0.91843   0.87523   0.72267   0.49313   0.20854  -0.11896  -0.48245  -0.87228  -1.28937  -1.72798  -2.18645  -2.66610  -3.15609  -3.66280  -4.18418  -4.71779  -5.26343  -5.82025  -6.38759  -6.96502
 171.30126    0.90669   0.86345   0.71075   0.48103   0.19627  -0.13139  -0.49523  -0.88490  -1.30229  -1.74108  -2.20090  -2.68106  -3.16975  -3.67659  -4.19817  -4.73195  -5.27773  -5.83475  -6.40224  -6.97982
 171.52759    0.89514   0.85185   0.69901   0.46910   0.18416  -0.14368  -0.50786  -0.89739  -1.31508  -1.75406  -2.21519  -2.69586  -3.18329  -3.69027  -4.21207  -4.74601  -5.29194  -5.84917  -6.41682  -6.99455
 171.75391    0.88377   0.84042   0.68744   0.45734   0.17221  -0.15581  -0.52033  -0.90974  -1.32775  -1.76691  -2.22932  -2.71049  -3.19673  -3.70386  -4.22588  -4.75999  -5.30607  -5.86350  -6.43132  -7.00921
 171.98023    0.87258   0.82918   0.67604   0.44574   0.16041  -0.16780  -0.53266  -0.92197  -1.34028  -1.77964  -2.24329  -2.72495  -3.21006  -3.71734  -4.23958  -4.77387  -5.32012  -5.87775  -6.44575  -7.02379
 172.20656    0.86157   0.81810   0.66481   0.43431   0.14877  -0.17963  -0.54483  -0.93406  -1.35268  -1.79225  -2.25710  -2.73924  -3.22328  -3.73072  -4.25319  -4.78765  -5.33407  -5.89192  -6.46009  -7.03831
 172.43288    0.85074   0.80721   0.65375   0.42304   0.13729  -0.19131  -0.55685  -0.94603  -1.36496  -1.80473  -2.27074  -2.75336  -3.23639  -3.74400  -4.26670  -4.80135  -5.34794  -5.90600  -6.47436  -7.05274
 172.65920    0.84009   0.79649   0.64285   0.41193   0.12597  -0.20285  -0.56872  -0.95786  -1.37710  -1.81709  -2.28422  -2.76731  -3.24940  -3.75718  -4.28010  -4.81495  -5.36171  -5.91999  -6.48854  -7.06710
 172.88553    0.82961   0.78594   0.63213   0.40099   0.11480  -0.21423  -0.58044  -0.96956  -1.38911  -1.82932  -2.29755  -2.78109  -3.26229  -3.77025  -4.29341  -4.82845  -5.37540  -5.93390  -6.50265  -7.08138
 173.11185    0.81931   0.77556   0.62157   0.39020   0.10379  -0.22547  -0.59201  -0.98113  -1.40099  -1.84143  -2.31071  -2.79471  -3.27507  -3.78321  -4.30661  -4.84186  -5.38899  -5.94772  -6.51666  -7.09558
 173.33817    0.80918   0.76535   0.61118   0.37958   0.09293  -0.23655  -0.60343  -0.99256  -1.41275  -1.85341  -2.32371  -2.80815  -3.28773  -3.79607  -4.31972  -4.85517  -5.40250  -5.96145  -6.53060  -7.10970
 173.56450    0.79923   0.75531   0.60095   0.36912   0.08222  -0.24749  -0.61470  -1.00386  -1.42437  -1.86527  -2.33655  -2.82143  -3.30029  -3.80882  -4.33271  -4.86838  -5.41590  -5.97510  -6.54445  -7.12374
 173.79082    0.78945   0.74545   0.59089   0.35882   0.07168  -0.25828  -0.62582  -1.01504  -1.43585  -1.87700  -2.34923  -2.83454  -3.31273  -3.82147  -4.34561  -4.88149  -5.42922  -5.98865  -6.55821  -7.13770
 174.01714    0.77984   0.73575   0.58099   0.34867   0.06128  -0.26892  -0.63680  -1.02608  -1.44721  -1.88860  -2.36175  -2.84749  -3.32506  -3.83401  -4.35840  -4.89450  -5.44244  -6.00211  -6.57188  -7.15158
 174.24347    0.77039   0.72621   0.57125   0.33868   0.05104  -0.27941  -0.64762  -1.03698  -1.45844  -1.90008  -2.37412  -2.86026  -3.33727  -3.84644  -4.37108  -4.90741  -5.45556  -6.01547  -6.58546  -7.16537
 174.46979    0.76112   0.71685   0.56167   0.32886   0.04095  -0.28976  -0.65830  -1.04776  -1.46953  -1.91143  -2.38632  -2.87287  -3.34937  -3.85876  -4.38366  -4.92022  -5.46859  -6.02874  -6.59896  -7.17907
 174.69611    0.75202   0.70764   0.55225   0.31918   0.03101  -0.29996  -0.66883  -1.05840  -1.48050  -1.92265  -2.39836  -2.88531  -3.36135  -3.87097  -4.39613  -4.93293  -5.48151  -6.04192  -6.61236  -7.19268
 174.92244    0.74308   0.69860   0.54300   0.30967   0.02122  -0.31001  -0.67921  -1.06892  -1.49133  -1.93375  -2.41024  -2.89759  -3.37322  -3.88307  -4.40850  -4.94553  -5.49434  -6.05500  -6.62567  -7.20621
 175.14876    0.73431   0.68973   0.53390   0.30031   0.01159  -0.31992  -0.68944  -1.07929  -1.50203  -1.94471  -2.42196  -2.90970  -3.38497  -3.89506  -4.42075  -4.95803  -5.50707  -6.06798  -6.63889  -7.21965
 175.37508    0.72570   0.68101   0.52496   0.29110   0.00210  -0.32968  -0.69953  -1.08954  -1.51260  -1.95555  -2.43353  -2.92164  -3.39660  -3.90694  -4.43290  -4.97042  -5.51969  -6.08086  -6.65201  -7.23300
 175.60141    0.71726   0.67246   0.51618   0.28205  -0.00723  -0.33930  -0.70947  -1.09966  -1.52303  -1.96627  -2.44493  -2.93341  -3.40812  -3.91870  -4.44493  -4.98270  -5.53222  -6.09365  -6.66503  -7.24625
 175.82773    0.70898   0.66407   0.50755   0.27315  -0.01642  -0.34877  -0.71926  -1.10964  -1.53334  -1.97685  -2.45618  -2.94502  -3.41951  -3.93035  -4.45685  -4.99488  -5.54464  -6.10633  -6.67796  -7.25941
 176.05405    0.70086   0.65584   0.49908   0.26441  -0.02546  -0.35809  -0.72891  -1.11949  -1.54351  -1.98730  -2.46727  -2.95647  -3.43079  -3.94189  -4.46866  -5.00695  -5.55695  -6.11891  -6.69079  -7.27248
 176.28038    0.69290   0.64776   0.49077   0.25581  -0.03434  -0.36728  -0.73841  -1.12921  -1.55355  -1.99763  -2.47820  -2.96775  -3.44195  -3.95331  -4.48036  -5.01891  -5.56916  -6.13139  -6.70352  -7.28545
 176.50670    0.68510   0.63985   0.48261   0.24737  -0.04308  -0.37631  -0.74777  -1.13879  -1.56346  -2.00783  -2.48897  -2.97886  -3.45299  -3.96461  -4.49195  -5.03076  -5.58126  -6.14376  -6.71615  -7.29832
 176.73303    0.67746   0.63208   0.47460   0.23908  -0.05168  -0.38521  -0.75698  -1.14824  -1.57323  -2.01790  -2.49959  -2.98981  -3.46390  -3.97580  -4.50341  -5.04250  -5.59326  -6.15603  -6.72868  -7.31109
 176.95935    0.66998   0.62448   0.46675   0.23094  -0.06012  -0.39396  -0.76604  -1.15756  -1.58287  -2.02783  -2.51004  -3.00060  -3.47470  -3.98687  -4.51477  -5.05413  -5.60515  -6.16820  -6.74110  -7.32377
 177.18567    0.66265   0.61703   0.45905   0.22295  -0.06842  -0.40257  -0.77496  -1.16675  -1.59238  -2.03764  -2.52034  -3.01122  -3.48537  -3.99782  -4.52601  -5.06564  -5.61693  -6.18025  -6.75342  -7.33634
 177.41200    0.65548   0.60973   0.45150   0.21511  -0.07658  -0.41103  -0.78374  -1.17580  -1.60176  -2.04732  -2.53048  -3.02168  -3.49592  -4.00866  -4.53713  -5.07704  -5.62859  -6.19220  -6.76563  -7.34881
 177.63832    0.64847   0.60259   0.44410   0.20741  -0.08459  -0.41935  -0.79237  -1.18473  -1.61100  -2.05687  -2.54046  -3.03197  -3.50635  -4.01937  -4.54813  -5.08833  -5.64015  -6.20404  -6.77774  -7.36118
 177.86464    0.64160   0.59560   0.43685   0.19986  -0.09245  -0.42753  -0.80086  -1.19351  -1.62011  -2.06628  -2.55029  -3.04210  -3.51665  -4.02997  -4.55901  -5.09950  -5.65159  -6.21576  -6.78974  -7.37344
 178.09097    0.63490   0.58876   0.42974   0.19246  -0.10017  -0.43557  -0.80920  -1.20217  -1.62908  -2.07557  -2.55996  -3.05206  -3.52683  -4.04044  -4.56978  -5.11055  -5.66292  -6.22738  -6.80163  -7.38559
 178.31729    0.62834   0.58206   0.42279   0.18521  -0.10774  -0.44347  -0.81740  -1.21069  -1.63792  -2.08472  -2.56947  -3.06186  -3.53688  -4.05080  -4.58042  -5.12149  -5.67414  -6.23888  -6.81340  -7.39764
 178.54361    0.62193   0.57552   0.41598   0.17810  -0.11517  -0.45122  -0.82546  -1.21908  -1.64663  -2.09374  -2.57883  -3.07150  -3.54681  -4.06103  -4.59095  -5.13230  -5.68523  -6.25026  -6.82507  -7.40957
 178.76994    0.61568   0.56913   0.40932   0.17114  -0.12246  -0.45883  -0.83337  -1.22734  -1.65521  -2.10264  -2.58803  -3.08097  -3.55661  -4.07113  -4.60135  -5.14300  -5.69621  -6.26153  -6.83662  -7.42140
 178.99626    0.60957   0.56288   0.40281   0.16432  -0.12960  -0.46631  -0.84115  -1.23546  -1.66365  -2.11139  -2.59707  -3.09029  -3.56628  -4.08111  -4.61162  -5.15358  -5.70708  -6.27269  -6.84806  -7.43311
 179.22258    0.60361   0.55679   0.39644   0.15765  -0.13661  -0.47364  -0.84878  -1.24345  -1.67195  -2.12002  -2.60596  -3.09944  -3.57582  -4.09097  -4.62178  -5.16403  -5.71782  -6.28372  -6.85938  -7.44471
 179.44891    0.59780   0.55083   0.39021   0.15112  -0.14347  -0.48084  -0.85626  -1.25131  -1.68012  -2.12851  -2.61469  -3.10842  -3.58524  -4.10070  -4.63181  -5.17436  -5.72844  -6.29464  -6.87059  -7.45620
 179.67523    0.59213   0.54503   0.38413   0.14473  -0.15019  -0.48789  -0.86361  -1.25904  -1.68816  -2.13687  -2.62326  -3.11725  -3.59453  -4.11031  -4.64171  -5.18457  -5.73895  -6.30544  -6.88168  -7.46757
 179.90155    0.58661   0.53936   0.37819   0.13848  -0.15677  -0.49480  -0.87081  -1.26663  -1.69606  -2.14510  -2.63168  -3.12591  -3.60369  -4.11979  -4.65149  -5.19465  -5.74933  -6.31611  -6.89264  -7.47882
 180.12788    0.58124   0.53384   0.37240   0.13238  -0.16321  -0.50158  -0.87787  -1.27408  -1.70383  -2.15320  -2.63994  -3.13441  -3.61272  -4.12914  -4.66114  -5.20461  -5.75958  -6.32666  -6.90349  -7.48995
 180.35420    0.57600   0.52846   0.36674   0.12641  -0.16950  -0.50822  -0.88480  -1.28141  -1.71147  -2.16116  -2.64805  -3.14275  -3.62161  -4.13836  -4.67066  -5.21444  -5.76971  -6.33709  -6.91421  -7.50096
 180.58052    0.57091   0.52323   0.36123   0.12059  -0.17566  -0.51471  -0.89158  -1.28860  -1.71897  -2.16898  -2.65600  -3.15093  -3.63038  -4.14745  -4.68005  -5.22415  -5.77972  -6.34740  -6.92481  -7.51185
 180.80685    0.56597   0.51813   0.35585   0.11490  -0.18168  -0.52107  -0.89822  -1.29566  -1.72633  -2.17668  -2.66380  -3.15894  -3.63901  -4.15642  -4.68931  -5.23372  -5.78959  -6.35757  -6.93529  -7.52262
 181.03317    0.56116   0.51318   0.35062   0.10936  -0.18757  -0.52730  -0.90472  -1.30258  -1.73356  -2.18423  -2.67144  -3.16680  -3.64751  -4.16525  -4.69844  -5.24317  -5.79934  -6.36762  -6.94564  -7.53326
 181.25949    0.55649   0.50836   0.34552   0.10395  -0.19331  -0.53338  -0.91108  -1.30937  -1.74065  -2.19166  -2.67893  -3.17450  -3.65588  -4.17395  -4.70744  -5.25248  -5.80896  -6.37754  -6.95586  -7.54377
 181.48582    0.55196   0.50368   0.34056   0.09868  -0.19892  -0.53933  -0.91730  -1.31603  -1.74761  -2.19895  -2.68626  -3.18203  -3.66411  -4.18252  -4.71631  -5.26166  -5.81845  -6.38733  -6.96595  -7.55416
 181.71214    0.54758   0.49914   0.33574   0.09355  -0.20439  -0.54514  -0.92338  -1.32255  -1.75443  -2.20610  -2.69344  -3.18940  -3.67221  -4.19095  -4.72504  -5.27071  -5.82781  -6.39699  -6.97591  -7.56441
 181.93846    0.54332   0.49474   0.33106   0.08855  -0.20972  -0.55082  -0.92932  -1.32894  -1.76112  -2.21312  -2.70047  -3.19662  -3.68018  -4.19925  -4.73364  -5.27963  -5.83704  -6.40651  -6.98574  -7.57454
 182.16479    0.53921   0.49047   0.32651   0.08369  -0.21491  -0.55635  -0.93513  -1.33519  -1.76767  -2.22000  -2.70734  -3.20367  -3.68800  -4.20741  -4.74210  -5.28841  -5.84613  -6.41591  -6.99543  -7.58453
 182.39111    0.53523   0.48634   0.32210   0.07897  -0.21998  -0.56176  -0.94079  -1.34132  -1.77408  -2.22674  -2.71405  -3.21056  -3.69569  -4.21544  -4.75043  -5.29706  -5.85508  -6.42516  -7.00499  -7.59439
 182.61743    0.53138   0.48234   0.31782   0.07438  -0.22490  -0.56702  -0.94632  -1.34730  -1.78036  -2.23335  -2.72061  -3.21730  -3.70325  -4.22334  -4.75862  -5.30556  -5.86390  -6.43428  -7.01442  -7.60411
 182.84376    0.52767   0.47848   0.31367   0.06992  -0.22969  -0.57215  -0.95170  -1.35316  -1.78650  -2.23982  -2.72702  -3.22387  -3.71066  -4.23109  -4.76667  -5.31393  -5.87259  -6.44326  -7.02370  -7.61370
 183.07008    0.52409   0.47475   0.30966   0.06560  -0.23435  -0.57715  -0.95695  -1.35888  -1.79251  -2.24616  -2.73328  -3.23029  -3.71794  -4.23871  -4.77458  -5.32217  -5.88113  -6.45211  -7.03285  -7.62315
 183.29640    0.52065   0.47115   0.30578   0.06142  -0.23887  -0.58201  -0.96207  -1.36446  -1.79838  -2.25236  -2.73938  -3.23654  -3.72507  -4.24619  -4.78235  -5.33026  -5.88953  -6.46081  -7.04186  -7.63246
 183.52273    0.51733   0.46768   0.30203   0.05736  -0.24326  -0.58674  -0.96704  -1.36991  -1.80411  -2.25842  -2.74533  -3.24264  -3.73207  -4.25352  -4.78998  -5.33821  -5.89780  -6.46937  -7.05072  -7.64162
 183.74905    0.51415   0.46435   0.29841   0.05344  -0.24751  -0.59133  -0.97188  -1.37523  -1.80971  -2.26434  -2.75112  -3.24858  -3.73893  -4.26072  -4.79747  -5.34602  -5.90592  -6.47778  -7.05944  -7.65064
 183.97538    0.51110   0.46114   0.29493   0.04965  -0.25163  -0.59579  -0.97658  -1.38041  -1.81517  -2.27013  -2.75677  -3.25436  -3.74564  -4.26778  -4.80482  -5.35368  -5.91389  -6.48606  -7.06802  -7.65952
 184.20170    0.50817   0.45806   0.29157   0.04599  -0.25562  -0.60012  -0.98114  -1.38546  -1.82049  -2.27577  -2.76225  -3.25998  -3.75222  -4.27469  -4.81202  -5.36120  -5.92172  -6.49418  -7.07645  -7.66825
 184.42802    0.50538   0.45511   0.28834   0.04246  -0.25948  -0.60431  -0.98557  -1.39038  -1.82568  -2.28128  -2.76759  -3.26545  -3.75865  -4.28146  -4.81908  -5.36858  -5.92941  -6.50216  -7.08473  -7.67683
 184.65435    0.50271   0.45229   0.28524   0.03906  -0.26321  -0.60837  -0.98986  -1.39516  -1.83073  -2.28665  -2.77278  -3.27075  -3.76494  -4.28809  -4.82599  -5.37581  -5.93695  -6.50999  -7.09286  -7.68527
 184.88067    0.50017   0.44959   0.28227   0.03578  -0.26680  -0.61229  -0.99402  -1.39980  -1.83564  -2.29188  -2.77781  -3.27590  -3.77108  -4.29457  -4.83276  -5.38289  -5.94434  -6.51767  -7.10085  -7.69355
 185.10699    0.49775   0.44702   0.27943   0.03264  -0.27027  -0.61609  -0.99804  -1.40431  -1.84041  -2.29697  -2.78269  -3.28089  -3.77708  -4.30091  -4.83938  -5.38982  -5.95158  -6.52520  -7.10868  -7.70167
 185.33332    0.49546   0.44458   0.27671   0.02963  -0.27360  -0.61975  -1.00192  -1.40869  -1.84504  -2.30193  -2.78741  -3.28573  -3.78293  -4.30710  -4.84585  -5.39660  -5.95867  -6.53258  -7.11635  -7.70965
 185.55964    0.49329   0.44226   0.27412   0.02674  -0.27681  -0.62328  -1.00567  -1.41293  -1.84954  -2.30674  -2.79199  -3.29040  -3.78864  -4.31314  -4.85217  -5.40323  -5.96561  -6.53980  -7.12387  -7.71746
 185.78596    0.49125   0.44007   0.27165   0.02398  -0.27988  -0.62668  -1.00929  -1.41704  -1.85390  -2.31141  -2.79641  -3.29492  -3.79420  -4.31904  -4.85834  -5.40971  -5.97239  -6.54687  -7.13124  -7.72512
 186.01229    0.48933   0.43799   0.26931   0.02135  -0.28283  -0.62994  -1.01277  -1.42101  -1.85812  -2.31594  -2.80069  -3.29929  -3.79962  -4.32478  -4.86436  -5.41604  -5.97902  -6.55378  -7.13844  -7.73262
 186.23861    0.48753   0.43604   0.26709   0.01885  -0.28565  -0.63308  -1.01611  -1.42485  -1.86221  -2.32033  -2.80481  -3.30349  -3.80488  -4.33038  -4.87022  -5.42221  -5.98550  -6.56054  -7.14549  -7.73996
 186.46493    0.48586   0.43421   0.26499   0.01647  -0.28834  -0.63608  -1.01933  -1.42855  -1.86615  -2.32458  -2.80878  -3.30754  -3.81000  -4.33582  -4.87594  -5.42823  -5.99181  -6.56713  -7.15237  -7.74713
 186.69126    0.48430   0.43251   0.26302   0.01421  -0.29090  -0.63896  -1.02240  -1.43212  -1.86996  -2.32869  -2.81259  -3.31144  -3.81497  -4.34112  -4.88150  -5.43409  -5.99797  -6.57356  -7.15909  -7.75414
 186.91758    0.48286   0.43092   0.26117   0.01208  -0.29333  -0.64170  -1.02535  -1.43555  -1.87363  -2.33266  -2.81626  -3.31517  -3.81979  -4.34626  -4.88690  -5.43979  -6.00397  -6.57983  -7.16565  -7.76098
 187.14390    0.48155   0.42945   0.25944   0.01007  -0.29564  -0.64432  -1.02816  -1.43885  -1.87716  -2.33648  -2.81978  -3.31875  -3.82446  -4.35125  -4.89215  -5.44533  -6.00981  -6.58594  -7.17204  -7.76766
 187.37023    0.48035   0.42811   0.25783   0.00819  -0.29782  -0.64680  -1.03083  -1.44201  -1.88055  -2.34017  -2.82314  -3.32218  -3.82897  -4.35608  -4.89724  -5.45072  -6.01548  -6.59188  -7.17826  -7.77416
 187.59655    0.47926   0.42687   0.25635   0.00643  -0.29988  -0.64916  -1.03338  -1.44504  -1.88380  -2.34371  -2.82636  -3.32545  -3.83334  -4.36076  -4.90217  -5.45594  -6.02099  -6.59765  -7.18431  -7.78049
 187.82287    0.47830   0.42576   0.25498   0.00479  -0.30181  -0.65138  -1.03579  -1.44793  -1.88691  -2.34710  -2.82942  -3.32857  -3.83755  -4.36529  -4.90694  -5.46100  -6.02634  -6.60325  -7.19020  -7.78665
 188.04920    0.47745   0.42477   0.25373   0.00327  -0.30361  -0.65348  -1.03807  -1.45069  -1.88988  -2.35036  -2.83234  -3.33153  -3.84161  -4.36966  -4.91156  -5.46590  -6.03152  -6.60869  -7.19591  -7.79264
 188.27552    0.47672   0.42389   0.25260   0.00188  -0.30529  -0.65545  -1.04021  -1.45331  -1.89272  -2.35347  -2.83510  -3.33433  -3.84551  -4.37387  -4.91601  -5.47063  -6.03653  -6.61396  -7.20144  -7.79844
 188.50184    0.47610   0.42312   0.25159   0.00061  -0.30685  -0.65729  -1.04223  -1.45580  -1.89541  -2.35644  -2.83771  -3.33698  -3.84926  -4.37792  -4.92030  -5.47520  -6.04137  -6.61905  -7.20680  -7.80407
 188.72817    0.47559   0.42247   0.25069  -0.00055  -0.30828  -0.65901  -1.04411  -1.45815  -1.89797  -2.35927  -2.84018  -3.33948  -3.85286  -4.38181  -4.92443  -5.47960  -6.04605  -6.62396  -7.21198  -7.80951
 188.95449    0.47520   0.42194   0.24991  -0.00158  -0.30958  -0.66059  -1.04586  -1.46037  -1.90038  -2.36195  -2.84249  -3.34182  -3.85630  -4.38554  -4.92839  -5.48383  -6.05055  -6.62871  -7.21698  -7.81478
 189.18081    0.47492   0.42152   0.24925  -0.00250  -0.31077  -0.66205  -1.04748  -1.46245  -1.90266  -2.36448  -2.84466  -3.34401  -3.85958  -4.38912  -4.93219  -5.48789  -6.05488  -6.63327  -7.22180  -7.81985
 189.40714    0.47475   0.42121   0.24871  -0.00329  -0.31183  -0.66338  -1.04897  -1.46439  -1.90479  -2.36688  -2.84667  -3.34604  -3.86270  -4.39253  -4.93582  -5.49179  -6.05903  -6.63766  -7.22644  -7.82475
 189.63346    0.47470   0.42101   0.24827  -0.00397  -0.31277  -0.66458  -1.05033  -1.46620  -1.90679  -2.36912  -2.84854  -3.34792  -3.86567  -4.39577  -4.93928  -5.49551  -6.06301  -6.64187  -7.23090  -7.82945
 189.85978    0.47475   0.42093   0.24796  -0.00453  -0.31359  -0.66566  -1.05156  -1.46787  -1.90864  -2.37122  -2.85025  -3.34964  -3.86848  -4.39886  -4.94258  -5.49906  -6.06681  -6.64589  -7.23516  -7.83396
 190.08611    0.47491   0.42095   0.24775  -0.00497  -0.31428  -0.66661  -1.05265  -1.46941  -1.91035  -2.37318  -2.85182  -3.35122  -3.87112  -4.40178  -4.94571  -5.50243  -6.07043  -6.64973  -7.23924  -7.83829
 190.31243    0.47519   0.42109   0.24766  -0.00529  -0.31485  -0.66744  -1.05362  -1.47081  -1.91193  -2.37499  -2.85324  -3.35264  -3.87361  -4.40453  -4.94866  -5.50563  -6.07388  -6.65339  -7.24314  -7.84241
 190.53875    0.47557   0.42134   0.24768  -0.00550  -0.31531  -0.66814  -1.05446  -1.47208  -1.91336  -2.37666  -2.85451  -3.35390  -3.87594  -4.40712  -4.95145  -5.50865  -6.07714  -6.65686  -7.24684  -7.84635
 190.76508    0.47606   0.42169   0.24782  -0.00559  -0.31564  -0.66871  -1.05516  -1.47321  -1.91465  -2.37818  -2.85563  -3.35501  -3.87810  -4.40954  -4.95406  -5.51150  -6.08022  -6.66014  -7.25034  -7.85008
 190.99140    0.47665   0.42215   0.24806  -0.00557  -0.31585  -0.66916  -1.05574  -1.47421  -1.91580  -2.37955  -2.85660  -3.35597  -3.88010  -4.41179  -4.95650  -5.51416  -6.08311  -6.66324  -7.25366  -7.85361
 191.21772    0.47735   0.42273   0.24842  -0.00543  -0.31594  -0.66948  -1.05619  -1.47506  -1.91681  -2.38078  -2.85743  -3.35678  -3.88194  -4.41388  -4.95877  -5.51665  -6.08582  -6.66614  -7.25677  -7.85695
 191.44405    0.47816   0.42340   0.24889  -0.00518  -0.31591  -0.66968  -1.05651  -1.47579  -1.91768  -2.38186  -2.85810  -3.35744  -3.88362  -4.41579  -4.96086  -5.51896  -6.08835  -6.66885  -7.25969  -7.86008
 191.67037    0.47907   0.42419   0.24947  -0.00481  -0.31577  -0.66976  -1.05670  -1.47637  -1.91840  -2.38279  -2.85863  -3.35794  -3.88513  -4.41754  -4.96277  -5.52108  -6.09068  -6.67137  -7.26241  -7.86300
 191.89670    0.48009   0.42508   0.25015  -0.00433  -0.31550  -0.66971  -1.05676  -1.47682  -1.91899  -2.38357  -2.85901  -3.35829  -3.88647  -4.41911  -4.96450  -5.52302  -6.09283  -6.67369  -7.26493  -7.86572
 192.12302    0.48121   0.42607   0.25095  -0.00374  -0.31512  -0.66953  -1.05670  -1.47714  -1.91943  -2.38421  -2.85924  -3.35849  -3.88765  -4.42051  -4.96606  -5.52477  -6.09478  -6.67581  -7.26724  -7.86822
 192.34934    0.48244   0.42717   0.25185  -0.00303  -0.31462  -0.66923  -1.05650  -1.47731  -1.91973  -2.38470  -2.85932  -3.35853  -3.88866  -4.42173  -4.96744  -5.52634  -6.09654  -6.67773  -7.26935  -7.87052
 192.57567    0.48376   0.42838   0.25286  -0.00221  -0.31400  -0.66881  -1.05618  -1.47736  -1.91989  -2.38504  -2.85926  -3.35843  -3.88951  -4.42278  -4.96864  -5.52772  -6.09811  -6.67946  -7.27125  -7.87260
 192.80199    0.48519   0.42969   0.25398  -0.00128  -0.31326  -0.66827  -1.05573  -1.47726  -1.91991  -2.38523  -2.85905  -3.35817  -3.89018  -4.42366  -4.96965  -5.52891  -6.09949  -6.68098  -7.27294  -7.87447
 193.02831    0.48672   0.43110   0.25521  -0.00024  -0.31241  -0.66760  -1.05515  -1.47703  -1.91979  -2.38527  -2.85869  -3.35777  -3.89069  -4.42436  -4.97048  -5.52991  -6.10066  -6.68230  -7.27442  -7.87612
 193.25464    0.48835   0.43261   0.25654   0.00091  -0.31144  -0.66681  -1.05445  -1.47666  -1.91952  -2.38516  -2.85818  -3.35721  -3.89103  -4.42488  -4.97113  -5.53072  -6.10164  -6.68341  -7.27569  -7.87755
 193.48096    0.49008   0.43422   0.25797   0.00217  -0.31035  -0.66590  -1.05361  -1.47616  -1.91911  -2.38491  -2.85753  -3.35650  -3.89120  -4.42523  -4.97160  -5.53134  -6.10242  -6.68432  -7.27675  -7.87876
 193.70728    0.49190   0.43594   0.25951   0.00355  -0.30915  -0.66486  -1.05266  -1.47551  -1.91856  -2.38450  -2.85673  -3.35564  -3.89120  -4.42539  -4.97187  -5.53177  -6.10299  -6.68502  -7.27758  -7.87974
 193.93361    0.49383   0.43775   0.26116   0.00503  -0.30783  -0.66371  -1.05157  -1.47474  -1.91786  -2.38394  -2.85579  -3.35463  -3.89102  -4.42538  -4.97196  -5.53199  -6.10337  -6.68550  -7.27821  -7.88050
 194.15993    0.49586   0.43967   0.26291   0.00662  -0.30640  -0.66243  -1.05036  -1.47382  -1.91702  -2.38324  -2.85469  -3.35347  -3.89067  -4.42519  -4.97187  -5.53203  -6.10354  -6.68578  -7.27861  -7.88103
 194.38625    0.49798   0.44168   0.26476   0.00832  -0.30486  -0.66103  -1.04902  -1.47277  -1.91604  -2.38238  -2.85345  -3.35215  -3.89015  -4.42481  -4.97158  -5.53186  -6.10350  -6.68584  -7.27879  -7.88133
 194.61258    0.50020   0.44380   0.26672   0.01012  -0.30319  -0.65951  -1.04756  -1.47158  -1.91492  -2.38137  -2.85207  -3.35069  -3.88946  -4.42425  -4.97110  -5.53150  -6.10326  -6.68568  -7.27874  -7.88140
 194.83890    0.50251   0.44601   0.26878   0.01204  -0.30142  -0.65787  -1.04597  -1.47026  -1.91365  -2.38021  -2.85053  -3.34908  -3.88859  -4.42351  -4.97043  -5.53093  -6.10280  -6.68531  -7.27847  -7.88124
 195.06522    0.50492   0.44832   0.27094   0.01406  -0.29953  -0.65610  -1.04425  -1.46879  -1.91224  -2.37890  -2.84886  -3.34732  -3.88754  -4.42258  -4.96957  -5.53017  -6.10214  -6.68472  -7.27797  -7.88083
 195.29155    0.50743   0.45072   0.27320   0.01619  -0.29753  -0.65422  -1.04241  -1.46719  -1.91068  -2.37744  -2.84703  -3.34541  -3.88632  -4.42147  -4.96851  -5.52920  -6.10127  -6.68391  -7.27724  -7.88019
 195.51787    0.51003   0.45322   0.27556   0.01842  -0.29542  -0.65222  -1.04045  -1.46546  -1.90898  -2.37582  -2.84506  -3.34335  -3.88493  -4.42017  -4.96726  -5.52803  -6.10018  -6.68288  -7.27629  -7.87931
 195.74419    0.51272   0.45582   0.27803   0.02077  -0.29319  -0.65010  -1.03836  -1.46358  -1.90714  -2.37405  -2.84294  -3.34114  -3.88335  -4.41868  -4.96582  -5.52665  -6.09888  -6.68162  -7.27509  -7.87819
 195.97052    0.51551   0.45851   0.28059   0.02321  -0.29085  -0.64785  -1.03614  -1.46157  -1.90516  -2.37213  -2.84068  -3.33878  -3.88160  -4.41700  -4.96417  -5.52507  -6.09736  -6.68014  -7.27367  -7.87682
 196.19684    0.51839   0.46130   0.28325   0.02576  -0.28840  -0.64549  -1.03380  -1.45942  -1.90302  -2.37006  -2.83827  -3.33627  -3.87966  -4.41514  -4.96233  -5.52327  -6.09562  -6.67843  -7.27200  -7.87521
 196.42316    0.52136   0.46418   0.28601   0.02842  -0.28584  -0.64301  -1.03134  -1.45714  -1.90075  -2.36784  -2.83572  -3.33362  -3.87755  -4.41308  -4.96029  -5.52127  -6.09367  -6.67649  -7.27010  -7.87334
 196.64949    0.52442   0.46716   0.28887   0.03118  -0.28316  -0.64041  -1.02875  -1.45472  -1.89833  -2.36546  -2.83302  -3.33081  -3.87526  -4.41084  -4.95805  -5.51906  -6.09149  -6.67432  -7.26795  -7.87122
 196.87581    0.52758   0.47023   0.29183   0.03404  -0.28038  -0.63769  -1.02604  -1.45215  -1.89577  -2.36292  -2.83018  -3.32786  -3.87278  -4.40840  -4.95561  -5.51663  -6.08909  -6.67192  -7.26556  -7.86885
 197.10213    0.53082   0.47339   0.29489   0.03701  -0.27748  -0.63485  -1.02321  -1.44946  -1.89306  -2.36024  -2.82719  -3.32476  -3.87013  -4.40576  -4.95296  -5.51399  -6.08647  -6.66928  -7.26293  -7.86623
 197.32846    0.53415   0.47664   0.29804   0.04008  -0.27448  -0.63190  -1.02025  -1.44662  -1.89020  -2.35739  -2.82406  -3.32151  -3.86729  -4.40294  -4.95011  -5.51114  -6.08362  -6.66641  -7.26005  -7.86334
 197.55478    0.53758   0.47999   0.30129   0.04325  -0.27136  -0.62883  -1.01717  -1.44365  -1.88721  -2.35440  -2.82078  -3.31811  -3.86426  -4.39992  -4.94706  -5.50807  -6.08054  -6.66330  -7.25692  -7.86020
 197.78110    0.54109   0.48342   0.30463   0.04652  -0.26814  -0.62563  -1.01396  -1.44054  -1.88406  -2.35125  -2.81736  -3.31456  -3.86105  -4.39670  -4.94379  -5.50478  -6.07724  -6.65995  -7.25353  -7.85679
 198.00743    0.54469   0.48695   0.30807   0.04990  -0.26481  -0.62233  -1.01063  -1.43729  -1.88077  -2.34794  -2.81379  -3.31087  -3.85766  -4.39328  -4.94033  -5.50127  -6.07370  -6.65636  -7.24990  -7.85311
 198.23375    0.54837   0.49057   0.31160   0.05337  -0.26137  -0.61890  -1.00719  -1.43390  -1.87734  -2.34448  -2.81008  -3.30703  -3.85408  -4.38967  -4.93665  -5.49755  -6.06993  -6.65252  -7.24601  -7.84917
 198.46007    0.55215   0.49427   0.31523   0.05695  -0.25782  -0.61536  -1.00361  -1.43038  -1.87376  -2.34086  -2.80622  -3.30304  -3.85032  -4.38586  -4.93276  -5.49360  -6.06593  -6.64844  -7.24186  -7.84496
 198.68640    0.55601   0.49806   0.31896   0.06063  -0.25416  -0.61170  -0.99992  -1.42672  -1.87003  -2.33709  -2.80222  -3.29891  -3.84636  -4.38185  -4.92867  -5.48943  -6.06169  -6.64411  -7.23745  -7.84047
 198.91272    0.55995   0.50195   0.32277   0.06440  -0.25039  -0.60792  -0.99610  -1.42291  -1.86616  -2.33316  -2.79808  -3.29463  -3.84222  -4.37763  -4.92436  -5.48503  -6.05722  -6.63954  -7.23278  -7.83571
 199.13905    0.56398   0.50592   0.32668   0.06828  -0.24652  -0.60403  -0.99216  -1.41898  -1.86215  -2.32907  -2.79379  -3.29020  -3.83789  -4.37322  -4.91984  -5.48041  -6.05250  -6.63471  -7.22785  -7.83068
 199.36537    0.56810   0.50997   0.33068   0.07226  -0.24254  -0.60002  -0.98811  -1.41490  -1.85798  -2.32483  -2.78936  -3.28562  -3.83337  -4.36860  -4.91510  -5.47556  -6.04755  -6.62963  -7.22265  -7.82536
 199.59169    0.57230   0.51412   0.33478   0.07633  -0.23845  -0.59589  -0.98392  -1.41068  -1.85367  -2.32043  -2.78479  -3.28090  -3.82866  -4.36378  -4.91015  -5.47048  -6.04235  -6.62429  -7.21718  -7.81977
 199.81802    0.57658   0.51835   0.33896   0.08050  -0.23426  -0.59165  -0.97962  -1.40633  -1.84922  -2.31587  -2.78007  -3.27603  -3.82376  -4.35875  -4.90498  -5.46517  -6.03692  -6.61870  -7.21144  -7.81388
 200.04434    0.58095   0.52266   0.34324   0.08477  -0.22996  -0.58730  -0.97520  -1.40184  -1.84461  -2.31116  -2.77521  -3.27102  -3.81866  -4.35351  -4.89959  -5.45963  -6.03123  -6.61285  -7.20543  -7.80772
 200.27066    0.58540   0.52706   0.34761   0.08914  -0.22555  -0.58283  -0.97066  -1.39721  -1.83987  -2.30628  -2.77020  -3.26586  -3.81338  -4.34807  -4.89399  -5.45386  -6.02530  -6.60674  -7.19915  -7.80126
 200.49699    0.58993   0.53155   0.35207   0.09361  -0.22104  -0.57824  -0.96599  -1.39244  -1.83497  -2.30125  -2.76505  -3.26055  -3.80790  -4.34242  -4.88816  -5.44785  -6.01912  -6.60037  -7.19259  -7.79451
 200.72331    0.59454   0.53612   0.35662   0.09817  -0.21642  -0.57354  -0.96121  -1.38754  -1.82993  -2.29606  -2.75976  -3.25510  -3.80222  -4.33657  -4.88211  -5.44161  -6.01269  -6.59373  -7.18575  -7.78747
 200.94963    0.59923   0.54077   0.36125   0.10283  -0.21170  -0.56873  -0.95630  -1.38249  -1.82474  -2.29071  -2.75432  -3.24950  -3.79635  -4.33050  -4.87584  -5.43513  -6.00601  -6.58683  -7.17862  -7.78013
 201.17596    0.60401   0.54551   0.36598   0.10758  -0.20688  -0.56380  -0.95128  -1.37731  -1.81940  -2.28520  -2.74875  -3.24375  -3.79028  -4.32422  -4.86935  -5.42841  -5.99907  -6.57966  -7.17122  -7.77249
 201.40228    0.60886   0.55033   0.37080   0.11243  -0.20195  -0.55876  -0.94613  -1.37198  -1.81392  -2.27954  -2.74303  -3.23787  -3.78402  -4.31772  -4.86263  -5.42145  -5.99188  -6.57222  -7.16353  -7.76455
 201.62860    0.61380   0.55523   0.37570   0.11737  -0.19691  -0.55360  -0.94087  -1.36652  -1.80828  -2.27371  -2.73716  -3.23183  -3.77756  -4.31102  -4.85569  -5.41425  -5.98443  -6.56450  -7.15555  -7.75630
 201.85493    0.61881   0.56021   0.38069   0.12241  -0.19178  -0.54833  -0.93549  -1.36092  -1.80251  -2.26772  -2.73116  -3.22565  -3.77090  -4.30410  -4.84852  -5.40680  -5.97672  -6.55652  -7.14728  -7.74775
 202.08125    0.62390   0.56528   0.38577   0.12755  -0.18654  -0.54295  -0.92999  -1.35519  -1.79658  -2.26157  -2.72501  -3.21933  -3.76404  -4.29696  -4.84112  -5.39912  -5.96876  -6.54825  -7.13872  -7.73889
 202.30757    0.62907   0.57042   0.39093   0.13277  -0.18119  -0.53745  -0.92436  -1.34931  -1.79050  -2.25527  -2.71872  -3.21286  -3.75699  -4.28961  -4.83348  -5.39118  -5.96052  -6.53972  -7.12987  -7.72972
 202.53390    0.63431   0.57565   0.39619   0.13809  -0.17575  -0.53184  -0.91862  -1.34329  -1.78428  -2.24880  -2.71229  -3.20625  -3.74973  -4.28205  -4.82562  -5.38300  -5.95203  -6.53090  -7.12072  -7.72024
 202.76022    0.63964   0.58096   0.40152   0.14351  -0.17020  -0.52612  -0.91277  -1.33713  -1.77791  -2.24217  -2.70572  -3.19949  -3.74227  -4.27426  -4.81753  -5.37457  -5.94327  -6.52179  -7.11126  -7.71043
 202.98654    0.64504   0.58634   0.40695   0.14901  -0.16455  -0.52028  -0.90679  -1.33084  -1.77139  -2.23537  -2.69900  -3.19259  -3.73460  -4.26625  -4.80920  -5.36588  -5.93424  -6.51241  -7.10151  -7.70031
 203.21287    0.65051   0.59181   0.41245   0.15461  -0.15880  -0.51434  -0.90069  -1.32441  -1.76472  -2.22842  -2.69214  -3.18554  -3.72674  -4.25802  -4.80064  -5.35695  -5.92494  -6.50274  -7.09146  -7.68987
 203.43919    0.65607   0.59735   0.41805   0.16030  -0.15295  -0.50828  -0.89448  -1.31783  -1.75790  -2.22130  -2.68514  -3.17835  -3.71867  -4.24958  -4.79184  -5.34776  -5.91538  -6.49278  -7.08109  -7.67910
 203.66551    0.66169   0.60297   0.42372   0.16609  -0.14699  -0.50211  -0.88815  -1.31112  -1.75094  -2.21403  -2.67800  -3.17102  -3.71040  -4.24090  -4.78280  -5.33832  -5.90553  -6.48253  -7.07042  -7.66800
 203.89184    0.66739   0.60867   0.42948   0.17196  -0.14094  -0.49582  -0.88170  -1.30427  -1.74382  -2.20659  -2.67072  -3.16354  -3.70192  -4.23201  -4.77353  -5.32862  -5.89542  -6.47199  -7.05944  -7.65657
 204.11816    0.67317   0.61444   0.43533   0.17792  -0.13478  -0.48943  -0.87514  -1.29728  -1.73656  -2.19898  -2.66330  -3.15592  -3.69323  -4.22289  -4.76401  -5.31866  -5.88502  -6.46116  -7.04815  -7.64481
 204.34448    0.67902   0.62029   0.44125   0.18398  -0.12853  -0.48293  -0.86845  -1.29015  -1.72915  -2.19121  -2.65573  -3.14816  -3.68434  -4.21354  -4.75426  -5.30845  -5.87435  -6.45003  -7.03654  -7.63272
 204.57081    0.68494   0.62622   0.44726   0.19012  -0.12217  -0.47631  -0.86165  -1.28288  -1.72159  -2.18328  -2.64803  -3.14025  -3.67524  -4.20397  -4.74426  -5.29797  -5.86340  -6.43860  -7.02461  -7.62029
 204.79713    0.69093   0.63223   0.45335   0.19636  -0.11572  -0.46959  -0.85474  -1.27547  -1.71388  -2.17519  -2.64018  -3.13220  -3.66593  -4.19417  -4.73402  -5.28723  -5.85217  -6.42687  -7.01236  -7.60751
 205.02345    0.69700   0.63831   0.45953   0.20268  -0.10917  -0.46275  -0.84770  -1.26792  -1.70601  -2.16693  -2.63219  -3.12401  -3.65641  -4.18414  -4.72353  -5.27622  -5.84065  -6.41484  -6.99979  -7.59439
 205.24978    0.70314   0.64446   0.46578   0.20910  -0.10251  -0.45580  -0.84055  -1.26023  -1.69800  -2.15851  -2.62406  -3.11567  -3.64668  -4.17388  -4.71280  -5.26495  -5.82885  -6.40250  -6.98690  -7.58093
 205.47610    0.70935   0.65069   0.47212   0.21560  -0.09576  -0.44875  -0.83329  -1.25240  -1.68984  -2.14992  -2.61580  -3.10719  -3.63674  -4.16339  -4.70182  -5.25341  -5.81676  -6.38986  -6.97368  -7.56712
 205.70242    0.71563   0.65699   0.47853   0.22219  -0.08891  -0.44158  -0.82591  -1.24443  -1.68153  -2.14117  -2.60739  -3.09857  -3.62658  -4.15267  -4.69059  -5.24161  -5.80438  -6.37691  -6.96012  -7.55295
 205.92875    0.72198   0.66337   0.48503   0.22887  -0.08197  -0.43430  -0.81841  -1.23632  -1.67307  -2.13225  -2.59884  -3.08981  -3.61622  -4.14171  -4.67911  -5.22953  -5.79171  -6.36365  -6.94624  -7.53843
 206.15507    0.72840   0.66981   0.49160   0.23564  -0.07492  -0.42692  -0.81079  -1.22807  -1.66446  -2.12317  -2.59015  -3.08090  -3.60564  -4.13052  -4.66738  -5.21718  -5.77874  -6.35008  -6.93202  -7.52355
 206.38139    0.73489   0.67634   0.49826   0.24249  -0.06778  -0.41942  -0.80307  -1.21968  -1.65570  -2.11392  -2.58132  -3.07185  -3.59484  -4.11910  -4.65540  -5.20456  -5.76548  -6.33619  -6.91746  -7.50832
 206.60772    0.74145   0.68293   0.50499   0.24943  -0.06054  -0.41182  -0.79522  -1.21115  -1.64679  -2.10451  -2.57235  -3.06266  -3.58384  -4.10743  -4.64316  -5.19166  -5.75193  -6.32198  -6.90257  -7.49272
 206.83404    0.74808   0.68959   0.51180   0.25646  -0.05320  -0.40411  -0.78726  -1.20249  -1.63773  -2.09492  -2.56324  -3.05333  -3.57261  -4.09553  -4.63067  -5.17848  -5.73807  -6.30745  -6.88733  -7.47675
 207.06037    0.75477   0.69633   0.51869   0.26357  -0.04577  -0.39629  -0.77919  -1.19368  -1.62851  -2.08518  -2.55399  -3.04386  -3.56117  -4.08339  -4.61792  -5.16503  -5.72392  -6.29261  -6.87174  -7.46041
 207.28669    0.76154   0.70314   0.52566   0.27077  -0.03824  -0.38836  -0.77100  -1.18473  -1.61915  -2.07526  -2.54460  -3.03424  -3.54951  -4.07101  -4.60491  -5.15130  -5.70946  -6.27744  -6.85581  -7.44370
 207.51301    0.76837   0.71002   0.53271   0.27805  -0.03062  -0.38032  -0.76269  -1.17564  -1.60963  -2.06518  -2.53507  -3.02449  -3.53763  -4.05839  -4.59165  -5.13728  -5.69470  -6.26194  -6.83953  -7.42662
 207.73934    0.77527   0.71697   0.53983   0.28542  -0.02290  -0.37217  -0.75427  -1.16641  -1.59997  -2.05493  -2.52540  -3.01459  -3.52553  -4.04553  -4.57812  -5.12298  -5.67963  -6.24611  -6.82290  -7.40916
 207.96566    0.78223   0.72398   0.54703   0.29287  -0.01508  -0.36392  -0.74574  -1.15704  -1.59015  -2.04451  -2.51559  -3.00455  -3.51321  -4.03243  -4.56433  -5.10840  -5.66425  -6.22996  -6.80591  -7.39132
 208.19198    0.78926   0.73107   0.55430   0.30041  -0.00717  -0.35556  -0.73709  -1.14752  -1.58018  -2.03392  -2.50564  -2.99437  -3.50067  -4.01908  -4.55028  -5.09353  -5.64857  -6.21347  -6.78856  -7.37309
 208.41831    0.79636   0.73823   0.56165   0.30804   0.00084  -0.34709  -0.72833  -1.13787  -1.57006  -2.02317  -2.49555  -2.98405  -3.48791  -4.00548  -4.53596  -5.07837  -5.63257  -6.19665  -6.77086  -7.35448
 208.64463    0.80352   0.74545   0.56908   0.31574   0.00894  -0.33852  -0.71946  -1.12808  -1.55978  -2.01225  -2.48533  -2.97359  -3.47493  -3.99164  -4.52138  -5.06293  -5.61625  -6.17949  -6.75279  -7.33548
 208.87095    0.81074   0.75274   0.57658   0.32353   0.01713  -0.32984  -0.71047  -1.11815  -1.54936  -2.00115  -2.47496  -2.96299  -3.46172  -3.97755  -4.50653  -5.04719  -5.59962  -6.16199  -6.73435  -7.31609
 209.09728    0.81803   0.76011   0.58416   0.33140   0.02542  -0.32105  -0.70137  -1.10807  -1.53878  -1.98989  -2.46446  -2.95225  -3.44829  -3.96321  -4.49142  -5.03116  -5.58268  -6.14415  -6.71555  -7.29630
 209.32360    0.82539   0.76753   0.59181   0.33936   0.03380  -0.31215  -0.69216  -1.09786  -1.52805  -1.97846  -2.45382  -2.94137  -3.43463  -3.94862  -4.47603  -5.01483  -5.56541  -6.12596  -6.69638  -7.27611
 209.54992    0.83280   0.77503   0.59953   0.34740   0.04228  -0.30315  -0.68283  -1.08750  -1.51717  -1.96686  -2.44304  -2.93035  -3.42075  -3.93378  -4.46037  -4.99821  -5.54782  -6.10743  -6.67683  -7.25552
 209.77625    0.84028   0.78259   0.60733   0.35552   0.05085  -0.29405  -0.67339  -1.07700  -1.50614  -1.95509  -2.43212  -2.91919  -3.40664  -3.91869  -4.44444  -4.98129  -5.52990  -6.08855  -6.65691  -7.23453
 210.00257    0.84783   0.79021   0.61520   0.36372   0.05951  -0.28483  -0.66384  -1.06637  -1.49495  -1.94315  -2.42106  -2.90788  -3.39230  -3.90335  -4.42823  -4.96407  -5.51166  -6.06932  -6.63660  -7.21312
 210.22889    0.85543   0.79791   0.62314   0.37200   0.06826  -0.27552  -0.65417  -1.05559  -1.48361  -1.93103  -2.40986  -2.89644  -3.37773  -3.88775  -4.41175  -4.94655  -5.49309  -6.04973  -6.61592  -7.19131
 210.45522    0.86310   0.80566   0.63116   0.38037   0.07711  -0.26609  -0.64439  -1.04467  -1.47211  -1.91875  -2.39853  -2.88486  -3.36293  -3.87189  -4.39499  -4.92872  -5.47420  -6.02979  -6.59486  -7.16908
 210.68154    0.87083   0.81349   0.63924   0.38881   0.08605  -0.25656  -0.63450  -1.03360  -1.46047  -1.90629  -2.38705  -2.87314  -3.34791  -3.85578  -4.37796  -4.91059  -5.45497  -6.00950  -6.57340  -7.14644
 210.90786    0.87861   0.82137   0.64740   0.39734   0.09508  -0.24693  -0.62450  -1.02240  -1.44867  -1.89367  -2.37544  -2.86128  -3.33265  -3.83941  -4.36064  -4.89216  -5.43540  -5.98884  -6.55156  -7.12337
 211.13419    0.88646   0.82933   0.65563   0.40594   0.10420  -0.23719  -0.61439  -1.01106  -1.43672  -1.88087  -2.36369  -2.84928  -3.31716  -3.82278  -4.34305  -4.87341  -5.41550  -5.96782  -6.52932  -7.09989
 211.36051    0.89437   0.83734   0.66394   0.41463   0.11341  -0.22735  -0.60417  -0.99957  -1.42461  -1.86790  -2.35181  -2.83715  -3.30143  -3.80589  -4.32517  -4.85436  -5.39526  -5.94643  -6.50669  -7.07597
 211.58683    0.90234   0.84542   0.67231   0.42339   0.12271  -0.21740  -0.59383  -0.98794  -1.41235  -1.85475  -2.33978  -2.82487  -3.28548  -3.78874  -4.30701  -4.83499  -5.37468  -5.92468  -6.48366  -7.05163
 211.81316    0.91037   0.85356   0.68075   0.43224   0.13211  -0.20735  -0.58338  -0.97617  -1.39994  -1.84143  -2.32762  -2.81246  -3.26928  -3.77133  -4.28856  -4.81532  -5.35376  -5.90256  -6.46023  -7.02685
 212.03948    0.91846   0.86176   0.68926   0.44116   0.14159  -0.19719  -0.57282  -0.96426  -1.38737  -1.82794  -2.31532  -2.79990  -3.25286  -3.75365  -4.26983  -4.79532  -5.33249  -5.88006  -6.43640  -7.00163

# Minimas
 189.63587    0.47470 
 189.91958    0.42092 
 190.38064    0.24766 
 190.83225   -0.00560 
 191.27855   -0.31595 
 191.69222   -0.66976 
 191.89268   -1.05676 
 192.53092   -1.47736 
 192.71644   -1.91992 
 192.97916   -2.38527 
 192.36479   -2.85932 
 192.30597   -3.35854 
 193.59017   -3.89122 
 193.80287   -4.42541 
 193.92914   -4.97196 
 194.08451   -5.53204 
 194.23346   -6.10355 
 194.33771   -6.68584 
 194.45425   -7.27880 
 194.56639   -7.88141 

