   0.000000000000000    0.000000000000000
  10.000000000000000   14.592504702248236
  20.000000000000000   58.339620448228978
  30.000000000000000  102.749239996243276
  40.000000000000000  141.547391752005353
  50.000000000000000  173.272567831026237
  60.000000000000000  201.414761558243072
  70.000000000000000  223.893865502418208
  80.000000000000000  245.498619408917335
  90.000000000000000  263.123347211623695
 100.000000000000000  278.511773316881317
 110.000000000000000  296.210544387894345
 120.000000000000000  305.581197546385397
 130.000000000000000  316.294903970335326
 140.000000000000000  325.201986604214824
 150.000000000000000  334.159167655764122
 160.000000000000000  347.537369803626859
 170.000000000000000  348.306868661344708
 180.000000000000000  343.043277142465854
 190.000000000000000  356.904711136570427
 200.000000000000000  368.097843938923234
 210.000000000000000  372.591339083689434
 220.000000000000000  369.468556167001225
 230.000000000000000  376.364694700476207
 240.000000000000000  384.232063444629944
 250.000000000000000  386.647319254449030
 260.000000000000000  391.816772387190667
 270.000000000000000  386.355086029380971
 280.000000000000000  386.637065819793122
 290.000000000000000  393.398747274078119
 300.000000000000000  397.719184191926729
 310.000000000000000  390.498485960748837
 320.000000000000000  393.215625389052775
 330.000000000000000  406.013035768470672
 340.000000000000000  402.225044797629835
 350.000000000000000  399.442364322044682
 360.000000000000000  403.565234905907289
 370.000000000000000  405.746954384860999
 380.000000000000000  409.033164629520343
 390.000000000000000  410.645936286223446
 400.000000000000000  408.942055361456823
 410.000000000000000  405.931902425699775
 420.000000000000000  410.531426517981572
 430.000000000000000  414.837655556714310
 440.000000000000000  418.107669501178520
 450.000000000000000  412.111762837651611
 460.000000000000000  410.698516840216428
 470.000000000000000  412.758689414899095
 480.000000000000000  411.490427263311915
 490.000000000000000  415.075565889839766
 500.000000000000000  410.657303428215471
 510.000000000000000  412.870849795320396
 520.000000000000000  421.904587159666391
 530.000000000000000  423.480258789538823
 540.000000000000000  416.699891037945179
 550.000000000000000  413.707393460316780
 560.000000000000000  416.988388147903891
 570.000000000000000  417.637376267821480
 580.000000000000000  412.704542526822308
 590.000000000000000  422.649015879650335
 600.000000000000000  426.146052022975312
 610.000000000000000  419.108212472788694
 620.000000000000000  423.636780286471890
 630.000000000000000  424.507488053908219
 640.000000000000000  417.019058001363589
 650.000000000000000  414.643680563909243
 660.000000000000000  418.718608043810434
 670.000000000000000  421.065735702931079
 680.000000000000000  426.346195216908143
 690.000000000000000  429.226857579843738
 700.000000000000000  419.116022266392292
 710.000000000000000  414.752757577719365
 720.000000000000000  414.090798782132197
 730.000000000000000  384.036719789678102
 740.000000000000000  401.714223730571405
 750.000000000000000  412.492493499264015
 760.000000000000000  444.426399567919873
 770.000000000000000  428.494304016119770
 780.000000000000000  423.742944689349713
 790.000000000000000  423.713974581752495
 800.000000000000000  413.434924191185132
 810.000000000000000  401.149703691172078
 820.000000000000000  402.401580255768863
 830.000000000000000  412.460952635799742
 840.000000000000000  388.698874273622550
 850.000000000000000  412.215278199044008
 860.000000000000000  409.141105698467413
 870.000000000000000  487.634503938940497
 880.000000000000000  418.766015896140459
 890.000000000000000  341.495053599861649
 900.000000000000000  398.720008135345267
 910.000000000000000  416.217217960462165
 920.000000000000000  415.586802195336816
 930.000000000000000  414.643601530401895
 940.000000000000000  417.261145397093571
 950.000000000000000  419.073203776269281
 960.000000000000000  415.190199846622363
 970.000000000000000  409.875678252339355
 980.000000000000000  424.480054570253628
 990.000000000000000  411.936342562805748
1000.000000000000000  399.908397955875273
1010.000000000000000  417.191355125781683
1020.000000000000000  413.271687779483727
1030.000000000000000  412.038699454713537
1040.000000000000000  415.968914635037947
1050.000000000000000  414.549769483662658
1060.000000000000000  413.257972353021728
1070.000000000000000  413.650920121673266
1080.000000000000000  413.770512452772380
1090.000000000000000  411.127876220632402
1100.000000000000000  411.156488133397204
1110.000000000000000  406.406199464611575
1120.000000000000000  412.783428849662414
1130.000000000000000  413.801732747491826
1140.000000000000000  411.241298896871797
1150.000000000000000  416.388310088155322
1160.000000000000000  412.478731458172490
1170.000000000000000  413.424155124680681
1180.000000000000000  412.603270225886547
1190.000000000000000  401.964133569606531
1200.000000000000000  408.342097077257847
1210.000000000000000  418.030793186352412
1220.000000000000000  410.800249273499674
1230.000000000000000  405.261306901207547
1240.000000000000000  414.519843090049619
1250.000000000000000  415.489847685701591
1260.000000000000000  405.639019908593468
1270.000000000000000  407.061442756612962
1280.000000000000000  410.266424441036463
1290.000000000000000  412.481197355433096
1300.000000000000000  409.918077621256657
1310.000000000000000  406.500093195454326
1320.000000000000000  408.704700017361461
1330.000000000000000  412.069325892392328
1340.000000000000000  407.932481119570298
1350.000000000000000  406.718936178844672
1360.000000000000000  413.989631660809039
1370.000000000000000  410.829975945998513
1380.000000000000000  407.611184992551216
1390.000000000000000  408.956621956135336
1400.000000000000000  410.644611984669723
1410.000000000000000  409.700416522938895
1420.000000000000000  406.901779451307391
1430.000000000000000  409.065311285970040
1440.000000000000000  409.733228962051044
1450.000000000000000  412.717762713942193
1460.000000000000000  409.337749417855889
1470.000000000000000  405.406910944245340
1480.000000000000000  407.607883067342812
1490.000000000000000  409.851016419116377
1500.000000000000000  408.436607886078662
1510.000000000000000  406.904440185879196
1520.000000000000000  408.683559445532410
1530.000000000000000  408.207133129731972
1540.000000000000000  408.864386250973610
1550.000000000000000  407.611774426688555
1560.000000000000000  407.911953134851672
1570.000000000000000  408.141654573398739
1580.000000000000000  406.958739531952460
1590.000000000000000  407.113284178617448
1600.000000000000000  408.973778973727235
1610.000000000000000  408.143779663644864
1620.000000000000000  407.394401666922420
1630.000000000000000  408.215115239699287
1640.000000000000000  407.883165778315231
1650.000000000000000  407.500667666383322
1660.000000000000000  407.411113798442443
1670.000000000000000  407.639116479282052
1680.000000000000000  407.535380618790953
1690.000000000000000  407.544179626485629
1700.000000000000000  407.462973498894314
1710.000000000000000  407.612146416761846
1720.000000000000000  407.496565938298147
1730.000000000000000  407.348287321338375
1740.000000000000000  406.775470836117108
1750.000000000000000  408.519337356354640
1760.000000000000000  407.548967567261343
1770.000000000000000  406.184956292937784
1780.000000000000000  407.134677167727091
1790.000000000000000  407.194324576187626
1800.000000000000000  406.342664133266112
1810.000000000000000  407.102368232209415
1820.000000000000000  408.447986710996986
1830.000000000000000  407.026297770623614
1840.000000000000000  406.070715678081172
1850.000000000000000  406.747157740227124
1860.000000000000000  405.808663347683535
1870.000000000000000  408.196734137886438
1880.000000000000000  408.635340748971089
1890.000000000000000  407.511951292029835
1900.000000000000000  407.074037626843051
1910.000000000000000  407.278027908046738
1920.000000000000000  406.031641948383651
1930.000000000000000  404.762033942014227
1940.000000000000000  407.624043539846355
1950.000000000000000  407.134302453375653
1960.000000000000000  407.014983533309476
1970.000000000000000  410.100249720338525
1980.000000000000000  407.263301500480111
1990.000000000000000  403.727995930044074
