   0.000000000000000    0.000000000000000
  10.000000000000000    0.000402225801152
  20.000000000000000    0.001128787049541
  30.000000000000000    0.001563268737960
  40.000000000000000    0.001857441218140
  50.000000000000000    0.002052158892333
  60.000000000000000    0.002198621957401
  70.000000000000000    0.002333518270892
  80.000000000000000    0.002424481602119
  90.000000000000000    0.002548498957419
 100.000000000000000    0.002617282983020
 110.000000000000000    0.002723584533713
 120.000000000000000    0.002800304957914
 130.000000000000000    0.002873880950155
 140.000000000000000    0.002936313082250
 150.000000000000000    0.002994427181272
 160.000000000000000    0.003046608520228
 170.000000000000000    0.003106058614400
 180.000000000000000    0.003135066323419
 190.000000000000000    0.003165364898219
 200.000000000000000    0.003202638618576
 210.000000000000000    0.003235139599223
 220.000000000000000    0.003263638988887
 230.000000000000000    0.003283651576988
 240.000000000000000    0.003307945937877
 250.000000000000000    0.003325883578046
 260.000000000000000    0.003341581424862
 270.000000000000000    0.003354289121732
 280.000000000000000    0.003366037759006
 290.000000000000000    0.003375890090262
 300.000000000000000    0.003381727709710
 310.000000000000000    0.003386304449001
 320.000000000000000    0.003396054321522
 330.000000000000000    0.003396837047792
 340.000000000000000    0.003392892641192
 350.000000000000000    0.003395991605561
 360.000000000000000    0.003393568619449
 370.000000000000000    0.003390740559323
 380.000000000000000    0.003383918582466
 390.000000000000000    0.003374704584588
 400.000000000000000    0.003363453082909
 410.000000000000000    0.003356064433948
 420.000000000000000    0.003349779499539
 430.000000000000000    0.003332485411767
 440.000000000000000    0.003316377144194
 450.000000000000000    0.003289164024401
 460.000000000000000    0.003286412212334
 470.000000000000000    0.003261025555305
 480.000000000000000    0.003253588167541
 490.000000000000000    0.003230392883657
 500.000000000000000    0.003213278051988
 510.000000000000000    0.003201852481229
 520.000000000000000    0.003178137974979
 530.000000000000000    0.003139036014742
 540.000000000000000    0.003108263641986
 550.000000000000000    0.003088783325172
 560.000000000000000    0.003067115203303
 570.000000000000000    0.003035985059510
 580.000000000000000    0.003011371887734
 590.000000000000000    0.002997340345127
 600.000000000000000    0.002934827978000
 610.000000000000000    0.002905821340746
 620.000000000000000    0.002867718350771
 630.000000000000000    0.002818184229962
 640.000000000000000    0.002773443400946
 650.000000000000000    0.002754851234624
 660.000000000000000    0.002719965273271
 670.000000000000000    0.002682039178956
 680.000000000000000    0.002634323344919
 690.000000000000000    0.002567252700095
 700.000000000000000    0.002499297171132
 710.000000000000000    0.002482267074459
 720.000000000000000    0.002436913230882
 730.000000000000000    0.002423414735402
 740.000000000000000    0.002545820643771
 750.000000000000000    0.002435227230882
 760.000000000000000    0.002501763400993
 770.000000000000000    0.002209064398830
 780.000000000000000    0.002357540790476
 790.000000000000000    0.002086198383606
 800.000000000000000    0.002230236931482
 810.000000000000000    0.002025153269794
 820.000000000000000    0.002253573678339
 830.000000000000000    0.002039598644930
 840.000000000000000    0.002202318539897
 850.000000000000000    0.002143580884921
 860.000000000000000    0.002156087418900
 870.000000000000000    0.002117102451900
 880.000000000000000    0.001572049399730
 890.000000000000000    0.001996727568519
 900.000000000000000    0.002048593378149
 910.000000000000000    0.002040588666029
 920.000000000000000    0.001975568772961
 930.000000000000000    0.001970498768439
 940.000000000000000    0.001911251596968
 950.000000000000000    0.001886138703776
 960.000000000000000    0.001811507882569
 970.000000000000000    0.001812902309347
 980.000000000000000    0.001778894226645
 990.000000000000000    0.001664086609613
1000.000000000000000    0.001727188222623
1010.000000000000000    0.001711900434277
1020.000000000000000    0.001634559920062
1030.000000000000000    0.001649372157209
1040.000000000000000    0.001582534633230
1050.000000000000000    0.001561435032634
1060.000000000000000    0.001505637502405
1070.000000000000000    0.001494419777379
1080.000000000000000    0.001434180923822
1090.000000000000000    0.001419564804510
1100.000000000000000    0.001384826845995
1110.000000000000000    0.001369302119312
1120.000000000000000    0.001383211125167
1130.000000000000000    0.001303223116141
1140.000000000000000    0.001303338728621
1150.000000000000000    0.001250505818799
1160.000000000000000    0.001190970095189
1170.000000000000000    0.001178990977303
1180.000000000000000    0.001107065001119
1190.000000000000000    0.001101023533567
1200.000000000000000    0.001164974581833
1210.000000000000000    0.001079338475409
1220.000000000000000    0.001017002673873
1230.000000000000000    0.001021699833445
1240.000000000000000    0.001035784578433
1250.000000000000000    0.000915179525516
1260.000000000000000    0.000901822722887
1270.000000000000000    0.000931914912810
1280.000000000000000    0.000897095147073
1290.000000000000000    0.000878056653434
1300.000000000000000    0.000807116986320
1310.000000000000000    0.000825165513671
1320.000000000000000    0.000812989267961
1330.000000000000000    0.000794268250677
1340.000000000000000    0.000723365711381
1350.000000000000000    0.000775312372299
1360.000000000000000    0.000727404044782
1370.000000000000000    0.000643502915599
1380.000000000000000    0.000646118578306
1390.000000000000000    0.000630863467224
1400.000000000000000    0.000604652640354
1410.000000000000000    0.000549987569675
1420.000000000000000    0.000539860707832
1430.000000000000000    0.000554973019756
1440.000000000000000    0.000492290753733
1450.000000000000000    0.000484025679334
1460.000000000000000    0.000335288853999
1470.000000000000000    0.000397023764195
1480.000000000000000    0.000396709428927
1490.000000000000000    0.000383764543508
1500.000000000000000    0.000304764068451
1510.000000000000000    0.000331835754794
1520.000000000000000    0.000319647243670
1530.000000000000000    0.000273586700849
1540.000000000000000    0.000275966734600
1550.000000000000000    0.000199014959908
1560.000000000000000    0.000258107868345
1570.000000000000000    0.000170427714344
1580.000000000000000    0.000199044658823
1590.000000000000000    0.000199125960244
1600.000000000000000    0.000218411208720
1610.000000000000000    0.000106183919241
1620.000000000000000    0.000132462436217
1630.000000000000000    0.000112178928601
1640.000000000000000    0.000046025426327
1650.000000000000000   -0.000000370480803
1660.000000000000000    0.000064180444771
1670.000000000000000    0.000020576554625
1680.000000000000000   -0.000004519654912
1690.000000000000000   -0.000002192775159
1700.000000000000000   -0.000082136123017
1710.000000000000000   -0.000018949731741
1720.000000000000000   -0.000063666030308
1730.000000000000000   -0.000039114080655
1740.000000000000000   -0.000149406659263
1750.000000000000000   -0.000110732425866
1760.000000000000000   -0.000049131741953
1770.000000000000000   -0.000136597407688
1780.000000000000000   -0.000184284386678
1790.000000000000000   -0.000173282733778
1800.000000000000000   -0.000219994508967
1810.000000000000000   -0.000250361831505
1820.000000000000000   -0.000250374795417
1830.000000000000000   -0.000214461122790
1840.000000000000000   -0.000291449567875
1850.000000000000000   -0.000285279566719
1860.000000000000000   -0.000335346517414
1870.000000000000000   -0.000357406113611
1880.000000000000000   -0.000321053788946
1890.000000000000000   -0.000325226169883
1900.000000000000000   -0.000331904272808
1910.000000000000000   -0.000352213191590
1920.000000000000000   -0.000350584938843
1930.000000000000000   -0.000414376619268
1940.000000000000000   -0.000440257316698
1950.000000000000000   -0.000420690619911
1960.000000000000000   -0.000461188841562
1970.000000000000000   -0.000442967382472
1980.000000000000000   -0.000401694090209
1990.000000000000000   -0.000461615887864
