   0.000000000000000         0.000000000000000
  10.000000000000000        -2.442719788802196
  20.000000000000000       -16.011599010313919
  30.000000000000000         8.600740662263870
  40.000000000000000         7.263316152129330
  50.000000000000000         0.969509092973578
  60.000000000000000         2.401814618218825
  70.000000000000000        -0.312519508508749
  80.000000000000000         2.225230351116185
  90.000000000000000         1.756320759619894
 100.000000000000000         1.753770289492440
 110.000000000000000         4.959773280879774
 120.000000000000000         2.539260085269745
 130.000000000000000         2.433933981929912
 140.000000000000000         2.023932586951797
 150.000000000000000         2.232613518655087
 160.000000000000000         4.714145448812025
 170.000000000000000         2.138507142996648
 180.000000000000000        -2.071659046181449
 190.000000000000000         1.080779742109421
 200.000000000000000         3.065436581926768
 210.000000000000000         3.036219587091671
 220.000000000000000         1.002156245882692
 230.000000000000000         1.858175053691202
 240.000000000000000         2.989206666592812
 250.000000000000000         2.754927714815004
 260.000000000000000         3.342189042280521
 270.000000000000000         1.562693845693691
 280.000000000000000         1.118985458828431
 290.000000000000000         1.963468192742499
 300.000000000000000         2.494002530591203
 310.000000000000000         0.794469056766918
 320.000000000000000         0.953586338748771
 330.000000000000000         2.809021011817549
 340.000000000000000         2.025468598705608
 350.000000000000000         1.288947956879511
 360.000000000000000         1.683764536753471
 370.000000000000000         1.848368276967861
 380.000000000000000         2.134655529869538
 390.000000000000000         2.277259654313057
 400.000000000000000         1.883523612437976
 410.000000000000000         1.351364898405634
 420.000000000000000         1.799632348398626
 430.000000000000000         2.217560924310751
 440.000000000000000         2.605091061073181
 450.000000000000000         1.728554590836587
 460.000000000000000         1.415653055847169
 470.000000000000000         1.581150770051342
 480.000000000000000         1.401928033486557
 490.000000000000000         1.678862643689175
 500.000000000000000         1.161936947968355
 510.000000000000000         1.331139182896231
 520.000000000000000         2.331189087590968
 530.000000000000000         2.455671495529641
 540.000000000000000         1.566881778337479
 550.000000000000000         1.250492188726374
 560.000000000000000         1.580590391835953
 570.000000000000000         1.618014354294646
 580.000000000000000         1.039579231957514
 590.000000000000000         2.118616351876651
 600.000000000000000         2.434405290954518
 610.000000000000000         1.640196964735537
 620.000000000000000         2.096177431685459
 630.000000000000000         2.141430500260332
 640.000000000000000         1.352066671069599
 650.000000000000000         1.082056680901749
 660.000000000000000         1.494211846809944
 670.000000000000000         1.734952387341313
 680.000000000000000         2.296656491314061
 690.000000000000000         2.522541823054382
 700.000000000000000         1.499718446758653
 710.000000000000000         1.064824249880377
 720.000000000000000         0.938953620478318
 730.000000000000000        -2.365563435574133
 740.000000000000000        -0.480703429462498
 750.000000000000000         0.771989439584878
 760.000000000000000         5.023461826378233
 770.000000000000000         2.562288426534748
 780.000000000000000         2.264636941390778
 790.000000000000000         2.086435597941586
 800.000000000000000         0.928025019808997
 810.000000000000000        -0.574505903196809
 820.000000000000000        -0.505388196255662
 830.000000000000000         0.781959372533624
 840.000000000000000        -2.423049133341023
 850.000000000000000         0.813193441213097
 860.000000000000000         0.373133796212616
 870.000000000000000        11.527720254702809
 880.000000000000000         1.780955282090997
 890.000000000000000        -9.420586776027925
 900.000000000000000        -1.191602025463580
 910.000000000000000         1.427749885668106
 920.000000000000000         1.338139844219936
 930.000000000000000         1.192713665942781
 940.000000000000000         1.608821292615349
 950.000000000000000         1.940215200164812
 960.000000000000000         1.337712062493498
 970.000000000000000         0.473539578462436
 980.000000000000000         2.905553827564682
 990.000000000000000         0.833884895389344
1000.000000000000000        -1.235499187272775
1010.000000000000000         1.768283843267417
1020.000000000000000         1.097866024300296
1030.000000000000000         0.877369549731919
1040.000000000000000         1.627360410106698
1050.000000000000000         1.375597371718368
1060.000000000000000         1.157815755777266
1070.000000000000000         1.243887173520800
1080.000000000000000         1.305285937820585
1090.000000000000000         0.785096329027290
1100.000000000000000         0.807214406780416
1110.000000000000000        -0.187247391594622
1120.000000000000000         1.150125541567755
1130.000000000000000         1.423450967279180
1140.000000000000000         0.862817423915277
1150.000000000000000         2.066553245503055
1160.000000000000000         1.217621306511486
1170.000000000000000         1.456367615253108
1180.000000000000000         1.329232788819616
1190.000000000000000        -1.382037111372962
1200.000000000000000         0.220385106317620
1210.000000000000000         2.793950843054411
1220.000000000000000         0.937495744808189
1230.000000000000000        -0.604135518548132
1240.000000000000000         1.950730715631330
1250.000000000000000         2.459246862429616
1260.000000000000000        -0.554558395588854
1270.000000000000000        -0.127521515988211
1280.000000000000000         0.881457299932400
1290.000000000000000         1.614607594473680
1300.000000000000000         0.851304581136719
1310.000000000000000        -0.344085042482382
1320.000000000000000         0.415101182226080
1330.000000000000000         1.626082877070073
1340.000000000000000         0.169404918123785
1350.000000000000000        -0.311393214792740
1360.000000000000000         2.515054595923769
1370.000000000000000         1.445683809410638
1380.000000000000000         0.036612294561382
1390.000000000000000         0.633330799961121
1400.000000000000000         1.448886274476386
1410.000000000000000         1.109295017120500
1420.000000000000000        -0.325916483564826
1430.000000000000000         0.765944671548626
1440.000000000000000         1.252109412964033
1450.000000000000000         2.997902430365941
1460.000000000000000         1.536127537026084
1470.000000000000000        -1.478122096977747
1480.000000000000000         0.051709555452521
1490.000000000000000         1.684044965300757
1500.000000000000000         0.849634192521611
1510.000000000000000        -0.532781062245559
1520.000000000000000         0.994627627133804
1530.000000000000000         0.691136533522822
1540.000000000000000         1.334129242610121
1550.000000000000000         0.152758886031329
1560.000000000000000         0.376724300285050
1570.000000000000000         1.022608286770531
1580.000000000000000        -0.832935841851486
1590.000000000000000        -0.640445693310872
1600.000000000000000         1.783701540144437
1610.000000000000000         1.616290206708649
1620.000000000000000        -0.352671275684345
1630.000000000000000         1.633156384442153
1640.000000000000000         2.173923739870427
1650.000000000000000        -0.607509929012739
1660.000000000000000        -0.677308772845640
1670.000000000000000         1.267715061958725
1680.000000000000000         0.271505249556411
1690.000000000000000         1.461062676704010
1700.000000000000000         0.142876209673264
1710.000000000000000        -0.629681983994511
1720.000000000000000         0.222954623424393
1730.000000000000000         1.669439042246782
1740.000000000000000         1.350586084298926
1750.000000000000000        -2.448394831746149
1760.000000000000000         0.357001906295677
1770.000000000000000         2.808252067088320
1780.000000000000000         0.594234147609087
1790.000000000000000         0.572990668193277
1800.000000000000000         1.493495344790007
1810.000000000000000         0.454370301667863
1820.000000000000000        -1.027685332100344
1830.000000000000000         0.704515982184223
1840.000000000000000         1.377752266455813
1850.000000000000000         0.766612835090120
1860.000000000000000         1.399820585302354
1870.000000000000000        -0.543757140097139
1880.000000000000000        -0.957993580061529
1890.000000000000000         0.026971956890786
1900.000000000000000         0.401425456422375
1910.000000000000000         0.211322757215702
1920.000000000000000         1.223050976511159
1930.000000000000000         1.852931460227701
1940.000000000000000        -0.075462097130965
1950.000000000000000         0.263545950773122
1960.000000000000000         0.297801023252086
1970.000000000000000        -1.625765465930700
1980.000000000000000         0.219709538716681
1990.000000000000000         2.316405007081960
