# Volume points
 412.20704    1.49343   1.37615   0.98896   0.41740  -0.28661  -1.09285  -1.98201  -2.94079  -3.95952  -5.03085  -6.14905  -7.30948  -8.50835  -9.74249 -11.00920 -12.30617 -13.63139 -14.98311 -16.35979 -17.76002
 413.46633    1.45829   1.34036   0.95181   0.37861  -0.32716  -1.13523  -2.02625  -2.98692  -4.00756  -5.08083  -6.20097  -7.36336  -8.56420  -9.80031 -11.06900 -12.36796 -13.69519 -15.04891 -16.42759 -17.82984
 414.72818    1.42521   1.30656   0.91659   0.34170  -0.36587  -1.17581  -2.06873  -3.03132  -4.05390  -5.12912  -6.25122  -7.41558  -8.61840  -9.85649 -11.12717 -12.42813 -13.75735 -15.11307 -16.49376 -17.89802
 415.99259    1.46724   1.34791   0.95654   0.37999  -0.32936  -1.14112  -2.03591  -3.00039  -4.02488  -5.10202  -6.22605  -7.39235  -8.59711  -9.83716 -11.10980 -12.41272 -13.74390 -15.10161 -16.48427 -17.89051
 417.25958    1.36514   1.24503   0.85215   0.27384  -0.43739  -1.25108  -2.14784  -3.11432  -4.14082  -5.21998  -6.34604  -7.51438  -8.72119  -9.96329 -11.23798 -12.54296 -13.87622 -15.23599 -16.62073 -18.02904
 418.52913    1.33822   1.21728   0.82283   0.24267  -0.47050  -1.28620  -2.18500  -3.15354  -4.18211  -5.26336  -6.39153  -7.56197  -8.77089 -10.01511 -11.29193 -12.59904 -13.93443 -15.29634 -16.68321 -18.09367
 419.80125    1.31328   1.19149   0.79545   0.21347  -0.50165  -1.31935  -2.22017  -3.19075  -4.22138  -5.30469  -6.43492  -7.60745  -8.81845 -10.06475 -11.34366 -12.65286 -13.99035 -15.35435 -16.74333 -18.15589
 421.07595    1.29032   1.16772   0.77013   0.18632  -0.53071  -1.35038  -2.25320  -3.22580  -4.25846  -5.34382  -6.47610  -7.65068  -8.86374 -10.11211 -11.39309 -12.70436 -14.04391 -15.41000 -16.80105 -18.21569
 422.35323    1.26925   1.14573   0.74642   0.16064  -0.55849  -1.38031  -2.28532  -3.26013  -4.29501  -5.38260  -6.51713  -7.69396  -8.90928 -10.15992 -11.44317 -12.75671 -14.09855 -15.46692 -16.86026 -18.27719
 423.63309    1.25029   1.12592   0.72505   0.13748  -0.58353  -1.40728  -2.31422  -3.29098  -4.32782  -5.41737  -6.55386  -7.73266  -8.94994 -10.20254 -11.48776 -12.80327 -14.14707 -15.51740 -16.91270 -18.33160
 424.91553    1.23311   1.10779   0.70521   0.11569  -0.60737  -1.43319  -2.34225  -3.32113  -4.36010  -5.45179  -6.59042  -7.77136  -8.99079 -10.24554 -11.53290 -12.85056 -14.19652 -15.56900 -16.96645 -18.38750
 426.20055    1.21798   1.09171   0.68740   0.09590  -0.62924  -1.45720  -2.36842  -3.34948  -4.39064  -5.48453  -6.62538  -7.80853  -9.03019 -10.28716 -11.57675 -12.89664 -14.24482 -15.61954 -17.01924 -18.44252
 427.48817    1.20472   1.07746   0.67137   0.07782  -0.64945  -1.47961  -2.39304  -3.37634  -4.41976  -5.51590  -6.65901  -7.84444  -9.06837 -10.32762 -11.61949 -12.94167 -14.29214 -15.66915 -17.07114 -18.49672
 428.77837    1.19335   1.06502   0.65705   0.06139  -0.66810  -1.50052  -2.41625  -3.40185  -4.44757  -5.54605  -6.69148  -7.87924  -9.10550 -10.36709 -11.66131 -12.98583 -14.33865 -15.71800 -17.12234 -18.55027
 430.07117    1.18387   1.05452   0.64477   0.04709  -0.68451  -1.51907  -2.43696  -3.42473  -4.47264  -5.57329  -6.72091  -7.91086  -9.13931 -10.40308 -11.69948 -13.02619 -14.38120 -15.76274 -17.16926 -18.59938
 431.36656    1.17618   1.04569   0.63405   0.03426  -0.69953  -1.53631  -2.45644  -3.44646  -4.49662  -5.59952  -6.74939  -7.94158  -9.17228 -10.43830 -11.73694 -13.06589 -14.42314 -15.80692 -17.21567 -18.64803
 432.66456    1.17040   1.03882   0.62523   0.02325  -0.71284  -1.55197  -2.47448  -3.46689  -4.51946  -5.62478  -6.77707  -7.97170  -9.20483 -10.47329 -11.77438 -13.10578 -14.46548 -15.85171 -17.26292 -18.69773
 433.96515    1.16641   1.03362   0.61790   0.01349  -0.72515  -1.56689  -2.49205  -3.48715  -4.54242  -5.65046  -6.80549  -8.00285  -9.23874 -10.50997 -11.81383 -13.14801 -14.51049 -15.89952 -17.31353 -18.75114
 435.26835    1.16408   1.03005   0.61225   0.00552  -0.73553  -1.57973  -2.50737  -3.50496  -4.56273  -5.67327  -6.83081  -8.03069  -9.26909 -10.54284 -11.84921 -13.18591 -14.55091 -15.94245 -17.35898 -18.79911
 436.57415    1.16362   1.02827   0.60829  -0.00085  -0.74440  -1.59113  -2.52132  -3.52146  -4.58179  -5.69491  -6.85501  -8.05746  -9.29844 -10.57475 -11.88369 -13.22296 -14.59053 -15.98464 -17.40373 -18.84643
 437.88257    1.16493   1.02817   0.60594  -0.00567  -0.75176  -1.60107  -2.53385  -3.53659  -4.59952  -5.71523  -6.87793  -8.08298  -9.32654 -10.60544 -11.91698 -13.25882 -14.62897 -16.02567 -17.44734 -18.89262
 439.19359    1.16791   1.02982   0.60544  -0.00855  -0.75709  -1.60889  -2.54417  -3.54942  -4.61486  -5.73309  -6.89831  -8.10586  -9.35194 -10.63335 -11.94740 -13.29176 -14.66442 -16.06361 -17.48779 -18.93557
 440.50723    1.17278   1.03321   0.60650  -0.01004  -0.76122  -1.61569  -2.55365  -3.56160  -4.62974  -5.75066  -6.91858  -8.12883  -9.37761 -10.66172 -11.97846 -13.32551 -14.70086 -16.10275 -17.52962 -18.98009
 441.82348    1.17924   1.03807   0.60889  -0.01034  -0.76429  -1.62155  -2.56232  -3.57309  -4.64404  -5.76778  -6.93852  -8.15159  -9.40318 -10.69011 -12.00966 -13.35953 -14.73769 -16.14239 -17.57207 -19.02534
 443.14236    1.18753   1.04478   0.61322  -0.00859  -0.76518  -1.62511  -2.56855  -3.58198  -4.65560  -5.78200  -6.95539  -8.17112  -9.42535 -10.71492 -12.03711 -13.38960 -14.77039 -16.17771 -17.61001 -19.06590
 444.46386    1.19741   1.05294   0.61885  -0.00569  -0.76507  -1.62780  -2.57406  -3.59031  -4.66674  -5.79595  -6.97214  -8.19066  -9.44769 -10.74005 -12.06502 -13.42030 -14.80386 -16.21395 -17.64902 -19.10767
 445.78798    1.20894   1.06283   0.62638  -0.00066  -0.76256  -1.62781  -2.57657  -3.59529  -4.67419  -5.80584  -6.98446  -8.20540  -9.46483 -10.75956 -12.08691 -13.44454 -14.83045 -16.24288 -17.68027 -19.14124
 447.11473    1.22207   1.07449   0.63599   0.00680  -0.75725  -1.62461  -2.57545  -3.59622  -4.67713  -5.81077  -6.99135  -8.21421  -9.47555 -10.77218 -12.10139 -13.46087 -14.84861 -16.26285 -17.70204 -19.16480
 448.44411    1.23689   1.08751   0.64647   0.01458  -0.75219  -1.62228  -2.57583  -3.59929  -4.68288  -5.81918  -7.00240  -8.22790  -9.49186 -10.79109 -12.12289 -13.48496 -14.87527 -16.29208 -17.73382 -19.19912
 449.77612    1.25325   1.10198   0.65843   0.02397  -0.74536  -1.61797  -2.57399  -3.59990  -4.68589  -5.82455  -7.01011  -8.23792  -9.50416 -10.80564 -12.13968 -13.50396 -14.89647 -16.31544 -17.75934 -19.22677
 451.11076    1.27120   1.11809   0.67228   0.03557  -0.73595  -1.61067  -2.56874  -3.59662  -4.68452  -5.82505  -7.01243  -8.24200  -9.50997 -10.81315 -12.14885 -13.51476 -14.90886 -16.32941 -17.77485 -19.24380
 452.44805    1.29070   1.13576   0.68782   0.04904  -0.72444  -1.60101  -2.56083  -3.59038  -4.67987  -5.82193  -7.01077  -8.24176  -9.51108 -10.81558 -12.15254 -13.51968 -14.91497 -16.33667 -17.78323 -19.25327
 453.78797    1.31172   1.15595   0.70766   0.06889  -0.70426  -1.58024  -2.53925  -3.56780  -4.65615  -5.79690  -6.98432  -8.21376  -9.48144 -10.78418 -12.11931 -13.48453 -14.87782 -16.29745 -17.74187 -19.20971
 455.13054    1.33426   1.17877   0.73178   0.09490  -0.67592  -1.54920  -2.50521  -3.53052  -4.61539  -5.75249  -6.93606  -8.16152  -9.42506 -10.72354 -12.05429 -13.41501 -14.80370 -16.21863 -17.65826 -19.12121
 456.47575    1.35842   1.20342   0.75803   0.12335  -0.64478  -1.51501  -2.46767  -3.48935  -4.57037  -5.70341  -6.88275  -8.10381  -9.36282 -10.65663 -11.98257 -13.33837 -14.72204 -16.13185 -17.56625 -19.02390

# Fitted data
 412.20704    1.50485   1.39307   1.00136   0.42451  -0.27767  -1.08187  -1.96962  -2.92594  -3.95259  -5.03645  -6.15839  -7.31866  -8.52073  -9.75562 -11.02645 -12.32296 -13.65554 -15.00565 -16.38557 -17.79042
 412.42839    1.49830   1.38606   0.99444   0.41772  -0.28485  -1.08946  -1.97758  -2.93436  -3.96074  -5.04403  -6.16604  -7.32655  -8.52863  -9.76379 -11.03460 -12.33140 -13.66379 -15.01425 -16.39422 -17.79905
 412.64973    1.49182   1.37913   0.98758   0.41097  -0.29198  -1.09699  -1.98547  -2.94274  -3.96886  -5.05160  -6.17369  -7.33445  -8.53655  -9.77198 -11.04279 -12.33987 -13.67210 -15.02291 -16.40293 -17.80776
 412.87107    1.48541   1.37228   0.98079   0.40428  -0.29905  -1.10447  -1.99332  -2.95105  -3.97695  -5.05916  -6.18134  -7.34235  -8.54449  -9.78019 -11.05102 -12.34839 -13.68047 -15.03163 -16.41172 -17.81657
 413.09242    1.47907   1.36550   0.97407   0.39765  -0.30607  -1.11190  -2.00111  -2.95932  -3.98500  -5.06671  -6.18899  -7.35027  -8.55244  -9.78843 -11.05928 -12.35695 -13.68889 -15.04042 -16.42058 -17.82545
 413.31376    1.47280   1.35880   0.96741   0.39107  -0.31303  -1.11928  -2.00886  -2.96752  -3.99301  -5.07426  -6.19665  -7.35818  -8.56042  -9.79669 -11.06758 -12.36555 -13.69737 -15.04926 -16.42951 -17.83442
 413.53510    1.46660   1.35218   0.96082   0.38454  -0.31995  -1.12660  -2.01655  -2.97568  -4.00099  -5.08180  -6.20430  -7.36611  -8.56841  -9.80497 -11.07591 -12.37418 -13.70590 -15.05815 -16.43850 -17.84346
 413.75645    1.46047   1.34563   0.95430   0.37806  -0.32681  -1.13386  -2.02418  -2.98378  -4.00893  -5.08933  -6.21195  -7.37403  -8.57642  -9.81327 -11.08427 -12.38285 -13.71449 -15.06710 -16.44756 -17.85258
 413.97779    1.45440   1.33917   0.94784   0.37164  -0.33361  -1.14108  -2.03177  -2.99182  -4.01683  -5.09684  -6.21960  -7.38196  -8.58444  -9.82159 -11.09266 -12.39155 -13.72312 -15.07610 -16.45668 -17.86177
 414.19913    1.44841   1.33277   0.94145   0.36527  -0.34037  -1.14823  -2.03930  -2.99981  -4.02470  -5.10435  -6.22725  -7.38989  -8.59248  -9.82993 -11.10108 -12.40029 -13.73180 -15.08516 -16.46587 -17.87104
 414.42048    1.44248   1.32645   0.93512   0.35895  -0.34706  -1.15534  -2.04677  -3.00775  -4.03253  -5.11184  -6.23490  -7.39783  -8.60052  -9.83828 -11.10953 -12.40905 -13.74053 -15.09426 -16.47511 -17.88038
 414.64182    1.43662   1.32021   0.92886   0.35268  -0.35371  -1.16239  -2.05420  -3.01563  -4.04032  -5.11932  -6.24254  -7.40576  -8.60858  -9.84665 -11.11800 -12.41785 -13.74931 -15.10341 -16.48441 -17.88978
 414.86317    1.43083   1.31404   0.92267   0.34647  -0.36030  -1.16939  -2.06157  -3.02345  -4.04808  -5.12679  -6.25017  -7.41370  -8.61666  -9.85503 -11.12650 -12.42668 -13.75812 -15.11261 -16.49376 -17.89925
 415.08451    1.42510   1.30795   0.91654   0.34032  -0.36684  -1.17634  -2.06889  -3.03122  -4.05580  -5.13425  -6.25781  -7.42163  -8.62474  -9.86342 -11.13502 -12.43553 -13.76698 -15.12185 -16.50317 -17.90879
 415.30585    1.41944   1.30193   0.91047   0.33421  -0.37333  -1.18323  -2.07616  -3.03894  -4.06348  -5.14169  -6.26543  -7.42957  -8.63283  -9.87183 -11.14357 -12.44441 -13.77589 -15.13113 -16.51263 -17.91839
 415.52720    1.41385   1.29598   0.90447   0.32816  -0.37976  -1.19007  -2.08338  -3.04660  -4.07112  -5.14911  -6.27305  -7.43750  -8.64092  -9.88025 -11.15214 -12.45332 -13.78483 -15.14046 -16.52214 -17.92805
 415.74854    1.40832   1.29011   0.89853   0.32216  -0.38614  -1.19685  -2.09054  -3.05421  -4.07873  -5.15653  -6.28066  -7.44542  -8.64903  -9.88868 -11.16072 -12.46225 -13.79380 -15.14982 -16.53171 -17.93777
 415.96988    1.40287   1.28431   0.89266   0.31622  -0.39246  -1.20358  -2.09765  -3.06176  -4.08629  -5.16392  -6.28826  -7.45334  -8.65714  -9.89711 -11.16933 -12.47120 -13.80282 -15.15922 -16.54131 -17.94755
 416.19123    1.39747   1.27859   0.88685   0.31033  -0.39873  -1.21026  -2.10470  -3.06926  -4.09382  -5.17130  -6.29585  -7.46126  -8.66525  -9.90556 -11.17795 -12.48017 -13.81187 -15.16866 -16.55097 -17.95738
 416.41257    1.39215   1.27294   0.88111   0.30449  -0.40495  -1.21689  -2.11171  -3.07670  -4.10130  -5.17866  -6.30344  -7.46917  -8.67337  -9.91401 -11.18659 -12.48916 -13.82095 -15.17814 -16.56066 -17.96727
 416.63391    1.38689   1.26736   0.87543   0.29870  -0.41112  -1.22346  -2.11866  -3.08409  -4.10875  -5.18600  -6.31101  -7.47708  -8.68149  -9.92247 -11.19525 -12.49817 -13.83007 -15.18765 -16.57040 -17.97721
 416.85526    1.38170   1.26185   0.86982   0.29297  -0.41723  -1.22997  -2.12556  -3.09143  -4.11616  -5.19332  -6.31857  -7.48498  -8.68961  -9.93093 -11.20392 -12.50720 -13.83921 -15.19719 -16.58018 -17.98719
 417.07660    1.37657   1.25642   0.86427   0.28729  -0.42329  -1.23644  -2.13240  -3.09871  -4.12353  -5.20063  -6.32612  -7.49287  -8.69774  -9.93940 -11.21260 -12.51625 -13.84838 -15.20676 -16.59000 -17.99723
 417.29794    1.37151   1.25105   0.85878   0.28167  -0.42929  -1.24285  -2.13919  -3.10593  -4.13085  -5.20792  -6.33365  -7.50075  -8.70586  -9.94787 -11.22129 -12.52531 -13.85759 -15.21636 -16.59986 -18.00731
 417.51929    1.36651   1.24576   0.85335   0.27609  -0.43524  -1.24920  -2.14593  -3.11310  -4.13814  -5.21518  -6.34118  -7.50862  -8.71398  -9.95634 -11.23000 -12.53438 -13.86681 -15.22599 -16.60975 -18.01743
 417.74063    1.36158   1.24054   0.84799   0.27057  -0.44114  -1.25551  -2.15262  -3.12022  -4.14539  -5.22242  -6.34869  -7.51648  -8.72210  -9.96481 -11.23871 -12.54347 -13.87606 -15.23564 -16.61968 -18.02760
 417.96198    1.35671   1.23539   0.84269   0.26511  -0.44699  -1.26175  -2.15925  -3.12728  -4.15259  -5.22965  -6.35618  -7.52433  -8.73022  -9.97329 -11.24743 -12.55256 -13.88534 -15.24532 -16.62963 -18.03781
 418.18332    1.35191   1.23031   0.83746   0.25970  -0.45278  -1.26795  -2.16583  -3.13428  -4.15975  -5.23685  -6.36366  -7.53217  -8.73834  -9.98176 -11.25616 -12.56167 -13.89463 -15.25502 -16.63962 -18.04806
 418.40466    1.34717   1.22530   0.83228   0.25434  -0.45851  -1.27409  -2.17236  -3.14124  -4.16688  -5.24403  -6.37112  -7.53999  -8.74644  -9.99023 -11.26490 -12.57079 -13.90395 -15.26474 -16.64964 -18.05834
 418.62601    1.34250   1.22036   0.82717   0.24903  -0.46420  -1.28018  -2.17884  -3.14813  -4.17396  -5.25118  -6.37856  -7.54780  -8.75455  -9.99869 -11.27364 -12.57991 -13.91328 -15.27449 -16.65968 -18.06866
 418.84735    1.33789   1.21549   0.82212   0.24378  -0.46983  -1.28621  -2.18526  -3.15498  -4.18100  -5.25831  -6.38599  -7.55560  -8.76264 -10.00715 -11.28238 -12.58904 -13.92264 -15.28425 -16.66975 -18.07902
 419.06869    1.33335   1.21069   0.81714   0.23858  -0.47541  -1.29219  -2.19162  -3.16176  -4.18799  -5.26542  -6.39340  -7.56338  -8.77073 -10.01561 -11.29113 -12.59818 -13.93201 -15.29403 -16.67985 -18.08940
 419.29004    1.32887   1.20596   0.81221   0.23343  -0.48093  -1.29812  -2.19794  -3.16850  -4.19495  -5.27250  -6.40079  -7.57115  -8.77881 -10.02406 -11.29988 -12.60731 -13.94139 -15.30383 -16.68996 -18.09982
 419.51138    1.32445   1.20130   0.80735   0.22834  -0.48640  -1.30400  -2.20420  -3.17518  -4.20186  -5.27956  -6.40816  -7.57890  -8.78689 -10.03250 -11.30863 -12.61646 -13.95078 -15.31364 -16.70010 -18.11026
 419.73272    1.32010   1.19670   0.80255   0.22330  -0.49182  -1.30982  -2.21041  -3.18180  -4.20873  -5.28659  -6.41551  -7.58663  -8.79495 -10.04094 -11.31738 -12.62560 -13.96019 -15.32346 -16.71026 -18.12074
 419.95407    1.31581   1.19218   0.79781   0.21831  -0.49718  -1.31558  -2.21657  -3.18837  -4.21555  -5.29359  -6.42284  -7.59434  -8.80300 -10.04937 -11.32612 -12.63475 -13.96961 -15.33329 -16.72043 -18.13123
 420.17541    1.31159   1.18772   0.79313   0.21338  -0.50249  -1.32130  -2.22267  -3.19489  -4.22234  -5.30057  -6.43015  -7.60204  -8.81104 -10.05778 -11.33486 -12.64389 -13.97904 -15.34314 -16.73063 -18.14175
 420.39675    1.30742   1.18333   0.78852   0.20850  -0.50775  -1.32695  -2.22872  -3.20135  -4.22907  -5.30752  -6.43743  -7.60971  -8.81906 -10.06619 -11.34360 -12.65303 -13.98847 -15.35299 -16.74083 -18.15229
 420.61810    1.30332   1.17901   0.78396   0.20367  -0.51296  -1.33256  -2.23472  -3.20775  -4.23577  -5.31444  -6.44469  -7.61737  -8.82707 -10.07458 -11.35234 -12.66217 -13.99791 -15.36285 -16.75105 -18.16285
 420.83944    1.29929   1.17475   0.77947   0.19889  -0.51811  -1.33811  -2.24066  -3.21411  -4.24242  -5.32134  -6.45193  -7.62500  -8.83507 -10.08297 -11.36107 -12.67130 -14.00736 -15.37272 -16.76128 -18.17343
 421.06078    1.29531   1.17057   0.77503   0.19417  -0.52320  -1.34361  -2.24655  -3.22040  -4.24903  -5.32820  -6.45914  -7.63261  -8.84305 -10.09133 -11.36979 -12.68043 -14.01681 -15.38259 -16.77152 -18.18403
 421.28213    1.29140   1.16644   0.77066   0.18951  -0.52825  -1.34906  -2.25239  -3.22665  -4.25559  -5.33503  -6.46633  -7.64020  -8.85102 -10.09969 -11.37850 -12.68956 -14.02626 -15.39246 -16.78177 -18.19464
 421.50347    1.28755   1.16239   0.76635   0.18489  -0.53324  -1.35445  -2.25817  -3.23284  -4.26211  -5.34184  -6.47350  -7.64777  -8.85896 -10.10803 -11.38720 -12.69867 -14.03572 -15.40234 -16.79203 -18.20526
 421.72482    1.28377   1.15840   0.76210   0.18033  -0.53818  -1.35978  -2.26390  -3.23897  -4.26858  -5.34861  -6.48063  -7.65531  -8.86689 -10.11635 -11.39590 -12.70778 -14.04517 -15.41222 -16.80229 -18.21590
 421.94616    1.28004   1.15448   0.75790   0.17582  -0.54306  -1.36507  -2.26958  -3.24505  -4.27501  -5.35535  -6.48774  -7.66283  -8.87481 -10.12465 -11.40458 -12.71688 -14.05462 -15.42209 -16.81256 -18.22654
 422.16750    1.27638   1.15062   0.75377   0.17137  -0.54789  -1.37030  -2.27520  -3.25108  -4.28139  -5.36206  -6.49483  -7.67033  -8.88270 -10.13294 -11.41325 -12.72596 -14.06407 -15.43197 -16.82283 -18.23719
 422.38885    1.27277   1.14683   0.74970   0.16697  -0.55267  -1.37548  -2.28077  -3.25705  -4.28773  -5.36874  -6.50188  -7.67779  -8.89057 -10.14121 -11.42190 -12.73504 -14.07351 -15.44184 -16.83310 -18.24785
 422.61019    1.26923   1.14310   0.74569   0.16262  -0.55739  -1.38060  -2.28629  -3.26296  -4.29402  -5.37538  -6.50891  -7.68523  -8.89842 -10.14945 -11.43054 -12.74410 -14.08295 -15.45171 -16.84337 -18.25852
 422.83153    1.26575   1.13943   0.74173   0.15832  -0.56206  -1.38567  -2.29175  -3.26882  -4.30027  -5.38199  -6.51591  -7.69265  -8.90624 -10.15768 -11.43917 -12.75315 -14.09239 -15.46157 -16.85364 -18.26919
 423.05288    1.26234   1.13584   0.73784   0.15408  -0.56668  -1.39069  -2.29716  -3.27463  -4.30647  -5.38857  -6.52287  -7.70003  -8.91405 -10.16589 -11.44778 -12.76218 -14.10181 -15.47142 -16.86391 -18.27986
 423.27422    1.25898   1.13230   0.73400   0.14989  -0.57124  -1.39565  -2.30252  -3.28039  -4.31262  -5.39511  -6.52981  -7.70739  -8.92183 -10.17407 -11.45637 -12.77120 -14.11122 -15.48126 -16.87417 -18.29053
 423.49556    1.25568   1.12883   0.73023   0.14575  -0.57576  -1.40056  -2.30783  -3.28609  -4.31873  -5.40162  -6.53671  -7.71472  -8.92958 -10.18223 -11.46494 -12.78019 -14.12063 -15.49109 -16.88443 -18.30120
 423.71691    1.25245   1.12543   0.72651   0.14167  -0.58021  -1.40541  -2.31308  -3.29173  -4.32479  -5.40809  -6.54359  -7.72201  -8.93731 -10.19036 -11.47349 -12.78917 -14.13002 -15.50092 -16.89468 -18.31187
 423.93825    1.24927   1.12208   0.72285   0.13764  -0.58462  -1.41022  -2.31828  -3.29732  -4.33080  -5.41453  -6.55043  -7.72928  -8.94501 -10.19847 -11.48202 -12.79814 -14.13940 -15.51073 -16.90492 -18.32253
 424.15959    1.24616   1.11880   0.71925   0.13366  -0.58897  -1.41497  -2.32342  -3.30286  -4.33677  -5.42093  -6.55723  -7.73651  -8.95269 -10.20656 -11.49053 -12.80708 -14.14877 -15.52052 -16.91515 -18.33319
 424.38094    1.24310   1.11559   0.71571   0.12974  -0.59327  -1.41966  -2.32851  -3.30834  -4.34269  -5.42729  -6.56401  -7.74372  -8.96033 -10.21461 -11.49902 -12.81599 -14.15812 -15.53030 -16.92536 -18.34384
 424.60228    1.24011   1.11243   0.71223   0.12587  -0.59751  -1.42430  -2.33355  -3.31377  -4.34856  -5.43362  -6.57075  -7.75089  -8.96795 -10.22264 -11.50748 -12.82489 -14.16745 -15.54006 -16.93557 -18.35448
 424.82363    1.23717   1.10934   0.70881   0.12205  -0.60170  -1.42889  -2.33853  -3.31914  -4.35438  -5.43991  -6.57745  -7.75802  -8.97554 -10.23064 -11.51592 -12.83376 -14.17676 -15.54981 -16.94576 -18.36511
 425.04497    1.23430   1.10631   0.70544   0.11829  -0.60584  -1.43343  -2.34347  -3.32446  -4.36016  -5.44616  -6.58412  -7.76513  -8.98310 -10.23861 -11.52434 -12.84261 -14.18606 -15.55954 -16.95593 -18.37572
 425.26631    1.23148   1.10334   0.70213   0.11458  -0.60993  -1.43791  -2.34834  -3.32972  -4.36589  -5.45237  -6.59076  -7.77219  -8.99063 -10.24656 -11.53272 -12.85143 -14.19533 -15.56924 -16.96609 -18.38633
 425.48766    1.22872   1.10043   0.69888   0.11092  -0.61396  -1.44234  -2.35317  -3.33493  -4.37157  -5.45854  -6.59736  -7.77923  -8.99812 -10.25447 -11.54108 -12.86023 -14.20459 -15.57893 -16.97623 -18.39692
 425.70900    1.22602   1.09759   0.69569   0.10732  -0.61794  -1.44671  -2.35794  -3.34009  -4.37720  -5.46467  -6.60392  -7.78622  -9.00559 -10.26234 -11.54942 -12.86900 -14.21382 -15.58859 -16.98635 -18.40749
 425.93034    1.22339   1.09480   0.69255   0.10376  -0.62187  -1.45103  -2.36266  -3.34519  -4.38278  -5.47076  -6.61044  -7.79318  -9.01302 -10.27019 -11.55772 -12.87774 -14.22303 -15.59823 -16.99645 -18.41804
 426.15169    1.22081   1.09208   0.68947   0.10026  -0.62574  -1.45530  -2.36732  -3.35024  -4.38832  -5.47681  -6.61692  -7.80011  -9.02041 -10.27800 -11.56599 -12.88644 -14.23221 -15.60784 -17.00652 -18.42858
 426.37303    1.21829   1.08942   0.68645   0.09682  -0.62956  -1.45951  -2.37193  -3.35523  -4.39380  -5.48282  -6.62337  -7.80699  -9.02777 -10.28578 -11.57423 -12.89512 -14.24136 -15.61743 -17.01658 -18.43909
 426.59437    1.21582   1.08682   0.68349   0.09343  -0.63333  -1.46367  -2.37649  -3.36017  -4.39924  -5.48879  -6.62977  -7.81384  -9.03510 -10.29352 -11.58244 -12.90377 -14.25049 -15.62699 -17.02660 -18.44958
 426.81572    1.21342   1.08428   0.68058   0.09009  -0.63704  -1.46778  -2.38100  -3.36506  -4.40463  -5.49471  -6.63614  -7.82065  -9.04238 -10.30123 -11.59061 -12.91238 -14.25959 -15.63652 -17.03660 -18.46005
 427.03706    1.21107   1.08179   0.67773   0.08680  -0.64070  -1.47183  -2.38545  -3.36989  -4.40996  -5.50060  -6.64247  -7.82741  -9.04963 -10.30890 -11.59875 -12.92096 -14.26866 -15.64602 -17.04657 -18.47049
 427.25840    1.20878   1.07937   0.67493   0.08357  -0.64431  -1.47583  -2.38984  -3.37467  -4.41525  -5.50643  -6.64875  -7.83414  -9.05685 -10.31653 -11.60686 -12.92951 -14.27770 -15.65549 -17.05652 -18.48091
 427.47975    1.20655   1.07701   0.67219   0.08039  -0.64786  -1.47978  -2.39419  -3.37939  -4.42049  -5.51223  -6.65499  -7.84083  -9.06402 -10.32412 -11.61493 -12.93802 -14.28670 -15.66493 -17.06643 -18.49130
 427.70109    1.20438   1.07470   0.66951   0.07726  -0.65137  -1.48368  -2.39848  -3.38406  -4.42567  -5.51798  -6.66119  -7.84747  -9.07115 -10.33168 -11.62296 -12.94649 -14.29568 -15.67433 -17.07631 -18.50165
 427.92243    1.20227   1.07246   0.66688   0.07418  -0.65481  -1.48752  -2.40272  -3.38868  -4.43081  -5.52369  -6.66735  -7.85408  -9.07825 -10.33919 -11.63095 -12.95493 -14.30461 -15.68370 -17.08616 -18.51198
 428.14378    1.20021   1.07027   0.66431   0.07116  -0.65821  -1.49130  -2.40690  -3.39324  -4.43590  -5.52935  -6.67347  -7.86064  -9.08530 -10.34667 -11.63891 -12.96332 -14.31352 -15.69303 -17.09597 -18.52227
 428.36512    1.19821   1.06814   0.66180   0.06819  -0.66155  -1.49504  -2.41103  -3.39775  -4.44093  -5.53497  -6.67954  -7.86715  -9.09231 -10.35410 -11.64683 -12.97168 -14.32238 -15.70233 -17.10575 -18.53253
 428.58647    1.19626   1.06607   0.65934   0.06527  -0.66484  -1.49872  -2.41511  -3.40220  -4.44592  -5.54054  -6.68556  -7.87363  -9.09928 -10.36149 -11.65470 -12.98000 -14.33121 -15.71158 -17.11549 -18.54276
 428.80781    1.19438   1.06406   0.65694   0.06241  -0.66808  -1.50234  -2.41914  -3.40660  -4.45085  -5.54607  -6.69155  -7.88005  -9.10620 -10.36884 -11.66254 -12.98827 -14.34000 -15.72080 -17.12519 -18.55295
 429.02915    1.19255   1.06211   0.65459   0.05960  -0.67126  -1.50592  -2.42311  -3.41094  -4.45574  -5.55155  -6.69748  -7.88644  -9.11309 -10.37614 -11.67033 -12.99651 -14.34875 -15.72998 -17.13485 -18.56310
 429.25050    1.19078   1.06021   0.65230   0.05684  -0.67440  -1.50944  -2.42702  -3.41524  -4.46057  -5.55698  -6.70337  -7.89277  -9.11992 -10.38340 -11.67808 -13.00470 -14.35746 -15.73911 -17.14447 -18.57321
 429.47184    1.18906   1.05837   0.65006   0.05414  -0.67747  -1.51291  -2.43089  -3.41947  -4.46535  -5.56236  -6.70922  -7.89906  -9.12671 -10.39061 -11.68578 -13.01284 -14.36612 -15.74821 -17.15405 -18.58328
 429.69318    1.18740   1.05659   0.64788   0.05149  -0.68050  -1.51632  -2.43470  -3.42366  -4.47008  -5.56770  -6.71501  -7.90531  -9.13346 -10.39778 -11.69344 -13.02094 -14.37475 -15.75726 -17.16359 -18.59331
 429.91453    1.18580   1.05486   0.64575   0.04889  -0.68347  -1.51968  -2.43846  -3.42779  -4.47475  -5.57299  -6.72076  -7.91150  -9.14016 -10.40490 -11.70106 -13.02900 -14.38332 -15.76626 -17.17308 -18.60329
 430.13587    1.18425   1.05319   0.64368   0.04634  -0.68639  -1.52299  -2.44216  -3.43186  -4.47938  -5.57822  -6.72646  -7.91765  -9.14681 -10.41198 -11.70863 -13.03701 -14.39186 -15.77522 -17.18253 -18.61323
 430.35721    1.18276   1.05158   0.64166   0.04385  -0.68926  -1.52624  -2.44581  -3.43589  -4.48395  -5.58341  -6.73212  -7.92375  -9.15341 -10.41900 -11.71615 -13.04497 -14.40034 -15.78413 -17.19193 -18.62312
 430.57856    1.18132   1.05002   0.63969   0.04141  -0.69207  -1.52944  -2.44941  -3.43986  -4.48847  -5.58855  -6.73772  -7.92980  -9.15997 -10.42598 -11.72362 -13.05288 -14.40878 -15.79299 -17.20128 -18.63297
 430.79990    1.17994   1.04852   0.63778   0.03902  -0.69483  -1.53259  -2.45295  -3.44377  -4.49294  -5.59364  -6.74328  -7.93580  -9.16647 -10.43291 -11.73104 -13.06074 -14.41717 -15.80181 -17.21058 -18.64276
 431.02124    1.17861   1.04707   0.63593   0.03668  -0.69754  -1.53569  -2.45644  -3.44763  -4.49735  -5.59868  -6.74878  -7.94175  -9.17293 -10.43978 -11.73841 -13.06855 -14.42551 -15.81057 -17.21984 -18.65251
 431.24259    1.17735   1.04568   0.63412   0.03440  -0.70020  -1.53873  -2.45988  -3.45144  -4.50172  -5.60367  -6.75423  -7.94765  -9.17933 -10.44661 -11.74574 -13.07631 -14.43380 -15.81928 -17.22904 -18.66221
 431.46393    1.17613   1.04435   0.63238   0.03217  -0.70280  -1.54172  -2.46327  -3.45519  -4.50603  -5.60861  -6.75964  -7.95350  -9.18568 -10.45338 -11.75301 -13.08402 -14.44204 -15.82794 -17.23819 -18.67185
 431.68528    1.17497   1.04307   0.63068   0.03000  -0.70535  -1.54465  -2.46660  -3.45889  -4.51028  -5.61350  -6.76499  -7.95930  -9.19198 -10.46011 -11.76022 -13.09167 -14.45023 -15.83654 -17.24728 -18.68144
 431.90662    1.17387   1.04184   0.62904   0.02787  -0.70785  -1.54754  -2.46988  -3.46254  -4.51449  -5.61833  -6.77029  -7.96504  -9.19823 -10.46677 -11.76739 -13.09927 -14.45836 -15.84509 -17.25632 -18.69097
 432.12796    1.17282   1.04067   0.62745   0.02580  -0.71030  -1.55037  -2.47310  -3.46613  -4.51864  -5.62311  -6.77553  -7.97073  -9.20442 -10.47339 -11.77450 -13.10681 -14.46643 -15.85359 -17.26530 -18.70045
 432.34931    1.17182   1.03955   0.62592   0.02378  -0.71269  -1.55314  -2.47627  -3.46967  -4.52273  -5.62784  -6.78073  -7.97637  -9.21056 -10.47995 -11.78155 -13.11430 -14.47445 -15.86203 -17.27423 -18.70986
 432.57065    1.17088   1.03849   0.62444   0.02181  -0.71503  -1.55587  -2.47939  -3.47316  -4.52677  -5.63251  -6.78587  -7.98195  -9.21665 -10.48645 -11.78855 -13.12174 -14.48242 -15.87041 -17.28309 -18.71922
 432.79199    1.16999   1.03748   0.62301   0.01990  -0.71732  -1.55854  -2.48245  -3.47659  -4.53076  -5.63714  -6.79095  -7.98748  -9.22268 -10.49290 -11.79550 -13.12911 -14.49032 -15.87873 -17.29190 -18.72852
 433.01334    1.16916   1.03652   0.62163   0.01804  -0.71955  -1.56115  -2.48546  -3.47997  -4.53470  -5.64170  -6.79598  -7.99295  -9.22865 -10.49929 -11.80238 -13.13643 -14.49817 -15.88699 -17.30065 -18.73776
 433.23468    1.16838   1.03562   0.62031   0.01623  -0.72173  -1.56372  -2.48842  -3.48329  -4.53858  -5.64622  -6.80096  -7.99836  -9.23457 -10.50562 -11.80921 -13.14368 -14.50596 -15.89519 -17.30933 -18.74693
 433.45602    1.16765   1.03477   0.61904   0.01447  -0.72386  -1.56623  -2.49133  -3.48656  -4.54240  -5.65067  -6.80588  -8.00372  -9.24043 -10.51190 -11.81598 -13.15088 -14.51368 -15.90332 -17.31795 -18.75604
 433.67737    1.16698   1.03397   0.61782   0.01277  -0.72594  -1.56869  -2.49418  -3.48978  -4.54618  -5.65508  -6.81075  -8.00903  -9.24623 -10.51812 -11.82269 -13.15802 -14.52135 -15.91140 -17.32651 -18.76509
 433.89871    1.16636   1.03323   0.61666   0.01112  -0.72797  -1.57109  -2.49698  -3.49295  -4.54989  -5.65942  -6.81556  -8.01427  -9.25197 -10.52427 -11.82934 -13.16509 -14.52895 -15.91941 -17.33500 -18.77407
 434.12005    1.16580   1.03253   0.61555   0.00952  -0.72994  -1.57345  -2.49972  -3.49606  -4.55355  -5.66371  -6.82031  -8.01946  -9.25765 -10.53037 -11.83592 -13.17211 -14.53649 -15.92735 -17.34342 -18.78298
 434.34140    1.16529   1.03189   0.61449   0.00797  -0.73186  -1.57575  -2.50241  -3.49912  -4.55716  -5.66795  -6.82500  -8.02459  -9.26328 -10.53641 -11.84245 -13.17905 -14.54396 -15.93523 -17.35178 -18.79182
 434.56274    1.16483   1.03131   0.61348   0.00648  -0.73373  -1.57799  -2.50505  -3.50212  -4.56071  -5.67213  -6.82964  -8.02966  -9.26884 -10.54238 -11.84891 -13.18594 -14.55137 -15.94305 -17.36007 -18.80059
 434.78408    1.16442   1.03077   0.61252   0.00504  -0.73554  -1.58019  -2.50764  -3.50507  -4.56421  -5.67625  -6.83422  -8.03468  -9.27434 -10.54830 -11.85531 -13.19276 -14.55871 -15.95079 -17.36829 -18.80929
 435.00543    1.16407   1.03028   0.61161   0.00365  -0.73730  -1.58233  -2.51017  -3.50797  -4.56765  -5.68031  -6.83874  -8.03963  -9.27978 -10.55415 -11.86164 -13.19951 -14.56598 -15.95847 -17.37643 -18.81791
 435.22677    1.16377   1.02985   0.61076   0.00231  -0.73902  -1.58442  -2.51265  -3.51081  -4.57104  -5.68431  -6.84320  -8.04452  -9.28516 -10.55993 -11.86791 -13.20620 -14.57318 -15.96607 -17.38451 -18.82647
 435.44812    1.16352   1.02947   0.60996   0.00103  -0.74067  -1.58645  -2.51507  -3.51361  -4.57437  -5.68826  -6.84761  -8.04935  -9.29047 -10.56566 -11.87412 -13.21282 -14.58032 -15.97360 -17.39251 -18.83494
 435.66946    1.16333   1.02914   0.60921  -0.00020  -0.74228  -1.58844  -2.51744  -3.51634  -4.57765  -5.69215  -6.85195  -8.05412  -9.29572 -10.57131 -11.88025 -13.21937 -14.58738 -15.98107 -17.40044 -18.84334
 435.89080    1.16319   1.02886   0.60851  -0.00138  -0.74383  -1.59037  -2.51976  -3.51903  -4.58086  -5.69598  -6.85623  -8.05883  -9.30091 -10.57691 -11.88632 -13.22585 -14.59438 -15.98846 -17.40829 -18.85167
 436.11215    1.16310   1.02863   0.60786  -0.00251  -0.74533  -1.59224  -2.52203  -3.52166  -4.58403  -5.69975  -6.86045  -8.06347  -9.30603 -10.58243 -11.89232 -13.23227 -14.60130 -15.99577 -17.41607 -18.85991
 436.33349    1.16306   1.02844   0.60726  -0.00358  -0.74678  -1.59407  -2.52424  -3.52424  -4.58713  -5.70346  -6.86461  -8.06805  -9.31109 -10.58789 -11.89826 -13.23861 -14.60814 -16.00301 -17.42377 -18.86808
 436.55483    1.16307   1.02831   0.60671  -0.00461  -0.74818  -1.59584  -2.52640  -3.52676  -4.59019  -5.70711  -6.86871  -8.07257  -9.31608 -10.59329 -11.90412 -13.24488 -14.61492 -16.01018 -17.43139 -18.87616
 436.77618    1.16314   1.02823   0.60621  -0.00558  -0.74953  -1.59756  -2.52851  -3.52924  -4.59318  -5.71070  -6.87274  -8.07703  -9.32100 -10.59861 -11.90991 -13.25108 -14.62161 -16.01726 -17.43894 -18.88417
 436.99752    1.16325   1.02820   0.60577  -0.00649  -0.75082  -1.59923  -2.53056  -3.53166  -4.59612  -5.71423  -6.87671  -8.08142  -9.32586 -10.60387 -11.91563 -13.25720 -14.62823 -16.02427 -17.44640 -18.89209
 437.21886    1.16342   1.02822   0.60537  -0.00736  -0.75206  -1.60084  -2.53256  -3.53402  -4.59900  -5.71769  -6.88062  -8.08574  -9.33065 -10.60906 -11.92128 -13.26326 -14.63478 -16.03121 -17.45378 -18.89992
 437.44021    1.16364   1.02829   0.60502  -0.00817  -0.75325  -1.60240  -2.53451  -3.53634  -4.60182  -5.72110  -6.88447  -8.09000  -9.33537 -10.61418 -11.92686 -13.26924 -14.64125 -16.03806 -17.46108 -18.90767
 437.66155    1.16391   1.02841   0.60473  -0.00893  -0.75438  -1.60391  -2.53641  -3.53860  -4.60459  -5.72445  -6.88825  -8.09420  -9.34002 -10.61922 -11.93236 -13.27514 -14.64763 -16.04483 -17.46829 -18.91534
 437.88289    1.16423   1.02857   0.60448  -0.00964  -0.75547  -1.60537  -2.53825  -3.54080  -4.60730  -5.72773  -6.89197  -8.09832  -9.34461 -10.62420 -11.93779 -13.28097 -14.65394 -16.05152 -17.47542 -18.92291
 438.10424    1.16460   1.02878   0.60429  -0.01030  -0.75650  -1.60677  -2.54004  -3.54296  -4.60995  -5.73095  -6.89562  -8.10239  -9.34912 -10.62911 -11.94315 -13.28672 -14.66017 -16.05813 -17.48247 -18.93040
 438.32558    1.16502   1.02905   0.60414  -0.01091  -0.75748  -1.60813  -2.54177  -3.54506  -4.61255  -5.73410  -6.89921  -8.10638  -9.35356 -10.63394 -11.94843 -13.29239 -14.66632 -16.06465 -17.48942 -18.93780
 438.54693    1.16550   1.02936   0.60404  -0.01146  -0.75841  -1.60942  -2.54345  -3.54711  -4.61509  -5.73720  -6.90273  -8.11031  -9.35793 -10.63870 -11.95363 -13.29798 -14.67238 -16.07109 -17.49629 -18.94510
 438.76827    1.16602   1.02972   0.60400  -0.01196  -0.75929  -1.61067  -2.54508  -3.54910  -4.61757  -5.74023  -6.90619  -8.11417  -9.36223 -10.64339 -11.95876 -13.30350 -14.67836 -16.07745 -17.50308 -18.95232
 438.98961    1.16659   1.03012   0.60400  -0.01241  -0.76011  -1.61187  -2.54666  -3.55105  -4.61999  -5.74319  -6.90958  -8.11796  -9.36646 -10.64800 -11.96381 -13.30894 -14.68426 -16.08372 -17.50977 -18.95944
 439.21096    1.16722   1.03058   0.60405  -0.01281  -0.76088  -1.61301  -2.54818  -3.55294  -4.62236  -5.74610  -6.91291  -8.12168  -9.37061 -10.65254 -11.96878 -13.31429 -14.69007 -16.08990 -17.51637 -18.96647
 439.43230    1.16789   1.03108   0.60415  -0.01315  -0.76160  -1.61410  -2.54965  -3.55477  -4.62466  -5.74893  -6.91616  -8.12533  -9.37469 -10.65700 -11.97367 -13.31957 -14.69580 -16.09600 -17.52288 -18.97340
 439.65364    1.16862   1.03162   0.60430  -0.01345  -0.76227  -1.61513  -2.55107  -3.55656  -4.62691  -5.75171  -6.91935  -8.12891  -9.37870 -10.66139 -11.97849 -13.32476 -14.70144 -16.10201 -17.52930 -18.98023
 439.87499    1.16939   1.03222   0.60450  -0.01369  -0.76289  -1.61612  -2.55243  -3.55829  -4.62910  -5.75441  -6.92247  -8.13242  -9.38263 -10.66570 -11.98322 -13.32987 -14.70699 -16.10792 -17.53563 -18.98697
 440.09633    1.17021   1.03286   0.60474  -0.01388  -0.76346  -1.61705  -2.55374  -3.55997  -4.63124  -5.75706  -6.92552  -8.13587  -9.38649 -10.66994 -11.98787 -13.33490 -14.71246 -16.11375 -17.54186 -18.99361
 440.31767    1.17109   1.03355   0.60504  -0.01401  -0.76397  -1.61793  -2.55500  -3.56160  -4.63331  -5.75963  -6.92851  -8.13924  -9.39027 -10.67409 -11.99244 -13.33984 -14.71784 -16.11949 -17.54800 -19.00015
 440.53902    1.17201   1.03428   0.60538  -0.01410  -0.76443  -1.61876  -2.55621  -3.56317  -4.63533  -5.76214  -6.93142  -8.14253  -9.39398 -10.67817 -11.99693 -13.34470 -14.72312 -16.12513 -17.55404 -19.00659
 440.76036    1.17298   1.03506   0.60577  -0.01413  -0.76484  -1.61954  -2.55736  -3.56469  -4.63728  -5.76459  -6.93427  -8.14576  -9.39761 -10.68217 -12.00134 -13.34948 -14.72832 -16.13068 -17.55998 -19.01293
 440.98170    1.17400   1.03589   0.60622  -0.01412  -0.76520  -1.62026  -2.55846  -3.56616  -4.63918  -5.76696  -6.93704  -8.14891  -9.40116 -10.68610 -12.00566 -13.35417 -14.73342 -16.13614 -17.56582 -19.01917
 441.20305    1.17507   1.03676   0.60670  -0.01405  -0.76551  -1.62093  -2.55951  -3.56758  -4.64102  -5.76927  -6.93975  -8.15199  -9.40463 -10.68994 -12.00990 -13.35877 -14.73843 -16.14151 -17.57157 -19.02530
 441.42439    1.17619   1.03768   0.60724  -0.01393  -0.76576  -1.62155  -2.56050  -3.56894  -4.64280  -5.77151  -6.94238  -8.15500  -9.40803 -10.69370 -12.01406 -13.36328 -14.74335 -16.14677 -17.57722 -19.03133
 441.64573    1.17736   1.03864   0.60782  -0.01375  -0.76596  -1.62212  -2.56144  -3.57025  -4.64452  -5.77369  -6.94494  -8.15794  -9.41135 -10.69738 -12.01812 -13.36771 -14.74818 -16.15195 -17.58276 -19.03725
 441.86708    1.17857   1.03965   0.60846  -0.01353  -0.76612  -1.62263  -2.56233  -3.57151  -4.64619  -5.77580  -6.94744  -8.16079  -9.41459 -10.70098 -12.02211 -13.37204 -14.75291 -16.15702 -17.58821 -19.04306
 442.08842    1.17984   1.04070   0.60914  -0.01325  -0.76622  -1.62309  -2.56317  -3.57272  -4.64779  -5.77783  -6.94986  -8.16358  -9.41774 -10.70450 -12.02600 -13.37629 -14.75754 -16.16200 -17.59355 -19.04877
 442.30977    1.18115   1.04180   0.60986  -0.01292  -0.76627  -1.62351  -2.56395  -3.57387  -4.64933  -5.77980  -6.95220  -8.16629  -9.42082 -10.70794 -12.02981 -13.38045 -14.76208 -16.16688 -17.59878 -19.05437
 442.53111    1.18251   1.04294   0.61064  -0.01255  -0.76626  -1.62386  -2.56468  -3.57497  -4.65082  -5.78170  -6.95448  -8.16892  -9.42382 -10.71129 -12.03354 -13.38452 -14.76652 -16.17166 -17.60392 -19.05986
 442.75245    1.18392   1.04413   0.61146  -0.01211  -0.76621  -1.62417  -2.56536  -3.57602  -4.65224  -5.78354  -6.95668  -8.17148  -9.42674 -10.71456 -12.03717 -13.38849 -14.77086 -16.17634 -17.60895 -19.06524
 442.97380    1.18537   1.04536   0.61233  -0.01163  -0.76610  -1.62443  -2.56599  -3.57702  -4.65361  -5.78530  -6.95881  -8.17396  -9.42957 -10.71775 -12.04071 -13.39238 -14.77511 -16.18091 -17.61387 -19.07051
 443.19514    1.18688   1.04664   0.61324  -0.01110  -0.76595  -1.62463  -2.56656  -3.57797  -4.65491  -5.78699  -6.96086  -8.17637  -9.43233 -10.72085 -12.04417 -13.39617 -14.77925 -16.18539 -17.61868 -19.07566
 443.41648    1.18843   1.04796   0.61421  -0.01051  -0.76574  -1.62478  -2.56708  -3.57886  -4.65616  -5.78861  -6.96284  -8.17870  -9.43500 -10.72386 -12.04753 -13.39987 -14.78330 -16.18976 -17.62339 -19.08070
 443.63783    1.19003   1.04932   0.61521  -0.00987  -0.76548  -1.62488  -2.56754  -3.57970  -4.65734  -5.79016  -6.96475  -8.18095  -9.43758 -10.72680 -12.05080 -13.40347 -14.78724 -16.19403 -17.62799 -19.08563
 443.85917    1.19168   1.05072   0.61627  -0.00919  -0.76517  -1.62493  -2.56796  -3.58049  -4.65847  -5.79165  -6.96658  -8.18312  -9.44009 -10.72964 -12.05398 -13.40698 -14.79108 -16.19820 -17.63248 -19.09044
 444.08051    1.19337   1.05217   0.61737  -0.00845  -0.76481  -1.62492  -2.56832  -3.58122  -4.65953  -5.79306  -6.96834  -8.18522  -9.44251 -10.73240 -12.05707 -13.41040 -14.79482 -16.20226 -17.63685 -19.09514
 444.30186    1.19511   1.05367   0.61852  -0.00766  -0.76439  -1.62487  -2.56863  -3.58191  -4.66053  -5.79439  -6.97002  -8.18723  -9.44484 -10.73507 -12.06007 -13.41371 -14.79846 -16.20622 -17.64112 -19.09972
 444.52320    1.19690   1.05520   0.61972  -0.00681  -0.76393  -1.62476  -2.56889  -3.58254  -4.66148  -5.79566  -6.97163  -8.18917  -9.44709 -10.73765 -12.06297 -13.41693 -14.80199 -16.21006 -17.64527 -19.10418
 444.74454    1.19874   1.05678   0.62096  -0.00592  -0.76342  -1.62460  -2.56909  -3.58312  -4.66236  -5.79686  -6.97316  -8.19103  -9.44926 -10.74015 -12.06578 -13.42006 -14.80542 -16.21380 -17.64932 -19.10852
 444.96589    1.20062   1.05840   0.62225  -0.00497  -0.76285  -1.62439  -2.56924  -3.58365  -4.66318  -5.79798  -6.97461  -8.19281  -9.45133 -10.74256 -12.06850 -13.42309 -14.80874 -16.21744 -17.65324 -19.11274
 445.18723    1.20255   1.06006   0.62358  -0.00398  -0.76223  -1.62412  -2.56934  -3.58413  -4.66395  -5.79903  -6.97598  -8.19450  -9.45333 -10.74487 -12.07112 -13.42601 -14.81195 -16.22096 -17.65706 -19.11684
 445.40858    1.20452   1.06177   0.62496  -0.00293  -0.76156  -1.62381  -2.56939  -3.58455  -4.66465  -5.80001  -6.97728  -8.19612  -9.45523 -10.74710 -12.07364 -13.42884 -14.81506 -16.22438 -17.66075 -19.12081
 445.62992    1.20654   1.06351   0.62638  -0.00183  -0.76084  -1.62344  -2.56938  -3.58492  -4.66529  -5.80091  -6.97850  -8.19766  -9.45705 -10.74924 -12.07607 -13.43157 -14.81807 -16.22768 -17.66433 -19.12467
 445.85126    1.20861   1.06530   0.62785  -0.00068  -0.76007  -1.62302  -2.56932  -3.58524  -4.66586  -5.80175  -6.97965  -8.19911  -9.45878 -10.75129 -12.07840 -13.43420 -14.82096 -16.23087 -17.66780 -19.12840
 446.07261    1.21073   1.06713   0.62937   0.00052  -0.75925  -1.62256  -2.56921  -3.58551  -4.66638  -5.80250  -6.98071  -8.20049  -9.46042 -10.75324 -12.08063 -13.43673 -14.82374 -16.23396 -17.67114 -19.13201
 446.29395    1.21289   1.06900   0.63093   0.00177  -0.75838  -1.62203  -2.56905  -3.58573  -4.66684  -5.80319  -6.98170  -8.20178  -9.46197 -10.75511 -12.08277 -13.43916 -14.82642 -16.23692 -17.67437 -19.13549
 446.51529    1.21509   1.07091   0.63254   0.00308  -0.75745  -1.62146  -2.56883  -3.58590  -4.66723  -5.80380  -6.98261  -8.20299  -9.46343 -10.75688 -12.08480 -13.44148 -14.82898 -16.23978 -17.67747 -19.13884
 446.73664    1.21735   1.07287   0.63419   0.00443  -0.75648  -1.62084  -2.56857  -3.58601  -4.66757  -5.80434  -6.98344  -8.20411  -9.46481 -10.75856 -12.08674 -13.44371 -14.83143 -16.24252 -17.68046 -19.14207
 446.95798    1.21964   1.07486   0.63588   0.00584  -0.75545  -1.62016  -2.56825  -3.58607  -4.66784  -5.80480  -6.98419  -8.20515  -9.46609 -10.76015 -12.08858 -13.44583 -14.83377 -16.24515 -17.68333 -19.14517
 447.17932    1.22199   1.07690   0.63763   0.00729  -0.75438  -1.61943  -2.56787  -3.58608  -4.66805  -5.80518  -6.98486  -8.20611  -9.46728 -10.76164 -12.09032 -13.44784 -14.83600 -16.24766 -17.68607 -19.14814
 447.40067    1.22437   1.07897   0.63941   0.00880  -0.75325  -1.61866  -2.56745  -3.58604  -4.66820  -5.80550  -6.98544  -8.20699  -9.46838 -10.76304 -12.09195 -13.44975 -14.83811 -16.25005 -17.68869 -19.15098
 447.62201    1.22681   1.08109   0.64124   0.01036  -0.75207  -1.61783  -2.56697  -3.58595  -4.66829  -5.80573  -6.98595  -8.20778  -9.46939 -10.76435 -12.09349 -13.45156 -14.84011 -16.25233 -17.69119 -19.15368
 447.84335    1.22929   1.08324   0.64312   0.01197  -0.75084  -1.61695  -2.56644  -3.58580  -4.66831  -5.80589  -6.98638  -8.20849  -9.47031 -10.76556 -12.09492 -13.45326 -14.84200 -16.25449 -17.69356 -19.15626
 448.06470    1.23181   1.08544   0.64504   0.01363  -0.74956  -1.61601  -2.56586  -3.58561  -4.66828  -5.80598  -6.98673  -8.20911  -9.47114 -10.76668 -12.09625 -13.45486 -14.84377 -16.25653 -17.69580 -19.15871
 448.28604    1.23438   1.08768   0.64700   0.01534  -0.74823  -1.61503  -2.56523  -3.58536  -4.66818  -5.80599  -6.98699  -8.20964  -9.47187 -10.76770 -12.09748 -13.45634 -14.84542 -16.25846 -17.69792 -19.16102
 448.50738    1.23699   1.08995   0.64901   0.01710  -0.74685  -1.61400  -2.56454  -3.58506  -4.66802  -5.80592  -6.98718  -8.21009  -9.47251 -10.76862 -12.09861 -13.45772 -14.84696 -16.26026 -17.69992 -19.16319
 448.72873    1.23965   1.09227   0.65106   0.01891  -0.74542  -1.61291  -2.56380  -3.58471  -4.66779  -5.80577  -6.98728  -8.21046  -9.47305 -10.76945 -12.09963 -13.45900 -14.84838 -16.26194 -17.70178 -19.16523
 448.95007    1.24236   1.09462   0.65316   0.02078  -0.74394  -1.61177  -2.56301  -3.58431  -4.66751  -5.80555  -6.98730  -8.21073  -9.47351 -10.77018 -12.10054 -13.46016 -14.84968 -16.26351 -17.70352 -19.16714
 449.17142    1.24510   1.09701   0.65530   0.02269  -0.74241  -1.61058  -2.56217  -3.58386  -4.66716  -5.80526  -6.98723  -8.21093  -9.47386 -10.77081 -12.10136 -13.46122 -14.85087 -16.26495 -17.70513 -19.16891
 449.39276    1.24790   1.09945   0.65748   0.02466  -0.74082  -1.60934  -2.56128  -3.58335  -4.66675  -5.80488  -6.98709  -8.21103  -9.47413 -10.77134 -12.10206 -13.46216 -14.85193 -16.26626 -17.70661 -19.17054
 449.61410    1.25073   1.10192   0.65971   0.02667  -0.73919  -1.60805  -2.56033  -3.58280  -4.66628  -5.80443  -6.98686  -8.21105  -9.47429 -10.77178 -12.10266 -13.46300 -14.85288 -16.26746 -17.70796 -19.17203
 449.83545    1.25361   1.10443   0.66198   0.02874  -0.73751  -1.60671  -2.55933  -3.58219  -4.66574  -5.80390  -6.98655  -8.21098  -9.47437 -10.77211 -12.10315 -13.46372 -14.85370 -16.26853 -17.70918 -19.17339
 450.05679    1.25654   1.10697   0.66430   0.03085  -0.73577  -1.60532  -2.55828  -3.58153  -4.66515  -5.80329  -6.98615  -8.21082  -9.47434 -10.77235 -12.10354 -13.46434 -14.85440 -16.26948 -17.71026 -19.17460
 450.27813    1.25950   1.10956   0.66665   0.03302  -0.73399  -1.60388  -2.55718  -3.58083  -4.66449  -5.80260  -6.98567  -8.21057  -9.47422 -10.77249 -12.10382 -13.46484 -14.85498 -16.27030 -17.71122 -19.17567
 450.49948    1.26252   1.11218   0.66906   0.03524  -0.73215  -1.60238  -2.55603  -3.58007  -4.66376  -5.80183  -6.98510  -8.21023  -9.47400 -10.77253 -12.10399 -13.46523 -14.85544 -16.27099 -17.71204 -19.17661
 450.72082    1.26557   1.11485   0.67150   0.03751  -0.73027  -1.60084  -2.55482  -3.57925  -4.66298  -5.80099  -6.98445  -8.20981  -9.47369 -10.77246 -12.10405 -13.46551 -14.85577 -16.27156 -17.71272 -19.17739
 450.94216    1.26867   1.11755   0.67399   0.03982  -0.72833  -1.59924  -2.55356  -3.57839  -4.66213  -5.80006  -6.98372  -8.20929  -9.47327 -10.77230 -12.10400 -13.46567 -14.85598 -16.27200 -17.71327 -19.17804
 451.16351    1.27181   1.12028   0.67652   0.04219  -0.72635  -1.59759  -2.55225  -3.57748  -4.66121  -5.79906  -6.98289  -8.20869  -9.47276 -10.77203 -12.10385 -13.46572 -14.85607 -16.27232 -17.71369 -19.17854
 451.38485    1.27500   1.12306   0.67909   0.04461  -0.72431  -1.59590  -2.55089  -3.57652  -4.66024  -5.79798  -6.98199  -8.20799  -9.47215 -10.77166 -12.10358 -13.46566 -14.85603 -16.27250 -17.71396 -19.17890
 451.60619    1.27823   1.12587   0.68171   0.04708  -0.72223  -1.59415  -2.54948  -3.57550  -4.65920  -5.79681  -6.98100  -8.20721  -9.47144 -10.77119 -12.10320 -13.46548 -14.85586 -16.27256 -17.71411 -19.17911
 451.82754    1.28150   1.12872   0.68436   0.04960  -0.72009  -1.59235  -2.54801  -3.57443  -4.65810  -5.79557  -6.97992  -8.20633  -9.47063 -10.77062 -12.10271 -13.46519 -14.85557 -16.27249 -17.71411 -19.17917
 452.04888    1.28481   1.13161   0.68706   0.05217  -0.71790  -1.59050  -2.54649  -3.57332  -4.65693  -5.79425  -6.97875  -8.20537  -9.46973 -10.76994 -12.10211 -13.46478 -14.85516 -16.27228 -17.71397 -19.17909
 452.27023    1.28817   1.13453   0.68981   0.05479  -0.71567  -1.58860  -2.54492  -3.57215  -4.65570  -5.79285  -6.97750  -8.20431  -9.46872 -10.76916 -12.10140 -13.46425 -14.85461 -16.27195 -17.71370 -19.17886
 452.49157    1.29157   1.13749   0.69259   0.05746  -0.71338  -1.58665  -2.54330  -3.57093  -4.65441  -5.79136  -6.97616  -8.20316  -9.46761 -10.76828 -12.10057 -13.46361 -14.85394 -16.27148 -17.71329 -19.17848
 452.71291    1.29501   1.14048   0.69542   0.06018  -0.71104  -1.58464  -2.54163  -3.56966  -4.65306  -5.78980  -6.97474  -8.20192  -9.46640 -10.76729 -12.09964 -13.46284 -14.85313 -16.27089 -17.71273 -19.17795
 452.93426    1.29850   1.14352   0.69829   0.06295  -0.70866  -1.58259  -2.53991  -3.56834  -4.65164  -5.78815  -6.97322  -8.20058  -9.46509 -10.76620 -12.09858 -13.46197 -14.85220 -16.27016 -17.71204 -19.17727
 453.15560    1.30203   1.14658   0.70120   0.06578  -0.70622  -1.58049  -2.53813  -3.56697  -4.65015  -5.78642  -6.97162  -8.19916  -9.46368 -10.76500 -12.09742 -13.46097 -14.85114 -16.26929 -17.71120 -19.17645
 453.37694    1.30560   1.14969   0.70415   0.06865  -0.70374  -1.57833  -2.53630  -3.56555  -4.64861  -5.78461  -6.96993  -8.19764  -9.46216 -10.76370 -12.09614 -13.45985 -14.84995 -16.26829 -17.71022 -19.17546
 453.59829    1.30921   1.15283   0.70715   0.07157  -0.70120  -1.57613  -2.53443  -3.56408  -4.64699  -5.78272  -6.96815  -8.19603  -9.46055 -10.76229 -12.09474 -13.45862 -14.84862 -16.26716 -17.70910 -19.17433
 453.81963    1.31286   1.15600   0.71018   0.07454  -0.69862  -1.57388  -2.53250  -3.56256  -4.64532  -5.78075  -6.96629  -8.19432  -9.45883 -10.76077 -12.09323 -13.45726 -14.84717 -16.26589 -17.70783 -19.17304
 454.04097    1.31656   1.15921   0.71326   0.07756  -0.69598  -1.57157  -2.53051  -3.56099  -4.64358  -5.77870  -6.96433  -8.19252  -9.45701 -10.75915 -12.09161 -13.45579 -14.84558 -16.26449 -17.70642 -19.17160
 454.26232    1.32030   1.16246   0.71638   0.08063  -0.69330  -1.56921  -2.52848  -3.55936  -4.64178  -5.77656  -6.96229  -8.19063  -9.45508 -10.75742 -12.08986 -13.45419 -14.84386 -16.26295 -17.70486 -19.17001
 454.48366    1.32408   1.16574   0.71954   0.08375  -0.69056  -1.56681  -2.52639  -3.55769  -4.63991  -5.77434  -6.96015  -8.18864  -9.45305 -10.75558 -12.08800 -13.45247 -14.84200 -16.26127 -17.70316 -19.16826
 454.70500    1.32790   1.16906   0.72274   0.08692  -0.68778  -1.56435  -2.52426  -3.55597  -4.63798  -5.77204  -6.95793  -8.18656  -9.45092 -10.75364 -12.08603 -13.45063 -14.84002 -16.25946 -17.70131 -19.16635
 454.92635    1.33176   1.17241   0.72598   0.09015  -0.68494  -1.56185  -2.52207  -3.55419  -4.63598  -5.76965  -6.95561  -8.18438  -9.44868 -10.75158 -12.08393 -13.44867 -14.83789 -16.25751 -17.69932 -19.16429
 455.14769    1.33566   1.17579   0.72927   0.09342  -0.68206  -1.55929  -2.51983  -3.55237  -4.63392  -5.76718  -6.95321  -8.18211  -9.44634 -10.74942 -12.08172 -13.44659 -14.83564 -16.25542 -17.69717 -19.16207
 455.36903    1.33961   1.17921   0.73259   0.09674  -0.67913  -1.55668  -2.51754  -3.55049  -4.63180  -5.76463  -6.95072  -8.17974  -9.44389 -10.74715 -12.07939 -13.44438 -14.83324 -16.25319 -17.69488 -19.15969
 455.59038    1.34359   1.18267   0.73596   0.10011  -0.67614  -1.55403  -2.51520  -3.54857  -4.62961  -5.76200  -6.94813  -8.17728  -9.44133 -10.74477 -12.07694 -13.44205 -14.83071 -16.25082 -17.69244 -19.15715
 455.81172    1.34762   1.18616   0.73936   0.10353  -0.67311  -1.55132  -2.51281  -3.54659  -4.62736  -5.75928  -6.94546  -8.17472  -9.43867 -10.74228 -12.07437 -13.43959 -14.82805 -16.24831 -17.68985 -19.15445
 456.03307    1.35169   1.18968   0.74281   0.10700  -0.67003  -1.54856  -2.51036  -3.54457  -4.62504  -5.75647  -6.94269  -8.17207  -9.43591 -10.73968 -12.07169 -13.43701 -14.82524 -16.24565 -17.68711 -19.15160
 456.25441    1.35580   1.19324   0.74629   0.11051  -0.66690  -1.54576  -2.50787  -3.54249  -4.62266  -5.75358  -6.93983  -8.16931  -9.43303 -10.73697 -12.06888 -13.43430 -14.82230 -16.24286 -17.68421 -19.14858
 456.47575    1.35995   1.19683   0.74982   0.11408  -0.66372  -1.54290  -2.50532  -3.54037  -4.62021  -5.75061  -6.93688  -8.16646  -9.43005 -10.73414 -12.06595 -13.43147 -14.81922 -16.23992 -17.68117 -19.14540

# Minimas
 436.38829    1.16306 
 437.02537    1.02820 
 438.87002    0.60399 
 440.79512   -0.01414 
 442.40994   -0.76627 
 443.95078   -1.62493 
 445.49461   -2.56939 
 447.11336   -3.58608 
 447.82361   -4.66831 
 448.20084   -5.80599 
 448.89106   -6.98730 
 449.54548   -8.21105 
 449.88948   -9.47437 
 450.47090  -10.77253 
 450.73530  -12.10405 
 451.15056  -13.46572 
 451.20487  -14.85607 
 451.59272  -16.27256 
 451.72271  -17.71412 
 451.81438  -19.17917 

