        0.000000000000000         0.000000000000000
       10.000000000000000        -0.000001794722893
       20.000000000000000        -0.000048771820024
       30.000000000000000         0.000045685058601
       40.000000000000000         0.000053230989190
       50.000000000000000         0.000008689603251
       60.000000000000000         0.000025038596910
       70.000000000000000        -0.000003635955826
       80.000000000000000         0.000028972853091
       90.000000000000000         0.000023998254304
      100.000000000000000         0.000026143446689
      110.000000000000000         0.000075300970497
      120.000000000000000         0.000040323525411
      130.000000000000000         0.000039626493666
      140.000000000000000         0.000034062048214
      150.000000000000000         0.000038607989979
      160.000000000000000         0.000083984442254
      170.000000000000000         0.000036393459608
      180.000000000000000        -0.000037936116276
      190.000000000000000         0.000020609391542
      200.000000000000000         0.000058743683021
      210.000000000000000         0.000057849427597
      220.000000000000000         0.000019151000506
      230.000000000000000         0.000036857604237
      240.000000000000000         0.000058211292292
      250.000000000000000         0.000054602243238
      260.000000000000000         0.000064028531780
      270.000000000000000         0.000029584399195
      280.000000000000000         0.000021699271999
      290.000000000000000         0.000039992254734
      300.000000000000000         0.000048423233702
      310.000000000000000         0.000015428771409
      320.000000000000000         0.000019616530921
      330.000000000000000         0.000057647853563
      340.000000000000000         0.000039729482888
      350.000000000000000         0.000026340380765
      360.000000000000000         0.000035204494055
      370.000000000000000         0.000038016815164
      380.000000000000000         0.000044140173651
      390.000000000000000         0.000045406523093
      400.000000000000000         0.000037553726186
      410.000000000000000         0.000026608065748
      420.000000000000000         0.000036559985244
      430.000000000000000         0.000045552931416
      440.000000000000000         0.000051658928818
      450.000000000000000         0.000034378193144
      460.000000000000000         0.000028935572269
      470.000000000000000         0.000032422264263
      480.000000000000000         0.000027732990005
      490.000000000000000         0.000034858302305
      500.000000000000000         0.000023152134321
      510.000000000000000         0.000027013523758
      520.000000000000000         0.000046347031244
      530.000000000000000         0.000048839781071
      540.000000000000000         0.000032636411265
      550.000000000000000         0.000025031986158
      560.000000000000000         0.000031296841959
      570.000000000000000         0.000031908534510
      580.000000000000000         0.000020557352841
      590.000000000000000         0.000040786331378
      600.000000000000000         0.000047914470170
      610.000000000000000         0.000032366396781
      620.000000000000000         0.000041352011950
      630.000000000000000         0.000042859924400
      640.000000000000000         0.000026810076500
      650.000000000000000         0.000021285254799
      660.000000000000000         0.000029356291870
      670.000000000000000         0.000033882245400
      680.000000000000000         0.000044667857662
      690.000000000000000         0.000050960136917
      700.000000000000000         0.000029893183266
      710.000000000000000         0.000020209238295
      720.000000000000000         0.000018673695339
      730.000000000000000        -0.000044793815837
      740.000000000000000        -0.000007634389240
      750.000000000000000         0.000013945114059
      760.000000000000000         0.000075487518912
      770.000000000000000         0.000049672578486
      780.000000000000000         0.000035989123906
      790.000000000000000         0.000040214515196
      800.000000000000000         0.000015404410115
      810.000000000000000        -0.000010886436788
      820.000000000000000        -0.000007673311010
      830.000000000000000         0.000013780783020
      840.000000000000000        -0.000035403750193
      850.000000000000000         0.000011820681704
      860.000000000000000         0.000005294069315
      870.000000000000000         0.000163168357026
      880.000000000000000         0.000033532731642
      890.000000000000000        -0.000135694277698
      900.000000000000000        -0.000016058365040
      910.000000000000000         0.000018841197367
      920.000000000000000         0.000017918835112
      930.000000000000000         0.000015743843164
      940.000000000000000         0.000021408732817
      950.000000000000000         0.000025119966719
      960.000000000000000         0.000017601665285
      970.000000000000000         0.000006101705205
      980.000000000000000         0.000037086261073
      990.000000000000000         0.000011137224394
     1000.000000000000000        -0.000015347109980
     1010.000000000000000         0.000021560032875
     1020.000000000000000         0.000013675686930
     1030.000000000000000         0.000010609649678
     1040.000000000000000         0.000019783152911
     1050.000000000000000         0.000016590949377
     1060.000000000000000         0.000014042497609
     1070.000000000000000         0.000014842539182
     1080.000000000000000         0.000015612218118
     1090.000000000000000         0.000009245891221
     1100.000000000000000         0.000009426253703
     1110.000000000000000        -0.000002164021812
     1120.000000000000000         0.000012965708965
     1130.000000000000000         0.000016248116097
     1140.000000000000000         0.000009649434217
     1150.000000000000000         0.000023193851686
     1160.000000000000000         0.000013721638109
     1170.000000000000000         0.000016204875654
     1180.000000000000000         0.000014851316030
     1190.000000000000000        -0.000015234229890
     1200.000000000000000         0.000002340924285
     1210.000000000000000         0.000029976607070
     1220.000000000000000         0.000010102269305
     1230.000000000000000        -0.000006384136409
     1240.000000000000000         0.000020230937430
     1250.000000000000000         0.000026041383185
     1260.000000000000000        -0.000005807865460
     1270.000000000000000        -0.000001305097451
     1280.000000000000000         0.000008947506214
     1290.000000000000000         0.000016241709491
     1300.000000000000000         0.000008628531024
     1310.000000000000000        -0.000003416964975
     1320.000000000000000         0.000004078016695
     1330.000000000000000         0.000015848906258
     1340.000000000000000         0.000001660527969
     1350.000000000000000        -0.000002963930007
     1360.000000000000000         0.000024005408570
     1370.000000000000000         0.000013905740450
     1380.000000000000000         0.000000346756587
     1390.000000000000000         0.000005963273867
     1400.000000000000000         0.000013518799512
     1410.000000000000000         0.000010374244303
     1420.000000000000000        -0.000003014867131
     1430.000000000000000         0.000006978024232
     1440.000000000000000         0.000011433312497
     1450.000000000000000         0.000027138524895
     1460.000000000000000         0.000014220597946
     1470.000000000000000        -0.000013301845130
     1480.000000000000000         0.000000461097739
     1490.000000000000000         0.000014861917049
     1500.000000000000000         0.000007556648761
     1510.000000000000000        -0.000004653982555
     1520.000000000000000         0.000008617739162
     1530.000000000000000         0.000005981106567
     1540.000000000000000         0.000011416499020
     1550.000000000000000         0.000001313917836
     1560.000000000000000         0.000003164475726
     1570.000000000000000         0.000008655600060
     1580.000000000000000        -0.000006935570004
     1590.000000000000000        -0.000005280548620
     1600.000000000000000         0.000014480661769
     1610.000000000000000         0.000013320240961
     1620.000000000000000        -0.000002860327454
     1630.000000000000000         0.000013177097165
     1640.000000000000000         0.000017587051244
     1650.000000000000000        -0.000004907240532
     1660.000000000000000        -0.000005352898781
     1670.000000000000000         0.000010002260626
     1680.000000000000000         0.000002132919113
     1690.000000000000000         0.000011367817091
     1700.000000000000000         0.000001118510507
     1710.000000000000000        -0.000004824723289
     1720.000000000000000         0.000001706192657
     1730.000000000000000         0.000012604651046
     1740.000000000000000         0.000010319259050
     1750.000000000000000        -0.000018410959058
     1760.000000000000000         0.000002630323536
     1770.000000000000000         0.000020816528621
     1780.000000000000000         0.000004409847201
     1790.000000000000000         0.000004206906934
     1800.000000000000000         0.000010967356355
     1810.000000000000000         0.000003321388826
     1820.000000000000000        -0.000007455587419
     1830.000000000000000         0.000005037430897
     1840.000000000000000         0.000009893483521
     1850.000000000000000         0.000005456407566
     1860.000000000000000         0.000009976729241
     1870.000000000000000        -0.000003855266717
     1880.000000000000000        -0.000006696049879
     1890.000000000000000         0.000000187214806
     1900.000000000000000         0.000002766543328
     1910.000000000000000         0.000001448861166
     1920.000000000000000         0.000008317730425
     1930.000000000000000         0.000012647539398
     1940.000000000000000        -0.000000514318068
     1950.000000000000000         0.000001773762414
     1960.000000000000000         0.000002004671707
     1970.000000000000000        -0.000010810981254
     1980.000000000000000         0.000001441360074
     1990.000000000000000         0.000015237318730
