   0.000000000000000    0.000000000000000
  10.000000000000000    4.558192526936724
  20.000000000000000   20.330786973087182
  30.000000000000000   38.919256842371510
  40.000000000000000   56.131446589452374
  50.000000000000000   70.935306513341999
  60.000000000000000   83.417271993281631
  70.000000000000000   93.919920431934045
  80.000000000000000  102.837607634068675
  90.000000000000000  110.527094976304952
 100.000000000000000  117.158619216145453
 110.000000000000000  122.829235600810549
 120.000000000000000  127.693590003043823
 130.000000000000000  132.042837121210852
 140.000000000000000  135.854541433570830
 150.000000000000000  139.120578267888845
 160.000000000000000  142.072837193490273
 170.000000000000000  144.636449843961344
 180.000000000000000  147.119459048826968
 190.000000000000000  149.229660262073850
 200.000000000000000  150.850710124928469
 210.000000000000000  152.427701629228551
 220.000000000000000  153.282820528498263
 230.000000000000000  155.226133767721109
 240.000000000000000  156.769845005733174
 250.000000000000000  157.356157474086331
 260.000000000000000  158.569304906757083
 270.000000000000000  159.604687794705455
 280.000000000000000  160.338146696849719
 290.000000000000000  160.503748468301524
 300.000000000000000  161.502063419509312
 310.000000000000000  162.187671228590034
 320.000000000000000  161.810520941314934
 330.000000000000000  163.293770429029024
 340.000000000000000  164.255347667335940
 350.000000000000000  164.098043891770232
 360.000000000000000  165.198225403331151
 370.000000000000000  165.101590088712584
 380.000000000000000  165.219882760506010
 390.000000000000000  166.229253895300388
 400.000000000000000  166.082343856057889
 410.000000000000000  165.259672482992727
 420.000000000000000  167.095916319488708
 430.000000000000000  166.958523641204067
 440.000000000000000  166.440216515621501
 450.000000000000000  166.606632184738316
 460.000000000000000  166.744400775639946
 470.000000000000000  168.327637310378179
 480.000000000000000  165.742466582020654
 490.000000000000000  167.152727431703909
 500.000000000000000  168.792416469121662
 510.000000000000000  169.085689571968715
 520.000000000000000  170.856861581864081
 530.000000000000000  168.432501217532888
 540.000000000000000  175.259881626795021
 550.000000000000000  168.528250596818765
 560.000000000000000  162.466184487822716
 570.000000000000000  169.201260157864738
 580.000000000000000  165.519735495255759
 590.000000000000000  173.032612412675519
 600.000000000000000  173.765123801704249
 610.000000000000000  163.848504360336818
 620.000000000000000  171.632575903298516
 630.000000000000000  174.884752036622103
 640.000000000000000  166.473063575867457
 650.000000000000000  161.843026395119921
 660.000000000000000  174.242243584248257
 670.000000000000000  173.574902098659805
 680.000000000000000  159.024388531523812
 690.000000000000000  168.343983505946341
 700.000000000000000  179.099217196067343
 710.000000000000000  173.597992352407203
 720.000000000000000  161.558388836831597
 730.000000000000000  168.594081346368625
 740.000000000000000  170.743699440990582
 750.000000000000000  165.298308596028960
 760.000000000000000  163.472368214264947
 770.000000000000000  172.561336718770377
 780.000000000000000  179.617262021128795
 790.000000000000000  170.734088007724210
 800.000000000000000  161.076395119880516
 810.000000000000000  170.416431537272956
 820.000000000000000  172.660143880993132
 830.000000000000000  171.528808293689423
 840.000000000000000  171.288686968061910
 850.000000000000000  172.765245338272024
 860.000000000000000  175.749063759804642
 870.000000000000000  166.726343739897459
 880.000000000000000  174.831543718648788
 890.000000000000000  166.818928199033422
 900.000000000000000  166.104121157270043
 910.000000000000000  171.897590443610085
 920.000000000000000  168.666528046792195
 930.000000000000000  171.258465182263649
 940.000000000000000  173.180451258131257
 950.000000000000000  171.470231086178444
 960.000000000000000  166.159933319059093
 970.000000000000000  167.594883948020538
 980.000000000000000  172.780400020223169
 990.000000000000000  168.364023078065827
1000.000000000000000  169.744457319682340
1010.000000000000000  171.913102525333017
1020.000000000000000  173.624354816806147
1030.000000000000000  171.733848153827893
1040.000000000000000  166.872963216778544
1050.000000000000000  173.696848311152507
1060.000000000000000  172.688128726416608
1070.000000000000000  168.678488736892234
1080.000000000000000  170.416943165625440
1090.000000000000000  173.244828170791266
1100.000000000000000  170.207998729100552
1110.000000000000000  169.048975744350287
1120.000000000000000  171.882461608031889
1130.000000000000000  169.911074398240942
1140.000000000000000  166.921243214830412
1150.000000000000000  132.998495076487416
1160.000000000000000  143.154650906128722
1170.000000000000000  206.518019326145719
1180.000000000000000  156.062580236186818
1190.000000000000000  128.656124524250856
1200.000000000000000  178.487101501695065
1210.000000000000000  214.092783292710408
1220.000000000000000  206.216579674955028
1230.000000000000000  170.131232736551169
1240.000000000000000  170.281727824117979
1250.000000000000000  168.784353751667709
1260.000000000000000  169.964435706534175
1270.000000000000000  171.611019412969426
1280.000000000000000  166.702096077735831
1290.000000000000000  171.335554798170733
1300.000000000000000  171.697656867135464
1310.000000000000000  169.850812656247427
1320.000000000000000  172.690535238446103
1330.000000000000000  169.933908916153939
1340.000000000000000  171.034934723688650
1350.000000000000000  172.538913193774249
1360.000000000000000  168.818822020684252
1370.000000000000000  170.126736077817498
1380.000000000000000  170.886297408111119
1390.000000000000000  170.107447582738189
1400.000000000000000  169.647635127849242
1410.000000000000000  169.390068635796638
1420.000000000000000  170.960520008724643
1430.000000000000000  172.868862903853284
1440.000000000000000  170.671466952564657
1450.000000000000000  168.250564251063707
1460.000000000000000  168.842913507662558
1470.000000000000000  166.095892586322464
1480.000000000000000  172.007157036514883
1490.000000000000000  170.539052096680848
1500.000000000000000  170.336671849251218
1510.000000000000000  173.944161008194328
1520.000000000000000  165.679485642752724
1530.000000000000000  168.089806349494779
1540.000000000000000  172.893741645227777
1550.000000000000000  170.160371724208659
1560.000000000000000  168.652573055219534
1570.000000000000000  171.625262968000811
1580.000000000000000  172.087383890521835
1590.000000000000000  169.682019531431763
1600.000000000000000  169.276818806954481
1610.000000000000000  169.496581982484827
1620.000000000000000  169.493630514834933
1630.000000000000000  168.172093115039786
1640.000000000000000  171.922169584675288
1650.000000000000000  170.523752585235371
1660.000000000000000  169.610195975171223
1670.000000000000000  174.359013585631658
1680.000000000000000  170.198166738615640
1690.000000000000000  168.928943529761170
1700.000000000000000  170.718601154316730
1710.000000000000000  169.991373449387595
1720.000000000000000  169.368082050247381
1730.000000000000000  169.353513045839179
1740.000000000000000  171.831138664910810
1750.000000000000000  169.625219480779663
1760.000000000000000  168.209410695639235
1770.000000000000000  171.487886286679412
1780.000000000000000  170.419316807054230
1790.000000000000000  169.567564570996950
1800.000000000000000  168.438711408827515
1810.000000000000000  168.314686743636912
1820.000000000000000  172.027584860431233
1830.000000000000000  170.929924786998924
1840.000000000000000  169.065444163256814
1850.000000000000000  170.063992046621109
1860.000000000000000  170.687269265620017
1870.000000000000000  169.953491224639492
1880.000000000000000  169.690235076420947
1890.000000000000000  170.647756977526370
1900.000000000000000  169.576925457785336
1910.000000000000000  169.742586609649464
1920.000000000000000  169.251249338209476
1930.000000000000000  167.974587912884687
1940.000000000000000  170.803664456156355
1950.000000000000000  168.309163580989519
1960.000000000000000  169.611627731621979
1970.000000000000000  174.017611417255608
1980.000000000000000  170.276021834972056
1990.000000000000000  167.300079187222508
