   0.000000000000000    0.000000000000000
  10.000000000000000    0.000212446512414
  20.000000000000000    0.000605265997999
  30.000000000000000    0.000892810298061
  40.000000000000000    0.001089677331169
  50.000000000000000    0.001230863874675
  60.000000000000000    0.001338446405448
  70.000000000000000    0.001425609290550
  80.000000000000000    0.001498426861333
  90.000000000000000    0.001561492063748
 100.000000000000000    0.001616464168749
 110.000000000000000    0.001664648233622
 120.000000000000000    0.001706036612710
 130.000000000000000    0.001741847161433
 140.000000000000000    0.001773020047563
 150.000000000000000    0.001799729940816
 160.000000000000000    0.001822439048857
 170.000000000000000    0.001842040333271
 180.000000000000000    0.001858335166337
 190.000000000000000    0.001872948237777
 200.000000000000000    0.001884525353939
 210.000000000000000    0.001894268692338
 220.000000000000000    0.001902018168246
 230.000000000000000    0.001907346669841
 240.000000000000000    0.001913486035967
 250.000000000000000    0.001917009753200
 260.000000000000000    0.001920112839387
 270.000000000000000    0.001922084501558
 280.000000000000000    0.001923615375556
 290.000000000000000    0.001924016237613
 300.000000000000000    0.001923718584193
 310.000000000000000    0.001923250799812
 320.000000000000000    0.001922025900347
 330.000000000000000    0.001920151359579
 340.000000000000000    0.001918635442052
 350.000000000000000    0.001916322704934
 360.000000000000000    0.001913869468155
 370.000000000000000    0.001911151246786
 380.000000000000000    0.001908089096266
 390.000000000000000    0.001904861556405
 400.000000000000000    0.001901411206071
 410.000000000000000    0.001897825074477
 420.000000000000000    0.001894181348204
 430.000000000000000    0.001890058253042
 440.000000000000000    0.001886327184872
 450.000000000000000    0.001882066027445
 460.000000000000000    0.001878273132089
 470.000000000000000    0.001873837080267
 480.000000000000000    0.001869444547072
 490.000000000000000    0.001865982817420
 500.000000000000000    0.001860973865972
 510.000000000000000    0.001856880886895
 520.000000000000000    0.001851510811411
 530.000000000000000    0.001846397568012
 540.000000000000000    0.001842330159976
 550.000000000000000    0.001831847080377
 560.000000000000000    0.001833113108175
 570.000000000000000    0.001827236127487
 580.000000000000000    0.001823511884024
 590.000000000000000    0.001820370392883
 600.000000000000000    0.001810737371003
 610.000000000000000    0.001807245962418
 620.000000000000000    0.001805708138957
 630.000000000000000    0.001795413937995
 640.000000000000000    0.001791248374495
 650.000000000000000    0.001788539171530
 660.000000000000000    0.001788672883612
 670.000000000000000    0.001774149585522
 680.000000000000000    0.001775726983840
 690.000000000000000    0.001775070597702
 700.000000000000000    0.001767680665764
 710.000000000000000    0.001756361796512
 720.000000000000000    0.001754382758039
 730.000000000000000    0.001755581113173
 740.000000000000000    0.001746368921909
 750.000000000000000    0.001745613306421
 760.000000000000000    0.001742038133161
 770.000000000000000    0.001743020671789
 780.000000000000000    0.001730354703269
 790.000000000000000    0.001724275874758
 800.000000000000000    0.001720547281377
 810.000000000000000    0.001724914612082
 820.000000000000000    0.001711247344651
 830.000000000000000    0.001713673402658
 840.000000000000000    0.001700729776684
 850.000000000000000    0.001703816091757
 860.000000000000000    0.001688688403190
 870.000000000000000    0.001688720997801
 880.000000000000000    0.001684145815882
 890.000000000000000    0.001674195760871
 900.000000000000000    0.001679612023335
 910.000000000000000    0.001670737527978
 920.000000000000000    0.001669176123634
 930.000000000000000    0.001664224977943
 940.000000000000000    0.001659555905019
 950.000000000000000    0.001652158768234
 960.000000000000000    0.001649699743749
 970.000000000000000    0.001649089446112
 980.000000000000000    0.001644896608799
 990.000000000000000    0.001637805208898
1000.000000000000000    0.001639261554811
1010.000000000000000    0.001630465105533
1020.000000000000000    0.001629316336758
1030.000000000000000    0.001618097259225
1040.000000000000000    0.001619589365665
1050.000000000000000    0.001614749511221
1060.000000000000000    0.001607274450012
1070.000000000000000    0.001603773971437
1080.000000000000000    0.001601696267092
1090.000000000000000    0.001595901885654
1100.000000000000000    0.001590014708946
1110.000000000000000    0.001588395579288
1120.000000000000000    0.001584143836008
1130.000000000000000    0.001578668022912
1140.000000000000000    0.001577192226554
1150.000000000000000    0.001575894238427
1160.000000000000000    0.001613949387225
1170.000000000000000    0.001601219089461
1180.000000000000000    0.001565883748290
1190.000000000000000    0.001609078908302
1200.000000000000000    0.001605766381767
1210.000000000000000    0.001595134995828
1220.000000000000000    0.001549704228012
1230.000000000000000    0.001545033981044
1240.000000000000000    0.001542944306030
1250.000000000000000    0.001538094747590
1260.000000000000000    0.001538148528368
1270.000000000000000    0.001531695272781
1280.000000000000000    0.001529521718487
1290.000000000000000    0.001529920237007
1300.000000000000000    0.001521344171659
1310.000000000000000    0.001521326683807
1320.000000000000000    0.001515308984342
1330.000000000000000    0.001511355684090
1340.000000000000000    0.001509225881574
1350.000000000000000    0.001503738313395
1360.000000000000000    0.001499496952955
1370.000000000000000    0.001499332990523
1380.000000000000000    0.001493260608446
1390.000000000000000    0.001492070200027
1400.000000000000000    0.001487121594132
1410.000000000000000    0.001486636914878
1420.000000000000000    0.001482089063517
1430.000000000000000    0.001479408869594
1440.000000000000000    0.001472102814730
1450.000000000000000    0.001472629117177
1460.000000000000000    0.001468838872048
1470.000000000000000    0.001468546637196
1480.000000000000000    0.001468696042113
1490.000000000000000    0.001460036002730
1500.000000000000000    0.001462334444841
1510.000000000000000    0.001453951679576
1520.000000000000000    0.001451148824924
1530.000000000000000    0.001454562077721
1540.000000000000000    0.001448378631411
1550.000000000000000    0.001445023616736
1560.000000000000000    0.001442714604563
1570.000000000000000    0.001441533086387
1580.000000000000000    0.001435020245090
1590.000000000000000    0.001433212814921
1600.000000000000000    0.001430138004642
1610.000000000000000    0.001428942503035
1620.000000000000000    0.001425584737298
1630.000000000000000    0.001424426243657
1640.000000000000000    0.001422971338932
1650.000000000000000    0.001416521612526
1660.000000000000000    0.001417085063341
1670.000000000000000    0.001411944219042
1680.000000000000000    0.001405746814556
1690.000000000000000    0.001406560388179
1700.000000000000000    0.001402205356551
1710.000000000000000    0.001400485939905
1720.000000000000000    0.001397189178903
1730.000000000000000    0.001396390463211
1740.000000000000000    0.001393141126535
1750.000000000000000    0.001388823595611
1760.000000000000000    0.001388748763818
1770.000000000000000    0.001386478902318
1780.000000000000000    0.001381752545650
1790.000000000000000    0.001381029157973
1800.000000000000000    0.001377535326752
1810.000000000000000    0.001378441127681
1820.000000000000000    0.001375151934212
1830.000000000000000    0.001370826900363
1840.000000000000000    0.001369102556607
1850.000000000000000    0.001367438681534
1860.000000000000000    0.001364323173710
1870.000000000000000    0.001361798140620
1880.000000000000000    0.001359739884683
1890.000000000000000    0.001357609123565
1900.000000000000000    0.001354215316480
1910.000000000000000    0.001353620669785
1920.000000000000000    0.001350012990948
1930.000000000000000    0.001350134198476
1940.000000000000000    0.001348343158704
1950.000000000000000    0.001344519339215
1960.000000000000000    0.001346233455575
1970.000000000000000    0.001340618216798
1980.000000000000000    0.001336192406109
1990.000000000000000    0.001335807693062
