0.000000000000000      -57149058.8235504
10.000000000000000     -57149058.83025528
20.000000000000000     -57149058.88885368
30.000000000000000     -57149059.05178587
40.000000000000000     -57149059.34424835
50.000000000000000     -57149059.77945049
60.000000000000000     -57149060.35745612
70.000000000000000     -57149061.07504163
80.000000000000000     -57149061.92362794
90.000000000000000     -57149062.9051715
100.000000000000000    -57149064.01084357
110.000000000000000    -57149065.237517856
120.000000000000000    -57149066.574352816
130.000000000000000    -57149068.01475018
140.000000000000000    -57149069.56093065
150.000000000000000    -57149071.20153699
160.000000000000000    -57149072.931700826
170.000000000000000    -57149074.76071499
180.000000000000000    -57149076.66583963
190.000000000000000    -57149078.66969031
200.000000000000000    -57149080.736142576
210.000000000000000    -57149082.892421536
220.000000000000000    -57149085.10729448
230.000000000000000    -57149087.36639703
240.000000000000000    -57149089.75495135
250.000000000000000    -57149092.1630307
260.000000000000000    -57149094.6595981
270.000000000000000    -57149097.19957118
280.000000000000000    -57149099.81230769
290.000000000000000    -57149102.47760956
300.000000000000000    -57149105.1880125
310.000000000000000    -57149107.97383234
320.000000000000000    -57149110.78447796
330.000000000000000    -57149113.62586274
340.000000000000000    -57149116.60561087
350.000000000000000    -57149119.557904206
360.000000000000000    -57149122.591767974
370.000000000000000    -57149125.66479076
380.000000000000000    -57149128.76983269
390.000000000000000    -57149131.92780603
400.000000000000000    -57149135.12141825
410.000000000000000    -57149138.37207981
420.000000000000000    -57149141.62653673
430.000000000000000    -57149145.00571886
440.000000000000000    -57149148.28362854
450.000000000000000    -57149151.72735165
460.000000000000000    -57149155.10953506
470.000000000000000    -57149158.604902476
480.000000000000000    -57149162.117465645
490.000000000000000    -57149165.59875225
500.000000000000000    -57149169.27322057
510.000000000000000    -57149172.78817886
520.000000000000000    -57149176.50573816
530.000000000000000    -57149180.186513186
540.000000000000000    -57149183.87714995
550.000000000000000    -57149187.7454138
560.000000000000000    -57149191.318576016
570.000000000000000    -57149195.220069736
580.000000000000000    -57149198.99504524
590.000000000000000    -57149202.77204989
600.000000000000000    -57149206.899989575
610.000000000000000    -57149210.8540083
620.000000000000000    -57149214.543022394
630.000000000000000    -57149218.72352026
640.000000000000000    -57149222.71080471
650.000000000000000    -57149226.72439914
660.000000000000000    -57149230.30344362
670.000000000000000    -57149234.936806425
680.000000000000000    -57149238.489849575
690.000000000000000    -57149242.77140699
700.000000000000000    -57149247.062415496
710.000000000000000    -57149251.44495088
720.000000000000000    -57149255.64421052
730.000000000000000    -57149259.57259352
740.000000000000000    -57149263.99169459
750.000000000000000    -57149268.07181383
760.000000000000000    -57149272.56522474
770.000000000000000    -57149276.387697496
780.000000000000000    -57149281.07988932
790.000000000000000    -57149285.50245796
800.000000000000000    -57149289.83860792
810.000000000000000    -57149293.954896845
820.000000000000000    -57149298.66148645
830.000000000000000    -57149302.67001836
840.000000000000000    -57149307.58602263
850.000000000000000    -57149311.82721119
860.000000000000000    -57149316.6708674
870.000000000000000    -57149321.06772185
880.000000000000000    -57149325.665615134
890.000000000000000    -57149330.34516873
900.000000000000000    -57149334.582776
910.000000000000000    -57149339.38137742
920.000000000000000    -57149343.91718093
930.000000000000000    -57149348.38022566
940.000000000000000    -57149353.20484686
950.000000000000000    -57149357.88688437
960.000000000000000    -57149362.568956055
970.000000000000000    -57149367.19724948
980.000000000000000    -57149371.89734058
990.000000000000000    -57149376.77322532
1000.000000000000000   -57149381.406448536
1010.000000000000000   -57149386.249393016
1020.000000000000000   -57149391.03528917
1030.000000000000000   -57149396.002410606
1040.000000000000000   -57149400.68638125
1050.000000000000000   -57149405.56898759
1060.000000000000000   -57149410.471054696
1070.000000000000000   -57149415.33368504
1080.000000000000000   -57149420.16587569
1090.000000000000000   -57149425.14950775
1100.000000000000000   -57149430.09753524
1110.000000000000000   -57149434.994673006
1120.000000000000000   -57149439.958036005
1130.000000000000000   -57149444.87999737
1140.000000000000000   -57149449.89098458
1150.000000000000000   -57149454.82110409
1160.000000000000000   -57149458.43528519
1170.000000000000000   -57149463.93422035
1180.000000000000000   -57149469.897281915
1190.000000000000000   -57149473.683010064
1200.000000000000000   -57149478.73676889
1210.000000000000000   -57149483.905084096
1220.000000000000000   -57149490.25303066
1230.000000000000000   -57149495.36652598
1240.000000000000000   -57149500.464753024
1250.000000000000000   -57149505.64143633
1260.000000000000000   -57149510.70035187
1270.000000000000000   -57149515.92824148
1280.000000000000000   -57149521.08593521
1290.000000000000000   -57149526.21947043
1300.000000000000000   -57149531.5101513
1310.000000000000000   -57149536.69122885
1320.000000000000000   -57149541.947362624
1330.000000000000000   -57149547.2373752
1340.000000000000000   -57149552.46092963
1350.000000000000000   -57149557.76390549
1360.000000000000000   -57149563.09530722
1370.000000000000000   -57149568.292233855
1380.000000000000000   -57149573.67493756
1390.000000000000000   -57149578.96045393
1400.000000000000000   -57149584.3147972
1410.000000000000000   -57149589.608481504
1420.000000000000000   -57149595.0049022
1430.000000000000000   -57149600.422045976
1440.000000000000000   -57149605.829413936
1450.000000000000000   -57149611.13982751
1460.000000000000000   -57149616.595690444
1470.000000000000000   -57149621.97650227
1480.000000000000000   -57149627.29571485
1490.000000000000000   -57149632.852847025
1500.000000000000000   -57149638.2119398
1510.000000000000000   -57149643.76917329
1520.000000000000000   -57149649.23800222
1530.000000000000000   -57149654.61153716
1540.000000000000000   -57149660.170805305
1550.000000000000000   -57149665.66835863
1560.000000000000000   -57149671.20054785
1570.000000000000000   -57149676.71193883
1580.000000000000000   -57149682.33945301
1590.000000000000000   -57149687.84645405
1600.000000000000000   -57149693.384113275
1610.000000000000000   -57149698.945303366
1620.000000000000000   -57149704.544928096
1630.000000000000000   -57149710.07433901
1640.000000000000000   -57149715.65202834
1650.000000000000000   -57149721.34286389
1660.000000000000000   -57149726.91454037
1670.000000000000000   -57149732.611473314
1680.000000000000000   -57149738.26034522
1690.000000000000000   -57149743.911645554
1700.000000000000000   -57149749.61652515
1710.000000000000000   -57149755.27035962
1720.000000000000000   -57149760.987568974
1730.000000000000000   -57149766.619742915
1740.000000000000000   -57149772.33154642
1750.000000000000000   -57149778.12702265
1760.000000000000000   -57149783.777433716
1770.000000000000000   -57149789.528624564
1780.000000000000000   -57149795.30640713
1790.000000000000000   -57149801.00572884
1800.000000000000000   -57149806.809274666
1810.000000000000000   -57149812.54696697
1820.000000000000000   -57149818.30918739
1830.000000000000000   -57149824.13219959
1840.000000000000000   -57149829.92784769
1850.000000000000000   -57149835.696238585
1860.000000000000000   -57149841.567895986
1870.000000000000000   -57149847.39076351
1880.000000000000000   -57149853.19602864
1890.000000000000000   -57149859.0461979
1900.000000000000000   -57149864.93657626
1910.000000000000000   -57149870.76564552
1920.000000000000000   -57149876.6439987
1930.000000000000000   -57149882.50429633
1940.000000000000000   -57149888.37029906
1950.000000000000000   -57149894.30132435
1960.000000000000000   -57149900.13157962
1970.000000000000000   -57149906.15280907
1980.000000000000000   -57149912.11365197
1990.000000000000000   -57149917.99870114
