   0.000000000000000         0.000000000000000
  10.000000000000000         5.363833279764251
  20.000000000000000         3.059025633602307
  30.000000000000000         2.332774343065523
  40.000000000000000         2.038150974520395
  50.000000000000000         1.855972697380306
  60.000000000000000         1.723779505377026
  70.000000000000000         1.438801078095686
  80.000000000000000         1.315293343198102
  90.000000000000000         1.497664276168244
 100.000000000000000         1.627664058957313
 110.000000000000000         1.486683844002191
 120.000000000000000         1.235195601606929
 130.000000000000000         1.300716117118524
 140.000000000000000         1.346408714209021
 150.000000000000000         1.230145953201729
 160.000000000000000         1.264800601990932
 170.000000000000000         1.218175436516232
 180.000000000000000         1.468574664794094
 190.000000000000000         1.527483547578284
 200.000000000000000         1.262239689405179
 210.000000000000000         1.192070568136891
 220.000000000000000         0.544759217216534
 230.000000000000000         1.197341804175917
 240.000000000000000         1.525386381798529
 250.000000000000000         1.057404107174320
 260.000000000000000         1.260462315193299
 270.000000000000000         1.371101245460519
 280.000000000000000         1.294556702648393
 290.000000000000000         0.837432488659114
 300.000000000000000         1.078481145836991
 310.000000000000000         1.119451765213026
 320.000000000000000         0.445459289050711
 330.000000000000000         1.104608254873157
 340.000000000000000         1.414492968769007
 350.000000000000000         1.006404116731395
 360.000000000000000         1.431174904984839
 370.000000000000000         1.120433419801255
 380.000000000000000         0.967777642709428
 390.000000000000000         1.357982325308779
 400.000000000000000         1.083652776949754
 410.000000000000000         0.448001254148155
 420.000000000000000         1.311797645830682
 430.000000000000000         1.095746119326731
 440.000000000000000         0.680275503178711
 450.000000000000000         0.651811252258163
 460.000000000000000         0.608956936817868
 470.000000000000000         1.311648377971039
 480.000000000000000        -0.077426168160519
 490.000000000000000         0.530543903858634
 500.000000000000000         1.250657444221377
 510.000000000000000         1.298979488118021
 520.000000000000000         2.065685712482644
 530.000000000000000         0.854834671060807
 540.000000000000000         3.923267954135758
 550.000000000000000         0.803353267588113
 560.000000000000000        -1.998619245601975
 570.000000000000000         0.970639295072990
 580.000000000000000        -0.704026205799175
 590.000000000000000         2.506101543849738
 600.000000000000000         2.835829012389177
 610.000000000000000        -1.521636111688035
 620.000000000000000         1.748941970029133
 630.000000000000000         3.132172570604309
 640.000000000000000        -0.466109115467277
 650.000000000000000        -2.407640161399773
 660.000000000000000         2.619691307049444
 670.000000000000000         2.401750013767370
 680.000000000000000        -3.483410302869324
 690.000000000000000         0.166703362767159
 700.000000000000000         4.399310111517712
 710.000000000000000         2.235367465871606
 720.000000000000000        -2.557633006035616
 730.000000000000000         0.185515698768677
 740.000000000000000         1.011042983955413
 750.000000000000000        -1.106866981234577
 760.000000000000000        -1.810841887568639
 770.000000000000000         1.568524478601345
 780.000000000000000         4.238370080322793
 790.000000000000000         0.900724340785783
 800.000000000000000        -2.725688596852948
 810.000000000000000         0.714465969392257
 820.000000000000000         1.561827897624112
 830.000000000000000         1.080812467736072
 840.000000000000000         1.027347013662547
 850.000000000000000         1.508575797766905
 860.000000000000000         2.645029620411695
 870.000000000000000        -0.668203672183897
 880.000000000000000         2.250036754820688
 890.000000000000000        -0.651356057127961
 900.000000000000000        -0.903924013965512
 910.000000000000000         1.152639190966000
 920.000000000000000        -0.011969763806162
 930.000000000000000         0.888379425489592
 940.000000000000000         1.560194512612483
 950.000000000000000         0.957944638094035
 960.000000000000000        -0.913898795269968
 970.000000000000000        -0.418655443770347
 980.000000000000000         1.366764860773676
 990.000000000000000        -0.160600782706519
1000.000000000000000         0.302124434185297
1010.000000000000000         1.050033123602297
1020.000000000000000         1.616433782549061
1030.000000000000000         0.987723341473983
1040.000000000000000        -0.694775002894033
1050.000000000000000         1.629016964102889
1060.000000000000000         1.289454588079567
1070.000000000000000        -0.089268205403617
1080.000000000000000         0.494981110078417
1090.000000000000000         1.457276333561969
1100.000000000000000         0.421799987477278
1110.000000000000000         0.020244743288377
1120.000000000000000         0.976757585164030
1130.000000000000000         0.306854337924894
1140.000000000000000        -0.708442188852392
1150.000000000000000       -12.067294507906281
1160.000000000000000        -7.814082448879042
1170.000000000000000        11.353498424273893
1180.000000000000000        -4.326363963915866
1190.000000000000000       -12.050972458312961
1200.000000000000000         2.745192547360876
1210.000000000000000        13.516111355267716
1220.000000000000000        12.327114638081808
1230.000000000000000         0.340299963858734
1240.000000000000000         0.384772534257308
1250.000000000000000        -0.112647285628758
1260.000000000000000         0.270912362364035
1270.000000000000000         0.816406065536084
1280.000000000000000        -0.806323447640834
1290.000000000000000         0.708235035685403
1300.000000000000000         0.836155771734908
1310.000000000000000         0.220926910903932
1320.000000000000000         1.155387991887344
1330.000000000000000         0.247920372745542
1340.000000000000000         0.605350357452523
1350.000000000000000         1.102202922746424
1360.000000000000000        -0.123831054368802
1370.000000000000000         0.300975215658969
1380.000000000000000         0.553072910249704
1390.000000000000000         0.292092646891341
1400.000000000000000         0.141372074208680
1410.000000000000000         0.052708309492127
1420.000000000000000         0.566643416288601
1430.000000000000000         1.190399510964096
1440.000000000000000         0.474799144778068
1450.000000000000000        -0.325312456230917
1460.000000000000000        -0.132766665448891
1470.000000000000000        -1.032944907319504
1480.000000000000000         0.885948334846832
1490.000000000000000         0.418159387429191
1500.000000000000000         0.343074103082791
1510.000000000000000         1.530134477576752
1520.000000000000000        -1.176026451626727
1530.000000000000000        -0.388381970553729
1540.000000000000000         1.173501869136223
1550.000000000000000         0.282772757643401
1560.000000000000000        -0.209226525539407
1570.000000000000000         0.752628348315007
1580.000000000000000         0.911403966766823
1590.000000000000000         0.123071140883207
1600.000000000000000        -0.009911835915026
1610.000000000000000         0.059363237359645
1620.000000000000000         0.057849196993862
1630.000000000000000        -0.372880008516393
1640.000000000000000         0.838861745874592
1650.000000000000000         0.391183524664004
1660.000000000000000         0.089750365354531
1670.000000000000000         1.637655835630339
1680.000000000000000         0.285615531990040
1690.000000000000000        -0.132783178555403
1700.000000000000000         0.452336234758923
1710.000000000000000         0.212655704729820
1720.000000000000000         0.008727034754696
1730.000000000000000         0.001913339196682
1740.000000000000000         0.810583687327993
1750.000000000000000         0.091038234539778
1760.000000000000000        -0.373962399581883
1770.000000000000000         0.695482750229605
1780.000000000000000         0.348770081755418
1790.000000000000000         0.067257471638676
1800.000000000000000        -0.302565673845469
1810.000000000000000        -0.344501555034574
1820.000000000000000         0.866897910089708
1830.000000000000000         0.511192382709808
1840.000000000000000        -0.100842176748702
1850.000000000000000         0.224616382389559
1860.000000000000000         0.429401434566148
1870.000000000000000         0.188369445185066
1880.000000000000000         0.101131817482964
1890.000000000000000         0.414301727367122
1900.000000000000000         0.063434799785173
1910.000000000000000         0.115876152763828
1920.000000000000000        -0.045153405446706
1930.000000000000000        -0.465218969393701
1940.000000000000000         0.460161171398793
1950.000000000000000        -0.357160822183661
1960.000000000000000         0.067153741329653
1970.000000000000000         1.517964139758547
1980.000000000000000         0.289869303871314
1990.000000000000000        -0.692537161556280
