# Volume points
 166.77479    1.17784   1.13539   0.98544   0.75939   0.47835   0.15474  -0.20346  -0.59075  -1.00309  -1.43743  -1.89138  -2.36299  -2.85070  -3.35316  -3.86925  -4.39801  -4.93861  -5.49029  -6.05242  -6.62442
 172.04098    0.86970   0.82515   0.67007   0.43768   0.14972  -0.18115  -0.54684  -0.94177  -1.36187  -1.80407  -2.26596  -2.74560  -3.24138  -3.75197  -4.27626  -4.81326  -5.36213  -5.92213  -6.49261  -7.07300
 177.41688    0.65546   0.60891   0.44930   0.21151  -0.08218  -0.41892  -0.79055  -1.19144  -1.61753  -2.06573  -2.53362  -3.01925  -3.52103  -4.03761  -4.56788  -5.11086  -5.66570  -6.23167  -6.80812  -7.39447
 182.90362    0.52671   0.47752   0.31281   0.06927  -0.23033  -0.57302  -0.95056  -1.35732  -1.78923  -2.24320  -2.71680  -3.20810  -3.71550  -4.23767  -4.77347  -5.32195  -5.88226  -6.45366  -7.03551  -7.62722
 188.50233    0.47617   0.42449   0.25521   0.00672  -0.29783  -0.64536  -1.02761  -1.43896  -1.87533  -2.33365  -2.81149  -3.30694  -3.81840  -4.34455  -4.88426  -5.43656  -6.00063  -6.57573  -7.16122  -7.75651
 194.21414    0.49641   0.44159   0.26704   0.01302  -0.29695  -0.64972  -1.03702  -1.45325  -1.89433  -2.35722  -2.83950  -3.33926  -3.85492  -4.38516  -4.92887  -5.48508  -6.05297  -6.63181  -7.22095  -7.81983
 200.04018    0.58103   0.52232   0.34191   0.08197  -0.23368  -0.59183  -0.98427  -1.40539  -1.85117  -2.31855  -2.80515  -3.30907  -3.82875  -4.36287  -4.91034  -5.47019  -6.04162  -6.62388  -7.21636  -7.81849
 205.98158    0.72350   0.66203   0.47950   0.21862  -0.09691  -0.45407  -0.84477  -1.26352  -1.70637  -2.17034  -2.65310  -3.15278  -3.66785  -4.19705  -4.73927  -5.29360  -5.85923  -6.43546  -7.02167  -7.61729
 212.03948    0.91855   0.86347   0.69340   0.44835   0.15113  -0.18578  -0.55465  -0.95024  -1.36879  -1.80744  -2.26398  -2.73664  -3.22395  -3.72470  -4.23785  -4.76253  -5.29797  -5.84349  -6.39851  -6.96249

# Fitted data
 166.77479    1.17797   1.13476   0.98315   0.75575   0.47273   0.14703  -0.21701  -0.60119  -1.01632  -1.44897  -1.90555  -2.38590  -2.84430  -3.37787  -3.89752  -4.42530  -4.97084  -5.52569  -6.09127  -6.66642
 167.00112    1.16250   1.11934   0.96778   0.74036   0.45741   0.13163  -0.23195  -0.61660  -1.03161  -1.46452  -1.92112  -2.40089  -2.86229  -3.39299  -3.91249  -4.44052  -4.98580  -5.54052  -6.10601  -6.68108
 167.22744    1.14723   1.10412   0.95260   0.72515   0.44226   0.11638  -0.24678  -0.63188  -1.04680  -1.47996  -1.93660  -2.41582  -2.88013  -3.40807  -3.92745  -4.45573  -5.00078  -5.55538  -6.12081  -6.69580
 167.45376    1.13218   1.08910   0.93761   0.71011   0.42727   0.10129  -0.26148  -0.64703  -1.06187  -1.49530  -1.95199  -2.43068  -2.89783  -3.42312  -3.94239  -4.47093  -5.01577  -5.57027  -6.13565  -6.71059
 167.68009    1.11732   1.07428   0.92281   0.69526   0.41244   0.08636  -0.27605  -0.66206  -1.07683  -1.51054  -1.96729  -2.44549  -2.91539  -3.43813  -3.95732  -4.48612  -5.03076  -5.58519  -6.15054  -6.72544
 167.90641    1.10268   1.05965   0.90820   0.68058   0.39778   0.07158  -0.29049  -0.67695  -1.09168  -1.52567  -1.98249  -2.46023  -2.93279  -3.45309  -3.97221  -4.50129  -5.04576  -5.60013  -6.16546  -6.74034
 168.13273    1.08823   1.04523   0.89378   0.66608   0.38328   0.05695  -0.30481  -0.69172  -1.10642  -1.54068  -1.99759  -2.47491  -2.95005  -3.46801  -3.98709  -4.51643  -5.06076  -5.61509  -6.18042  -6.75530
 168.35906    1.07399   1.03100   0.87954   0.65176   0.36895   0.04247  -0.31900  -0.70636  -1.12104  -1.55559  -2.01260  -2.48952  -2.96717  -3.48289  -4.00193  -4.53156  -5.07576  -5.63007  -6.19541  -6.77029
 168.58538    1.05994   1.01697   0.86548   0.63761   0.35477   0.02815  -0.33306  -0.72086  -1.13555  -1.57039  -2.02750  -2.50406  -2.98413  -3.49772  -4.01674  -4.54666  -5.09075  -5.64505  -6.21042  -6.78533
 168.81171    1.04610   1.00312   0.85161   0.62363   0.34076   0.01398  -0.34699  -0.73524  -1.14994  -1.58508  -2.04231  -2.51852  -3.00095  -3.51249  -4.03152  -4.56173  -5.10572  -5.66003  -6.22545  -6.80040
 169.03803    1.03245   0.98948   0.83792   0.60983   0.32691  -0.00003  -0.36079  -0.74948  -1.16421  -1.59965  -2.05702  -2.53292  -3.01761  -3.52722  -4.04625  -4.57676  -5.12069  -5.67502  -6.24050  -6.81550
 169.26435    1.01900   0.97602   0.82441   0.59621   0.31322  -0.01390  -0.37447  -0.76359  -1.17837  -1.61411  -2.07162  -2.54723  -3.03413  -3.54188  -4.06095  -4.59176  -5.13563  -5.69001  -6.25555  -6.83063
 169.49068    1.00575   0.96275   0.81109   0.58275   0.29968  -0.02761  -0.38801  -0.77757  -1.19241  -1.62846  -2.08611  -2.56147  -3.05050  -3.55649  -4.07560  -4.60672  -5.15056  -5.70499  -6.27062  -6.84577
 169.71700    0.99269   0.94967   0.79794   0.56947   0.28631  -0.04116  -0.40142  -0.79142  -1.20633  -1.64269  -2.10050  -2.57563  -3.06671  -3.57103  -4.09020  -4.62163  -5.16545  -5.71996  -6.28568  -6.86093
 169.94332    0.97982   0.93678   0.78497   0.55635   0.27310  -0.05457  -0.41471  -0.80513  -1.22013  -1.65680  -2.11479  -2.58971  -3.08277  -3.58551  -4.10475  -4.63650  -5.18032  -5.73491  -6.30075  -6.87611
 170.16965    0.96714   0.92408   0.77218   0.54341   0.26005  -0.06782  -0.42786  -0.81871  -1.23381  -1.67080  -2.12897  -2.60371  -3.09868  -3.59992  -4.11926  -4.65132  -5.19516  -5.74985  -6.31581  -6.89128
 170.39597    0.95465   0.91156   0.75957   0.53064   0.24716  -0.08092  -0.44088  -0.83216  -1.24737  -1.68468  -2.14303  -2.61762  -3.11444  -3.61427  -4.13370  -4.66609  -5.20997  -5.76476  -6.33086  -6.90646
 170.62229    0.94235   0.89922   0.74713   0.51803   0.23442  -0.09387  -0.45377  -0.84548  -1.26081  -1.69844  -2.15699  -2.63144  -3.13005  -3.62854  -4.14809  -4.68081  -5.22473  -5.77965  -6.34589  -6.92164
 170.84862    0.93024   0.88707   0.73487   0.50560   0.22185  -0.10667  -0.46653  -0.85866  -1.27412  -1.71208  -2.17084  -2.64518  -3.14550  -3.64275  -4.16242  -4.69547  -5.23945  -5.79451  -6.36091  -6.93681
 171.07494    0.91832   0.87510   0.72278   0.49333   0.20943  -0.11932  -0.47916  -0.87170  -1.28732  -1.72559  -2.18457  -2.65882  -3.16080  -3.65687  -4.17668  -4.71007  -5.25413  -5.80934  -6.37590  -6.95198
 171.30126    0.90658   0.86332   0.71087   0.48122   0.19717  -0.13181  -0.49166  -0.88461  -1.30039  -1.73899  -2.19819  -2.67238  -3.17594  -3.67092  -4.19088  -4.72460  -5.26876  -5.82413  -6.39087  -6.96712
 171.52759    0.89502   0.85171   0.69913   0.46929   0.18506  -0.14416  -0.50402  -0.89739  -1.31333  -1.75227  -2.21169  -2.68584  -3.19093  -3.68489  -4.20501  -4.73908  -5.28334  -5.83888  -6.40581  -6.98225
 171.75391    0.88365   0.84028   0.68756   0.45752   0.17311  -0.15635  -0.51625  -0.91003  -1.32615  -1.76542  -2.22508  -2.69920  -3.20576  -3.69878  -4.21907  -4.75348  -5.29786  -5.85358  -6.42071  -6.99735
 171.98023    0.87246   0.82903   0.67616   0.44591   0.16132  -0.16840  -0.52835  -0.92253  -1.33884  -1.77845  -2.23835  -2.71247  -3.22043  -3.71258  -4.23306  -4.76781  -5.31233  -5.86825  -6.43558  -7.01242
 172.20656    0.86145   0.81795   0.66493   0.43447   0.14968  -0.18029  -0.54031  -0.93490  -1.35141  -1.79135  -2.25151  -2.72565  -3.23495  -3.72630  -4.24697  -4.78207  -5.32674  -5.88286  -6.45041  -7.02747
 172.43288    0.85062   0.80705   0.65387   0.42319   0.13820  -0.19203  -0.55214  -0.94713  -1.36385  -1.80413  -2.26454  -2.73872  -3.24932  -3.73993  -4.26081  -4.79625  -5.34108  -5.89741  -6.46519  -7.04247
 172.65920    0.83997   0.79633   0.64298   0.41207   0.12687  -0.20363  -0.56384  -0.95923  -1.37616  -1.81678  -2.27746  -2.75169  -3.26352  -3.75347  -4.27456  -4.81036  -5.35536  -5.91192  -6.47993  -7.05744
 172.88553    0.82949   0.78578   0.63226   0.40112   0.11570  -0.21507  -0.57540  -0.97118  -1.38835  -1.82931  -2.29026  -2.76456  -3.27757  -3.76692  -4.28823  -4.82439  -5.36957  -5.92636  -6.49461  -7.07237
 173.11185    0.81919   0.77540   0.62170   0.39033   0.10468  -0.22636  -0.58683  -0.98301  -1.40040  -1.84171  -2.30293  -2.77732  -3.29146  -3.78027  -4.30182  -4.83833  -5.38370  -5.94074  -6.50924  -7.08725
 173.33817    0.80907   0.76519   0.61131   0.37969   0.09381  -0.23751  -0.59812  -0.99469  -1.41233  -1.85398  -2.31548  -2.78998  -3.30519  -3.79353  -4.31532  -4.85218  -5.39776  -5.95505  -6.52381  -7.10207
 173.56450    0.79912   0.75516   0.60108   0.36922   0.08310  -0.24850  -0.60928  -1.00624  -1.42413  -1.86612  -2.32791  -2.80254  -3.31877  -3.80669  -4.32873  -4.86595  -5.41175  -5.96929  -6.53831  -7.11685
 173.79082    0.78934   0.74529   0.59102   0.35891   0.07254  -0.25935  -0.62031  -1.01764  -1.43579  -1.87813  -2.34021  -2.81498  -3.33218  -3.81976  -4.34205  -4.87963  -5.42565  -5.98346  -6.55276  -7.13156
 174.01714    0.77973   0.73559   0.58112   0.34875   0.06213  -0.27005  -0.63120  -1.02891  -1.44733  -1.89002  -2.35239  -2.82732  -3.34544  -3.83272  -4.35528  -4.89322  -5.43947  -5.99756  -6.56713  -7.14621
 174.24347    0.77029   0.72606   0.57138   0.33876   0.05187  -0.28060  -0.64195  -1.04005  -1.45873  -1.90177  -2.36444  -2.83954  -3.35854  -3.84558  -4.36841  -4.90671  -5.45321  -6.01158  -6.58143  -7.16080
 174.46979    0.76103   0.71669   0.56180   0.32892   0.04177  -0.29100  -0.65257  -1.05104  -1.47001  -1.91339  -2.37637  -2.85165  -3.37147  -3.85833  -4.38144  -4.92010  -5.46686  -6.02552  -6.59566  -7.17532
 174.69611    0.75193   0.70749   0.55239   0.31924   0.03181  -0.30126  -0.66305  -1.06189  -1.48115  -1.92488  -2.38817  -2.86365  -3.38425  -3.87098  -4.39437  -4.93340  -5.48042  -6.03937  -6.60981  -7.18977
 174.92244    0.74300   0.69846   0.54313   0.30971   0.02201  -0.31136  -0.67340  -1.07261  -1.49216  -1.93623  -2.39984  -2.87554  -3.39687  -3.88351  -4.40720  -4.94659  -5.49388  -6.05314  -6.62388  -7.20414
 175.14876    0.73423   0.68959   0.53404   0.30034   0.01236  -0.32132  -0.68361  -1.08319  -1.50303  -1.94746  -2.41138  -2.88731  -3.40932  -3.89594  -4.41993  -4.95968  -5.50725  -6.06682  -6.63786  -7.21843
 175.37508    0.72563   0.68088   0.52510   0.29112   0.00285  -0.33114  -0.69369  -1.09362  -1.51377  -1.95855  -2.42278  -2.89896  -3.42162  -3.90826  -4.43255  -4.97266  -5.52052  -6.08040  -6.65176  -7.23264
 175.60141    0.71719   0.67233   0.51632   0.28206  -0.00650  -0.34080  -0.70363  -1.10392  -1.52438  -1.96950  -2.43406  -2.91049  -3.43375  -3.92046  -4.44507  -4.98554  -5.53369  -6.09389  -6.66556  -7.24676
 175.82773    0.70892   0.66394   0.50769   0.27315  -0.01571  -0.35032  -0.71343  -1.11408  -1.53486  -1.98032  -2.44521  -2.92190  -3.44572  -3.93255  -4.45747  -4.99831  -5.54676  -6.10729  -6.67928  -7.26080
 176.05405    0.70081   0.65571   0.49922   0.26440  -0.02477  -0.35970  -0.72310  -1.12410  -1.54520  -1.99101  -2.45622  -2.93319  -3.45753  -3.94452  -4.46977  -5.01096  -5.55972  -6.12058  -6.69289  -7.27474
 176.28038    0.69285   0.64765   0.49091   0.25579  -0.03368  -0.36892  -0.73263  -1.13398  -1.55540  -2.00156  -2.46711  -2.94436  -3.46918  -3.95638  -4.48195  -5.02350  -5.57258  -6.13377  -6.70641  -7.28859
 176.50670    0.68506   0.63973   0.48275   0.24734  -0.04244  -0.37800  -0.74203  -1.14372  -1.56547  -2.01197  -2.47785  -2.95541  -3.48067  -3.96811  -4.49401  -5.03593  -5.58532  -6.14685  -6.71983  -7.30234
 176.73303    0.67743   0.63198   0.47474   0.23904  -0.05106  -0.38694  -0.75128  -1.15332  -1.57540  -2.02225  -2.48847  -2.96633  -3.49199  -3.97973  -4.50596  -5.04823  -5.59796  -6.15983  -6.73314  -7.31598
 176.95935    0.66996   0.62438   0.46689   0.23089  -0.05953  -0.39573  -0.76041  -1.16278  -1.58520  -2.03239  -2.49894  -2.97713  -3.50316  -3.99122  -4.51779  -5.06042  -5.61048  -6.17270  -6.74634  -7.32953
 177.18567    0.66264   0.61694   0.45919   0.22289  -0.06785  -0.40438  -0.76939  -1.17210  -1.59486  -2.04239  -2.50929  -2.98780  -3.51416  -4.00258  -4.52950  -5.07249  -5.62288  -6.18545  -6.75944  -7.34297
 177.41200    0.65547   0.60965   0.45164   0.21504  -0.07603  -0.41288  -0.77824  -1.18127  -1.60438  -2.05226  -2.51949  -2.99835  -3.52499  -4.01382  -4.54109  -5.08443  -5.63516  -6.19809  -6.77242  -7.35629
 177.63832    0.64847   0.60251   0.44424   0.20733  -0.08406  -0.42124  -0.78695  -1.19031  -1.61376  -2.06198  -2.52956  -3.00876  -3.53567  -4.02494  -4.55255  -5.09625  -5.64733  -6.21061  -6.78528  -7.36951
 177.86464    0.64161   0.59552   0.43699   0.19978  -0.09195  -0.42945  -0.79552  -1.19921  -1.62301  -2.07157  -2.53949  -3.01905  -3.54618  -4.03593  -4.56389  -5.10794  -5.65937  -6.22301  -6.79803  -7.38260
 178.09097    0.63491   0.58869   0.42989   0.19237  -0.09969  -0.43752  -0.80396  -1.20797  -1.63212  -2.08102  -2.54928  -3.02920  -3.55652  -4.04678  -4.57510  -5.11950  -5.67129  -6.23529  -6.81066  -7.39558
 178.31729    0.62836   0.58201   0.42293   0.18511  -0.10729  -0.44544  -0.81226  -1.21658  -1.64109  -2.09032  -2.55894  -3.03922  -3.56671  -4.05751  -4.58618  -5.13093  -5.68307  -6.24744  -6.82316  -7.40844
 178.54361    0.62196   0.57547   0.41613   0.17799  -0.11474  -0.45323  -0.82042  -1.22506  -1.64992  -2.09949  -2.56845  -3.04912  -3.57673  -4.06810  -4.59714  -5.14223  -5.69474  -6.25947  -6.83554  -7.42117
 178.76994    0.61572   0.56909   0.40947   0.17102  -0.12205  -0.46087  -0.82844  -1.23339  -1.65862  -2.10852  -2.57782  -3.05887  -3.58658  -4.07856  -4.60796  -5.15340  -5.70626  -6.27136  -6.84779  -7.43378
 178.99626    0.60962   0.56285   0.40295   0.16419  -0.12922  -0.46836  -0.83633  -1.24158  -1.66717  -2.11740  -2.58705  -3.06849  -3.59628  -4.08889  -4.61864  -5.16443  -5.71766  -6.28313  -6.85991  -7.44626
 179.22258    0.60367   0.55676   0.39658   0.15751  -0.13625  -0.47572  -0.84408  -1.24963  -1.67558  -2.12615  -2.59615  -3.07798  -3.60580  -4.09907  -4.62920  -5.17532  -5.72892  -6.29476  -6.87190  -7.45860
 179.44891    0.59786   0.55081   0.39036   0.15097  -0.14313  -0.48293  -0.85169  -1.25755  -1.68386  -2.13475  -2.60509  -3.08733  -3.61517  -4.10912  -4.63961  -5.18608  -5.74005  -6.30626  -6.88375  -7.47081
 179.67523    0.59220   0.54501   0.38428   0.14458  -0.14987  -0.49000  -0.85916  -1.26532  -1.69199  -2.14321  -2.61390  -3.09655  -3.62437  -4.11904  -4.64989  -5.19669  -5.75104  -6.31762  -6.89546  -7.48289
 179.90155    0.58669   0.53936   0.37834   0.13832  -0.15647  -0.49693  -0.86650  -1.27294  -1.69999  -2.15153  -2.62257  -3.10562  -3.63340  -4.12881  -4.66003  -5.20716  -5.76188  -6.32884  -6.90704  -7.49482
 180.12788    0.58132   0.53385   0.37254   0.13221  -0.16293  -0.50371  -0.87370  -1.28043  -1.70784  -2.15970  -2.63109  -3.11456  -3.64228  -4.13844  -4.67003  -5.21749  -5.77259  -6.33992  -6.91847  -7.50661
 180.35420    0.57610   0.52848   0.36689   0.12624  -0.16925  -0.51036  -0.88076  -1.28778  -1.71556  -2.16773  -2.63946  -3.12336  -3.65098  -4.14793  -4.67989  -5.22768  -5.78315  -6.35085  -6.92976  -7.51826
 180.58052    0.57102   0.52325   0.36138   0.12041  -0.17543  -0.51687  -0.88769  -1.29498  -1.72313  -2.17562  -2.64769  -3.13201  -3.65952  -4.15727  -4.68960  -5.23771  -5.79357  -6.36164  -6.94090  -7.52976
 180.80685    0.56608   0.51816   0.35600   0.11472  -0.18148  -0.52323  -0.89447  -1.30205  -1.73056  -2.18337  -2.65578  -3.14053  -3.66790  -4.16647  -4.69917  -5.24760  -5.80384  -6.37228  -6.95190  -7.54111
 181.03317    0.56128   0.51321   0.35077   0.10917  -0.18738  -0.52946  -0.90112  -1.30897  -1.73785  -2.19097  -2.66372  -3.14890  -3.67612  -4.17553  -4.70859  -5.25735  -5.81396  -6.38277  -6.96274  -7.55231
 181.25949    0.55662   0.50841   0.34567   0.10376  -0.19314  -0.53554  -0.90764  -1.31575  -1.74500  -2.19842  -2.67152  -3.15713  -3.68416  -4.18444  -4.71787  -5.26693  -5.82393  -6.39311  -6.97343  -7.56335
 181.48582    0.55209   0.50374   0.34071   0.09849  -0.19877  -0.54149  -0.91401  -1.32239  -1.75201  -2.20573  -2.67917  -3.16521  -3.69205  -4.19320  -4.72699  -5.27637  -5.83374  -6.40330  -6.98397  -7.57424
 181.71214    0.54771   0.49920   0.33589   0.09335  -0.20425  -0.54730  -0.92025  -1.32889  -1.75887  -2.21290  -2.68667  -3.17316  -3.69977  -4.20181  -4.73597  -5.28566  -5.84341  -6.41333  -6.99435  -7.58497
 181.93846    0.54347   0.49481   0.33121   0.08835  -0.20960  -0.55296  -0.92635  -1.33524  -1.76559  -2.21992  -2.69403  -3.18095  -3.70732  -4.21027  -4.74480  -5.29479  -5.85291  -6.42320  -7.00457  -7.59554
 182.16479    0.53936   0.49055   0.32666   0.08349  -0.21482  -0.55849  -0.93231  -1.34146  -1.77217  -2.22680  -2.70124  -3.18860  -3.71471  -4.21858  -4.75347  -5.30376  -5.86227  -6.43292  -7.01463  -7.60595
 182.39111    0.53538   0.48642   0.32225   0.07876  -0.21989  -0.56389  -0.93814  -1.34753  -1.77861  -2.23353  -2.70830  -3.19610  -3.72193  -4.22674  -4.76199  -5.31258  -5.87146  -6.44248  -7.02453  -7.61619
 182.61743    0.53154   0.48243   0.31797   0.07417  -0.22483  -0.56914  -0.94382  -1.35347  -1.78491  -2.24012  -2.71521  -3.20346  -3.72899  -4.23475  -4.77036  -5.32123  -5.88049  -6.45187  -7.03426  -7.62627
 182.84376    0.52784   0.47858   0.31382   0.06972  -0.22964  -0.57425  -0.94937  -1.35926  -1.79106  -2.24655  -2.72198  -3.21067  -3.73589  -4.24260  -4.77857  -5.32973  -5.88936  -6.46110  -7.04383  -7.63618
 183.07008    0.52427   0.47485   0.30981   0.06540  -0.23431  -0.57923  -0.95479  -1.36491  -1.79707  -2.25285  -2.72859  -3.21773  -3.74262  -4.25030  -4.78662  -5.33807  -5.89807  -6.47016  -7.05323  -7.64591
 183.29640    0.52082   0.47126   0.30593   0.06121  -0.23884  -0.58407  -0.96006  -1.37042  -1.80293  -2.25899  -2.73506  -3.22464  -3.74918  -4.25784  -4.79451  -5.34624  -5.90661  -6.47906  -7.06245  -7.65548
 183.52273    0.51752   0.46780   0.30218   0.05715  -0.24324  -0.58878  -0.96520  -1.37579  -1.80865  -2.26499  -2.74138  -3.23140  -3.75558  -4.26522  -4.80225  -5.35425  -5.91499  -6.48779  -7.07151  -7.66486
 183.74905    0.51434   0.46447   0.29856   0.05323  -0.24751  -0.59335  -0.97020  -1.38101  -1.81423  -2.27084  -2.74754  -3.23801  -3.76181  -4.27245  -4.80982  -5.36210  -5.92320  -6.49635  -7.08039  -7.67407
 183.97538    0.51129   0.46127   0.29508   0.04944  -0.25164  -0.59778  -0.97507  -1.38610  -1.81967  -2.27655  -2.75356  -3.24446  -3.76788  -4.27952  -4.81723  -5.36978  -5.93125  -6.50474  -7.08910  -7.68311
 184.20170    0.50837   0.45820   0.29172   0.04578  -0.25564  -0.60208  -0.97979  -1.39105  -1.82496  -2.28211  -2.75943  -3.25077  -3.77379  -4.28643  -4.82448  -5.37729  -5.93912  -6.51295  -7.09763  -7.69196
 184.42802    0.50558   0.45525   0.28849   0.04225  -0.25951  -0.60624  -0.98439  -1.39585  -1.83011  -2.28752  -2.76514  -3.25692  -3.77953  -4.29318  -4.83157  -5.38463  -5.94682  -6.52099  -7.10599  -7.70063
 184.65435    0.50291   0.45244   0.28539   0.03885  -0.26324  -0.61026  -0.98884  -1.40051  -1.83512  -2.29278  -2.77070  -3.26292  -3.78510  -4.29977  -4.83849  -5.39181  -5.95435  -6.52885  -7.11416  -7.70911
 184.88067    0.50037   0.44975   0.28242   0.03558  -0.26685  -0.61415  -0.99316  -1.40504  -1.83998  -2.29789  -2.77612  -3.26877  -3.79051  -4.30619  -4.84525  -5.39881  -5.96170  -6.53653  -7.12215  -7.71741
 185.10699    0.49796   0.44718   0.27958   0.03244  -0.27032  -0.61791  -0.99734  -1.40942  -1.84469  -2.30286  -2.78138  -3.27446  -3.79576  -4.31246  -4.85184  -5.40565  -5.96888  -6.54404  -7.12995  -7.72552
 185.33332    0.49567   0.44474   0.27686   0.02943  -0.27366  -0.62153  -1.00138  -1.41366  -1.84927  -2.30768  -2.78648  -3.28000  -3.80084  -4.31856  -4.85827  -5.41231  -5.97589  -6.55136  -7.13758  -7.73344
 185.55964    0.49351   0.44243   0.27427   0.02655  -0.27687  -0.62502  -1.00529  -1.41776  -1.85370  -2.31235  -2.79144  -3.28538  -3.80576  -4.32450  -4.86452  -5.41880  -5.98271  -6.55851  -7.14501  -7.74117
 185.78596    0.49147   0.44024   0.27180   0.02380  -0.27995  -0.62838  -1.00906  -1.42172  -1.85798  -2.31687  -2.79624  -3.29061  -3.81051  -4.33027  -4.87061  -5.42511  -5.98936  -6.56546  -7.15226  -7.74871
 186.01229    0.48955   0.43817   0.26946   0.02117  -0.28290  -0.63160  -1.01270  -1.42554  -1.86212  -2.32125  -2.80089  -3.29568  -3.81509  -4.33587  -4.87652  -5.43125  -5.99583  -6.57224  -7.15932  -7.75605
 186.23861    0.48775   0.43623   0.26724   0.01867  -0.28572  -0.63469  -1.01619  -1.42922  -1.86612  -2.32547  -2.80539  -3.30059  -3.81952  -4.34131  -4.88227  -5.43721  -6.00212  -6.57883  -7.16618  -7.76320
 186.46493    0.48608   0.43440   0.26514   0.01629  -0.28841  -0.63764  -1.01956  -1.43276  -1.86997  -2.32955  -2.80973  -3.30535  -3.82378  -4.34659  -4.88784  -5.44299  -6.00822  -6.58523  -7.17286  -7.77015
 186.69126    0.48452   0.43270   0.26317   0.01404  -0.29097  -0.64047  -1.02278  -1.43616  -1.87367  -2.33347  -2.81392  -3.30994  -3.82787  -4.35169  -4.89324  -5.44860  -6.01414  -6.59144  -7.17933  -7.77689
 186.91758    0.48309   0.43112   0.26132   0.01191  -0.29341  -0.64316  -1.02587  -1.43942  -1.87724  -2.33725  -2.81796  -3.31438  -3.83180  -4.35663  -4.89847  -5.45402  -6.01988  -6.59746  -7.18562  -7.78344
 187.14390    0.48177   0.42965   0.25959   0.00991  -0.29571  -0.64572  -1.02883  -1.44254  -1.88066  -2.34088  -2.82184  -3.31867  -3.83557  -4.36140  -4.90352  -5.45927  -6.02543  -6.60330  -7.19171  -7.78979
 187.37023    0.48057   0.42831   0.25799   0.00804  -0.29789  -0.64815  -1.03165  -1.44552  -1.88393  -2.34436  -2.82557  -3.32279  -3.83917  -4.36599  -4.90840  -5.46434  -6.03080  -6.60893  -7.19760  -7.79593
 187.59655    0.47949   0.42708   0.25650   0.00628  -0.29994  -0.65045  -1.03433  -1.44836  -1.88706  -2.34769  -2.82914  -3.32675  -3.84261  -4.37042  -4.91310  -5.46922  -6.03597  -6.61438  -7.20329  -7.80187
 187.82287    0.47853   0.42597   0.25513   0.00465  -0.30187  -0.65261  -1.03688  -1.45106  -1.89004  -2.35087  -2.83256  -3.33055  -3.84588  -4.37468  -4.91762  -5.47392  -6.04096  -6.61963  -7.20878  -7.80760
 188.04920    0.47768   0.42498   0.25388   0.00314  -0.30367  -0.65465  -1.03930  -1.45362  -1.89288  -2.35391  -2.83583  -3.33420  -3.84899  -4.37876  -4.92197  -5.47844  -6.04576  -6.62469  -7.21406  -7.81312
 188.27552    0.47694   0.42410   0.25275   0.00175  -0.30534  -0.65656  -1.04157  -1.45605  -1.89558  -2.35679  -2.83894  -3.33768  -3.85194  -4.38267  -4.92614  -5.48277  -6.05037  -6.62955  -7.21915  -7.81843
 188.50184    0.47632   0.42334   0.25174   0.00049  -0.30689  -0.65834  -1.04372  -1.45833  -1.89813  -2.35952  -2.84189  -3.34100  -3.85472  -4.38641  -4.93013  -5.48692  -6.05479  -6.63421  -7.22403  -7.82353
 188.72817    0.47582   0.42269   0.25084  -0.00066  -0.30832  -0.65999  -1.04573  -1.46047  -1.90053  -2.36211  -2.84469  -3.34416  -3.85734  -4.38998  -4.93394  -5.49088  -6.05901  -6.63867  -7.22870  -7.82842
 188.95449    0.47542   0.42216   0.25007  -0.00168  -0.30962  -0.66151  -1.04760  -1.46248  -1.90280  -2.36454  -2.84733  -3.34715  -3.85980  -4.39337  -4.93757  -5.49466  -6.06305  -6.64293  -7.23317  -7.83309
 189.18081    0.47514   0.42174   0.24940  -0.00259  -0.31079  -0.66290  -1.04934  -1.46434  -1.90491  -2.36682  -2.84982  -3.34999  -3.86209  -4.39659  -4.94101  -5.49825  -6.06688  -6.64699  -7.23743  -7.83755
 189.40714    0.47497   0.42144   0.24886  -0.00337  -0.31184  -0.66416  -1.05094  -1.46607  -1.90688  -2.36896  -2.85215  -3.35266  -3.86422  -4.39963  -4.94428  -5.50165  -6.07053  -6.65085  -7.24148  -7.84179
 189.63346    0.47492   0.42124   0.24842  -0.00404  -0.31277  -0.66529  -1.05241  -1.46766  -1.90871  -2.37094  -2.85433  -3.35517  -3.86619  -4.40250  -4.94736  -5.50486  -6.07397  -6.65450  -7.24532  -7.84582
 189.85978    0.47497   0.42116   0.24811  -0.00459  -0.31358  -0.66630  -1.05375  -1.46911  -1.91040  -2.37278  -2.85635  -3.35752  -3.86800  -4.40519  -4.95027  -5.50788  -6.07722  -6.65795  -7.24895  -7.84963
 190.08611    0.47513   0.42118   0.24790  -0.00502  -0.31426  -0.66718  -1.05495  -1.47042  -1.91193  -2.37447  -2.85822  -3.35970  -3.86964  -4.40770  -4.95298  -5.51071  -6.08028  -6.66120  -7.25236  -7.85321
 190.31243    0.47540   0.42132   0.24781  -0.00534  -0.31482  -0.66793  -1.05602  -1.47160  -1.91333  -2.37600  -2.85993  -3.36172  -3.87112  -4.41004  -4.95552  -5.51335  -6.08313  -6.66424  -7.25556  -7.85658
 190.53875    0.47578   0.42157   0.24783  -0.00553  -0.31526  -0.66856  -1.05696  -1.47263  -1.91458  -2.37739  -2.86148  -3.36357  -3.87244  -4.41220  -4.95786  -5.51580  -6.08578  -6.66707  -7.25855  -7.85972
 190.76508    0.47626   0.42192   0.24797  -0.00562  -0.31558  -0.66906  -1.05776  -1.47353  -1.91568  -2.37862  -2.86287  -3.36526  -3.87360  -4.41418  -4.96003  -5.51806  -6.08824  -6.66969  -7.26132  -7.86264
 190.99140    0.47685   0.42239   0.24821  -0.00558  -0.31578  -0.66943  -1.05843  -1.47429  -1.91665  -2.37971  -2.86411  -3.36679  -3.87459  -4.41599  -4.96200  -5.52012  -6.09049  -6.67211  -7.26388  -7.86534
 191.21772    0.47755   0.42296   0.24857  -0.00543  -0.31585  -0.66968  -1.05896  -1.47492  -1.91746  -2.38065  -2.86520  -3.36815  -3.87543  -4.41761  -4.96379  -5.52199  -6.09254  -6.67431  -7.26621  -7.86780
 191.44405    0.47836   0.42363   0.24904  -0.00517  -0.31581  -0.66980  -1.05936  -1.47541  -1.91814  -2.38143  -2.86612  -3.36934  -3.87610  -4.41905  -4.96540  -5.52367  -6.09439  -6.67631  -7.26833  -7.87005
 191.67037    0.47926   0.42442   0.24962  -0.00479  -0.31565  -0.66980  -1.05963  -1.47575  -1.91866  -2.38207  -2.86689  -3.37037  -3.87661  -4.42032  -4.96681  -5.52515  -6.09604  -6.67809  -7.27023  -7.87206
 191.89670    0.48028   0.42531   0.25030  -0.00430  -0.31537  -0.66967  -1.05977  -1.47597  -1.91905  -2.38256  -2.86751  -3.37124  -3.87696  -4.42141  -4.96804  -5.52643  -6.09748  -6.67966  -7.27191  -7.87385
 192.12302    0.48139   0.42630   0.25110  -0.00369  -0.31497  -0.66942  -1.05977  -1.47604  -1.91929  -2.38290  -2.86796  -3.37193  -3.87714  -4.42231  -4.96908  -5.52753  -6.09872  -6.68102  -7.27337  -7.87540
 192.34934    0.48261   0.42740   0.25200  -0.00298  -0.31445  -0.66904  -1.05965  -1.47598  -1.91938  -2.38308  -2.86826  -3.37247  -3.87717  -4.42303  -4.96992  -5.52842  -6.09975  -6.68216  -7.27460  -7.87673
 192.57567    0.48393   0.42860   0.25301  -0.00215  -0.31381  -0.66854  -1.05939  -1.47578  -1.91934  -2.38312  -2.86841  -3.37283  -3.87704  -4.42358  -4.97058  -5.52912  -6.10058  -6.68309  -7.27561  -7.87782
 192.80199    0.48536   0.42991   0.25413  -0.00120  -0.31306  -0.66792  -1.05899  -1.47545  -1.91915  -2.38301  -2.86839  -3.37303  -3.87674  -4.42394  -4.97105  -5.52962  -6.10120  -6.68380  -7.27640  -7.87868
 193.02831    0.48688   0.43132   0.25535  -0.00015  -0.31218  -0.66718  -1.05847  -1.47498  -1.91881  -2.38275  -2.86822  -3.37306  -3.87629  -4.42411  -4.97133  -5.52992  -6.10161  -6.68430  -7.27696  -7.87931
 193.25464    0.48850   0.43283   0.25668   0.00101  -0.31119  -0.66631  -1.05781  -1.47438  -1.91833  -2.38234  -2.86789  -3.37292  -3.87567  -4.42411  -4.97142  -5.53002  -6.10182  -6.68458  -7.27730  -7.87970
 193.48096    0.49023   0.43444   0.25812   0.00229  -0.31009  -0.66532  -1.05703  -1.47364  -1.91771  -2.38178  -2.86741  -3.37262  -3.87490  -4.42392  -4.97131  -5.52993  -6.10181  -6.68464  -7.27741  -7.87985
 193.70728    0.49205   0.43615   0.25966   0.00367  -0.30887  -0.66420  -1.05611  -1.47276  -1.91694  -2.38107  -2.86677  -3.37215  -3.87396  -4.42355  -4.97102  -5.52963  -6.10160  -6.68449  -7.27729  -7.87977
 193.93361    0.49397   0.43797   0.26131   0.00516  -0.30753  -0.66297  -1.05506  -1.47175  -1.91604  -2.38021  -2.86597  -3.37151  -3.87287  -4.42300  -4.97053  -5.52914  -6.10118  -6.68411  -7.27695  -7.87946
 194.15993    0.49599   0.43988   0.26306   0.00677  -0.30608  -0.66161  -1.05388  -1.47060  -1.91498  -2.37921  -2.86501  -3.37071  -3.87161  -4.42227  -4.96985  -5.52844  -6.10055  -6.68352  -7.27637  -7.87890
 194.38625    0.49811   0.44189   0.26491   0.00848  -0.30451  -0.66014  -1.05257  -1.46932  -1.91379  -2.37805  -2.86390  -3.36973  -3.87020  -4.42134  -4.96897  -5.52755  -6.09971  -6.68270  -7.27557  -7.87810
 194.61258    0.50032   0.44400   0.26687   0.01030  -0.30283  -0.65854  -1.05113  -1.46790  -1.91245  -2.37674  -2.86263  -3.36859  -3.86863  -4.42024  -4.96790  -5.52645  -6.09865  -6.68167  -7.27453  -7.87707
 194.83890    0.50263   0.44621   0.26892   0.01222  -0.30103  -0.65682  -1.04956  -1.46635  -1.91097  -2.37529  -2.86120  -3.36728  -3.86690  -4.41895  -4.96664  -5.52515  -6.09739  -6.68041  -7.27327  -7.87579
 195.06522    0.50503   0.44851   0.27108   0.01426  -0.29912  -0.65498  -1.04786  -1.46467  -1.90934  -2.37369  -2.85962  -3.36580  -3.86501  -4.41748  -4.96518  -5.52365  -6.09591  -6.67893  -7.27177  -7.87427
 195.29155    0.50753   0.45092   0.27335   0.01640  -0.29710  -0.65303  -1.04603  -1.46285  -1.90758  -2.37193  -2.85788  -3.36415  -3.86296  -4.41582  -4.96353  -5.52195  -6.09422  -6.67723  -7.27004  -7.87251
 195.51787    0.51013   0.45341   0.27571   0.01865  -0.29496  -0.65095  -1.04407  -1.46089  -1.90567  -2.37003  -2.85598  -3.36233  -3.86076  -4.41397  -4.96168  -5.52004  -6.09232  -6.67530  -7.26808  -7.87051
 195.74419    0.51281   0.45601   0.27817   0.02100  -0.29271  -0.64876  -1.04198  -1.45881  -1.90362  -2.36798  -2.85393  -3.36035  -3.85840  -4.41194  -4.95964  -5.51793  -6.09020  -6.67315  -7.26588  -7.86826
 195.97052    0.51559   0.45870   0.28073   0.02346  -0.29035  -0.64644  -1.03976  -1.45659  -1.90142  -2.36578  -2.85172  -3.35820  -3.85588  -4.40973  -4.95740  -5.51562  -6.08787  -6.67078  -7.26345  -7.86577
 196.19684    0.51847   0.46148   0.28339   0.02602  -0.28788  -0.64401  -1.03741  -1.45423  -1.89908  -2.36344  -2.84935  -3.35587  -3.85320  -4.40732  -4.95497  -5.51310  -6.08532  -6.66818  -7.26078  -7.86303
 196.42316    0.52143   0.46436   0.28616   0.02868  -0.28530  -0.64146  -1.03494  -1.45174  -1.89661  -2.36094  -2.84682  -3.35338  -3.85036  -4.40474  -4.95234  -5.51038  -6.08256  -6.66535  -7.25788  -7.86005
 196.64949    0.52449   0.46733   0.28901   0.03146  -0.28260  -0.63879  -1.03233  -1.44912  -1.89399  -2.35830  -2.84414  -3.35072  -3.84737  -4.40196  -4.94951  -5.50746  -6.07958  -6.66230  -7.25474  -7.85682
 196.87581    0.52763   0.47039   0.29197   0.03433  -0.27980  -0.63600  -1.02960  -1.44637  -1.89122  -2.35550  -2.84130  -3.34789  -3.84422  -4.39900  -4.94649  -5.50433  -6.07639  -6.65902  -7.25137  -7.85334
 197.10213    0.53087   0.47355   0.29503   0.03731  -0.27688  -0.63310  -1.02674  -1.44349  -1.88832  -2.35256  -2.83831  -3.34489  -3.84092  -4.39585  -4.94327  -5.50099  -6.07298  -6.65552  -7.24775  -7.84962
 197.32846    0.53420   0.47680   0.29818   0.04039  -0.27385  -0.63008  -1.02375  -1.44047  -1.88527  -2.34947  -2.83515  -3.34172  -3.83746  -4.39252  -4.93985  -5.49745  -6.06935  -6.65179  -7.24390  -7.84564
 197.55478    0.53761   0.48014   0.30142   0.04357  -0.27072  -0.62695  -1.02063  -1.43732  -1.88209  -2.34624  -2.83185  -3.33838  -3.83384  -4.38899  -4.93624  -5.49370  -6.06551  -6.64783  -7.23981  -7.84142
 197.78110    0.54112   0.48357   0.30477   0.04685  -0.26747  -0.62370  -1.01739  -1.43404  -1.87876  -2.34285  -2.82838  -3.33487  -3.83007  -4.38528  -4.93242  -5.48975  -6.06145  -6.64364  -7.23548  -7.83695
 198.00743    0.54471   0.48709   0.30821   0.05024  -0.26412  -0.62033  -1.01402  -1.43063  -1.87529  -2.33932  -2.82476  -3.33119  -3.82614  -4.38139  -4.92841  -5.48559  -6.05717  -6.63922  -7.23092  -7.83223
 198.23375    0.54839   0.49070   0.31174   0.05372  -0.26066  -0.61685  -1.01052  -1.42709  -1.87168  -2.33564  -2.82098  -3.32734  -3.82205  -4.37730  -4.92420  -5.48123  -6.05267  -6.63457  -7.22611  -7.82725
 198.46007    0.55216   0.49440   0.31537   0.05731  -0.25709  -0.61325  -1.00689  -1.42341  -1.86793  -2.33182  -2.81705  -3.32333  -3.81782  -4.37303  -4.91979  -5.47665  -6.04796  -6.62969  -7.22106  -7.82203
 198.68640    0.55601   0.49819   0.31909   0.06100  -0.25341  -0.60954  -1.00314  -1.41961  -1.86404  -2.32785  -2.81296  -3.31914  -3.81342  -4.36857  -4.91518  -5.47188  -6.04302  -6.62458  -7.21577  -7.81655
 198.91272    0.55995   0.50207   0.32291   0.06478  -0.24963  -0.60571  -0.99926  -1.41567  -1.86001  -2.32373  -2.80871  -3.31478  -3.80888  -4.36392  -4.91038  -5.46689  -6.03787  -6.61925  -7.21024  -7.81082
 199.13905    0.56398   0.50603   0.32682   0.06867  -0.24573  -0.60177  -0.99526  -1.41160  -1.85584  -2.31946  -2.80431  -3.31025  -3.80417  -4.35908  -4.90537  -5.46169  -6.03250  -6.61368  -7.20447  -7.80484
 199.36537    0.56809   0.51008   0.33082   0.07265  -0.24173  -0.59772  -0.99113  -1.40741  -1.85152  -2.31504  -2.79975  -3.30556  -3.79932  -4.35405  -4.90017  -5.45629  -6.02690  -6.60788  -7.19845  -7.79860
 199.59169    0.57228   0.51422   0.33491   0.07673  -0.23763  -0.59355  -0.98688  -1.40308  -1.84707  -2.31048  -2.79504  -3.30069  -3.79431  -4.34884  -4.89476  -5.45068  -6.02109  -6.60184  -7.19219  -7.79211
 199.81802    0.57656   0.51845   0.33910   0.08091  -0.23342  -0.58927  -0.98250  -1.39863  -1.84248  -2.30578  -2.79017  -3.29565  -3.78914  -4.34344  -4.88916  -5.44486  -6.01506  -6.59558  -7.18569  -7.78537
 200.04434    0.58092   0.52276   0.34337   0.08519  -0.22910  -0.58488  -0.97799  -1.39404  -1.83775  -2.30092  -2.78514  -3.29045  -3.78383  -4.33785  -4.88335  -5.43884  -6.00880  -6.58908  -7.17895  -7.77837
 200.27066    0.58536   0.52715   0.34774   0.08957  -0.22468  -0.58037  -0.97336  -1.38933  -1.83288  -2.29592  -2.77996  -3.28507  -3.77836  -4.33207  -4.87735  -5.43260  -6.00233  -6.58235  -7.17196  -7.77111
 200.49699    0.58989   0.53163   0.35220   0.09404  -0.22016  -0.57575  -0.96861  -1.38448  -1.82787  -2.29078  -2.77462  -3.27952  -3.77274  -4.32610  -4.87114  -5.42616  -5.99563  -6.57539  -7.16472  -7.76360
 200.72331    0.59449   0.53620   0.35675   0.09860  -0.21553  -0.57102  -0.96373  -1.37951  -1.82272  -2.28549  -2.76913  -3.27381  -3.76696  -4.31994  -4.86474  -5.41950  -5.98871  -6.56819  -7.15725  -7.75583
 200.94963    0.59918   0.54085   0.36138   0.10327  -0.21079  -0.56618  -0.95872  -1.37441  -1.81743  -2.28005  -2.76349  -3.26792  -3.76104  -4.31359  -4.85813  -5.41264  -5.98157  -6.56076  -7.14952  -7.74781
 201.17596    0.60395   0.54558   0.36611   0.10803  -0.20596  -0.56123  -0.95360  -1.36918  -1.81201  -2.27447  -2.75768  -3.26186  -3.75496  -4.30706  -4.85133  -5.40557  -5.97421  -6.55310  -7.14156  -7.73953
 201.40228    0.60880   0.55039   0.37092   0.11288  -0.20102  -0.55617  -0.94835  -1.36382  -1.80644  -2.26874  -2.75173  -3.25564  -3.74873  -4.30033  -4.84432  -5.39829  -5.96663  -6.54520  -7.13334  -7.73099
 201.62860    0.61373   0.55529   0.37583   0.11783  -0.19597  -0.55100  -0.94297  -1.35834  -1.80074  -2.26287  -2.74562  -3.24924  -3.74235  -4.29342  -4.83711  -5.39080  -5.95882  -6.53707  -7.12488  -7.72220
 201.85493    0.61874   0.56027   0.38082   0.12287  -0.19083  -0.54572  -0.93747  -1.35273  -1.79490  -2.25685  -2.73935  -3.24268  -3.73582  -4.28632  -4.82970  -5.38310  -5.95080  -6.52870  -7.11618  -7.71314
 202.08125    0.62383   0.56533   0.38589   0.12801  -0.18558  -0.54033  -0.93185  -1.34699  -1.78892  -2.25069  -2.73293  -3.23594  -3.72913  -4.27902  -4.82209  -5.37519  -5.94255  -6.52010  -7.10722  -7.70383
 202.30757    0.62899   0.57047   0.39106   0.13323  -0.18023  -0.53482  -0.92611  -1.34112  -1.78281  -2.24438  -2.72636  -3.22904  -3.72230  -4.27154  -4.81428  -5.36708  -5.93407  -6.51127  -7.09802  -7.69426
 202.53390    0.63424   0.57569   0.39631   0.13856  -0.17478  -0.52921  -0.92025  -1.33513  -1.77655  -2.23793  -2.71963  -3.22196  -3.71532  -4.26387  -4.80627  -5.35875  -5.92538  -6.50219  -7.08858  -7.68443
 202.76022    0.63956   0.58099   0.40164   0.14397  -0.16923  -0.52350  -0.91426  -1.32901  -1.77016  -2.23133  -2.71274  -3.21472  -3.70818  -4.25601  -4.79806  -5.35021  -5.91646  -6.49289  -7.07888  -7.67434
 202.98654    0.64495   0.58637   0.40707   0.14948  -0.16357  -0.51767  -0.90815  -1.32276  -1.76363  -2.22459  -2.70571  -3.20731  -3.70090  -4.24796  -4.78964  -5.34146  -5.90731  -6.48334  -7.06894  -7.66399
 203.21287    0.65043   0.59183   0.41257   0.15508  -0.15782  -0.51173  -0.90192  -1.31639  -1.75697  -2.21771  -2.69852  -3.19972  -3.69347  -4.23972  -4.78103  -5.33250  -5.89795  -6.47356  -7.05875  -7.65338
 203.43919    0.65598   0.59737   0.41816   0.16077  -0.15197  -0.50569  -0.89556  -1.30989  -1.75017  -2.21068  -2.69117  -3.19197  -3.68589  -4.23130  -4.77221  -5.32333  -5.88836  -6.46355  -7.04831  -7.64251
 203.66551    0.66160   0.60299   0.42384   0.16655  -0.14601  -0.49954  -0.88909  -1.30327  -1.74323  -2.20351  -2.68368  -3.18405  -3.67816  -4.22268  -4.76319  -5.31395  -5.87854  -6.45330  -7.03763  -7.63138
 203.89184    0.66730   0.60868   0.42960   0.17242  -0.13996  -0.49328  -0.88250  -1.29652  -1.73616  -2.19620  -2.67602  -3.17596  -3.67028  -4.21387  -4.75397  -5.30436  -5.86851  -6.44281  -7.02669  -7.61999
 204.11816    0.67307   0.61445   0.43544   0.17838  -0.13381  -0.48692  -0.87578  -1.28965  -1.72895  -2.18874  -2.66822  -3.16770  -3.66225  -4.20488  -4.74455  -5.29456  -5.85825  -6.43208  -7.01551  -7.60833
 204.34448    0.67892   0.62030   0.44137   0.18443  -0.12756  -0.48045  -0.86895  -1.28265  -1.72160  -2.18114  -2.66026  -3.15927  -3.65408  -4.19569  -4.73493  -5.28455  -5.84776  -6.42112  -7.00407  -7.59642
 204.57081    0.68484   0.62622   0.44738   0.19057  -0.12121  -0.47387  -0.86199  -1.27553  -1.71412  -2.17340  -2.65215  -3.15067  -3.64576  -4.18632  -4.72510  -5.27433  -5.83705  -6.40992  -6.99239  -7.58424
 204.79713    0.69084   0.63222   0.45347   0.19680  -0.11477  -0.46719  -0.85492  -1.26829  -1.70650  -2.16551  -2.64389  -3.14191  -3.63729  -4.17676  -4.71508  -5.26390  -5.82612  -6.39848  -6.98046  -7.57181
 205.02345    0.69691   0.63830   0.45964   0.20312  -0.10822  -0.46040  -0.84772  -1.26092  -1.69875  -2.15748  -2.63548  -3.13297  -3.62867  -4.16700  -4.70485  -5.25326  -5.81496  -6.38681  -6.96828  -7.55911
 205.24978    0.70305   0.64445   0.46589   0.20952  -0.10158  -0.45351  -0.84041  -1.25342  -1.69086  -2.14932  -2.62691  -3.12387  -3.61991  -4.15706  -4.69442  -5.24241  -5.80358  -6.37490  -6.95585  -7.54615
 205.47610    0.70926   0.65068   0.47223   0.21602  -0.09485  -0.44651  -0.83297  -1.24581  -1.68284  -2.14100  -2.61819  -3.11460  -3.61100  -4.14693  -4.68379  -5.23134  -5.79197  -6.36275  -6.94317  -7.53292
 205.70242    0.71554   0.65697   0.47864   0.22260  -0.08801  -0.43941  -0.82542  -1.23807  -1.67469  -2.13255  -2.60932  -3.10516  -3.60194  -4.13661  -4.67295  -5.22007  -5.78014  -6.35037  -6.93024  -7.51943
 205.92875    0.72189   0.66335   0.48513   0.22927  -0.08108  -0.43221  -0.81775  -1.23020  -1.66640  -2.12396  -2.60030  -3.09555  -3.59274  -4.12611  -4.66192  -5.20859  -5.76809  -6.33774  -6.91706  -7.50569
 206.15507    0.72832   0.66979   0.49171   0.23602  -0.07406  -0.42490  -0.80996  -1.22222  -1.65797  -2.11522  -2.59113  -3.08577  -3.58340  -4.11541  -4.65069  -5.19689  -5.75581  -6.32488  -6.90363  -7.49167
 206.38139    0.73481   0.67631   0.49836   0.24286  -0.06693  -0.41748  -0.80205  -1.21411  -1.64942  -2.10634  -2.58180  -3.07582  -3.57390  -4.10452  -4.63925  -5.18499  -5.74330  -6.31178  -6.88995  -7.47740
 206.60772    0.74137   0.68291   0.50510   0.24979  -0.05972  -0.40997  -0.79403  -1.20588  -1.64072  -2.09733  -2.57232  -3.06571  -3.56427  -4.09345  -4.62761  -5.17287  -5.73058  -6.29845  -6.87602  -7.46286
 206.83404    0.74801   0.68957   0.51191   0.25681  -0.05241  -0.40235  -0.78589  -1.19753  -1.63190  -2.08817  -2.56270  -3.05543  -3.55449  -4.08219  -4.61577  -5.16054  -5.71762  -6.28487  -6.86184  -7.44806
 207.06037    0.75471   0.69630   0.51880   0.26390  -0.04500  -0.39463  -0.77763  -1.18905  -1.62294  -2.07887  -2.55292  -3.04498  -3.54456  -4.07073  -4.60373  -5.14801  -5.70444  -6.27106  -6.84741  -7.43299
 207.28669    0.76148   0.70311   0.52576   0.27109  -0.03750  -0.38680  -0.76925  -1.18046  -1.61385  -2.06943  -2.54299  -3.03437  -3.53449  -4.05909  -4.59149  -5.13526  -5.69104  -6.25701  -6.83273  -7.41767
 207.51301    0.76831   0.70999   0.53281   0.27835  -0.02991  -0.37888  -0.76076  -1.17175  -1.60463  -2.05986  -2.53291  -3.02358  -3.52428  -4.04727  -4.57904  -5.12230  -5.67742  -6.24272  -6.81779  -7.40208
 207.73934    0.77522   0.71694   0.53993   0.28571  -0.02222  -0.37085  -0.75215  -1.16291  -1.59527  -2.05014  -2.52268  -3.01263  -3.51392  -4.03525  -4.56640  -5.10914  -5.66356  -6.22820  -6.80261  -7.38622
 207.96566    0.78219   0.72395   0.54713   0.29314  -0.01444  -0.36272  -0.74342  -1.15395  -1.58579  -2.04028  -2.51230  -3.00151  -3.50342  -4.02304  -4.55355  -5.09576  -5.64949  -6.21343  -6.78717  -7.37010
 208.19198    0.78923   0.73104   0.55440   0.30066  -0.00657  -0.35449  -0.73458  -1.14488  -1.57617  -2.03028  -2.50177  -2.99023  -3.49278  -4.01065  -4.54050  -5.08217  -5.63519  -6.19843  -6.77149  -7.35372
 208.41831    0.79633   0.73820   0.56175   0.30826   0.00140  -0.34616  -0.72562  -1.13568  -1.56641  -2.02015  -2.49110  -2.97878  -3.48199  -3.99807  -4.52726  -5.06837  -5.62066  -6.18319  -6.75555  -7.33707
 208.64463    0.80350   0.74542   0.56917   0.31595   0.00945  -0.33773  -0.71655  -1.12636  -1.55653  -2.00987  -2.48027  -2.96716  -3.47107  -3.98530  -4.51381  -5.05436  -5.60591  -6.16771  -6.73937  -7.32016
 208.87095    0.81074   0.75272   0.57667   0.32371   0.01760  -0.32920  -0.70736  -1.11693  -1.54652  -1.99946  -2.46929  -2.95537  -3.46000  -3.97235  -4.50016  -5.04015  -5.59094  -6.15200  -6.72293  -7.30298
 209.09728    0.81804   0.76008   0.58425   0.33156   0.02584  -0.32057  -0.69806  -1.10737  -1.53637  -1.98891  -2.45817  -2.94342  -3.44879  -3.95920  -4.48631  -5.02572  -5.57574  -6.13604  -6.70624  -7.28555
 209.32360    0.82540   0.76751   0.59190   0.33949   0.03417  -0.31184  -0.68864  -1.09770  -1.52610  -1.97822  -2.44689  -2.93130  -3.43744  -3.94587  -4.47225  -5.01108  -5.56031  -6.11985  -6.68930  -7.26784
 209.54992    0.83283   0.77501   0.59962   0.34750   0.04259  -0.30301  -0.67911  -1.08791  -1.51569  -1.96740  -2.43547  -2.91902  -3.42594  -3.93235  -4.45800  -4.99623  -5.54467  -6.10342  -6.67211  -7.24988
 209.77625    0.84032   0.78257   0.60742   0.35560   0.05111  -0.29409  -0.66946  -1.07800  -1.50516  -1.95643  -2.42390  -2.90657  -3.41431  -3.91865  -4.44355  -4.98118  -5.52880  -6.08675  -6.65467  -7.23164
 210.00257    0.84788   0.79020   0.61529   0.36377   0.05971  -0.28506  -0.65970  -1.06797  -1.49449  -1.94533  -2.41218  -2.89396  -3.40254  -3.90475  -4.42890  -4.96591  -5.51270  -6.06984  -6.63697  -7.21315
 210.22889    0.85550   0.79789   0.62323   0.37202   0.06840  -0.27594  -0.64983  -1.05783  -1.48370  -1.93409  -2.40032  -2.88118  -3.39062  -3.89067  -4.41405  -4.95043  -5.49638  -6.05270  -6.61903  -7.19439
 210.45522    0.86318   0.80566   0.63124   0.38036   0.07718  -0.26672  -0.63984  -1.04756  -1.47277  -1.92272  -2.38830  -2.86823  -3.37857  -3.87641  -4.39899  -4.93475  -5.47984  -6.03532  -6.60084  -7.17537
 210.68154    0.87092   0.81348   0.63933   0.38877   0.08605  -0.25740  -0.62974  -1.03718  -1.46172  -1.91121  -2.37614  -2.85512  -3.36638  -3.86196  -4.38374  -4.91885  -5.46307  -6.01770  -6.58239  -7.15608
 210.90786    0.87873   0.82137   0.64749   0.39726   0.09501  -0.24799  -0.61953  -1.02669  -1.45053  -1.89956  -2.36383  -2.84184  -3.35405  -3.84732  -4.36829  -4.90275  -5.44608  -5.99984  -6.56369  -7.13653
 211.13419    0.88660   0.82933   0.65572   0.40583   0.10406  -0.23847  -0.60921  -1.01607  -1.43922  -1.88778  -2.35138  -2.82840  -3.34158  -3.83249  -4.35264  -4.88644  -5.42886  -5.98174  -6.54475  -7.11671
 211.36051    0.89452   0.83735   0.66402   0.41448   0.11320  -0.22886  -0.59877  -1.00534  -1.42778  -1.87586  -2.33878  -2.81480  -3.32897  -3.81748  -4.33678  -4.86992  -5.41142  -5.96341  -6.52555  -7.09663
 211.58683    0.90251   0.84544   0.67239   0.42321   0.12242  -0.21916  -0.58822  -0.99450  -1.41621  -1.86380  -2.32603  -2.80103  -3.31623  -3.80228  -4.32073  -4.85319  -5.39376  -5.94484  -6.50610  -7.07629
 211.81316    0.91056   0.85358   0.68083   0.43201   0.13173  -0.20936  -0.57756  -0.98354  -1.40452  -1.85161  -2.31314  -2.78709  -3.30334  -3.78690  -4.30448  -4.83625  -5.37587  -5.92603  -6.48640  -7.05568
 212.03948    0.91867   0.86179   0.68934   0.44089   0.14113  -0.19946  -0.56679  -0.97246  -1.39270  -1.83929  -2.30010  -2.77300  -3.29032  -3.77133  -4.28803  -4.81910  -5.35776  -5.90699  -6.46646  -7.03481

# Minimas
 189.64028    0.47492 
 189.91764    0.42115 
 190.38092    0.24781 
 190.81161   -0.00562 
 191.24974   -0.31586 
 191.55247   -0.66981 
 192.01700   -1.05979 
 192.13531   -1.47604 
 192.38780   -1.91939 
 192.52078   -2.38313 
 192.66884   -2.86842 
 192.95743   -3.37307 
 192.27379   -3.87718 
 193.13674   -4.42414 
 193.24435   -4.97142 
 193.25931   -5.53002 
 193.36455   -6.10184 
 193.43292   -6.68465 
 193.47741   -7.27741 
 193.51687   -7.87986 

