        0.000000000000000       189.640282943371318
       10.000000000000000       189.642467542506949
       20.000000000000000       189.652711610222298
       30.000000000000000       189.674076469062896
       40.000000000000000       189.698837005227546
       50.000000000000000       189.732166196740451
       60.000000000000000       189.765628648775845
       70.000000000000000       189.805041797033425
       80.000000000000000       189.834051503586949
       90.000000000000000       189.873465846164095
      100.000000000000000       189.917635313724190
      110.000000000000000       189.969556915531570
      120.000000000000000       190.009484988323180
      130.000000000000000       190.048795430675142
      140.000000000000000       190.095580918702296
      150.000000000000000       190.140267306060792
      160.000000000000000       190.181010598624511
      170.000000000000000       190.229761363641529
      180.000000000000000       190.268530199478420
      190.000000000000000       190.336716599794613
      200.000000000000000       190.380923135812168
      210.000000000000000       190.430464610794075
      220.000000000000000       190.470128246709379
      230.000000000000000       190.471512544192677
      240.000000000000000       190.561017524988983
      250.000000000000000       190.587584296924973
      260.000000000000000       190.641858759962673
      270.000000000000000       190.684150036849502
      280.000000000000000       190.747165574106276
      290.000000000000000       190.783668397670226
      300.000000000000000       190.811606973450154
      310.000000000000000       190.866778698941403
      320.000000000000000       190.897808968888938
      330.000000000000000       190.901107207536626
      340.000000000000000       190.983051969589894
      350.000000000000000       191.009934425532151
      360.000000000000000       191.060425257750637
      370.000000000000000       191.119742231145779
      380.000000000000000       191.146193662594726
      390.000000000000000       191.193626670853632
      400.000000000000000       191.249739981820852
      410.000000000000000       191.275958597211002
      420.000000000000000       191.283722016500661
      430.000000000000000       191.375393510762052
      440.000000000000000       191.366201542333101
      450.000000000000000       191.426583975533561
      460.000000000000000       191.415051930990501
      470.000000000000000       191.472276041577146
      480.000000000000000       191.512954835635099
      490.000000000000000       191.466520236769185
      500.000000000000000       191.552472899835493
      510.000000000000000       191.558807087380274
      520.000000000000000       191.648422983804693
      530.000000000000000       191.709984189887592
      540.000000000000000       191.710795185382523
      550.000000000000000       191.995198996379173
      560.000000000000000       191.768004908742228
      570.000000000000000       191.850695874446671
      580.000000000000000       191.837396703547540
      590.000000000000000       191.800276100176916
      600.000000000000000       192.016998214691824
      610.000000000000000       191.998443946956314
      620.000000000000000       191.910916290529769
      630.000000000000000       192.122113003954553
      640.000000000000000       192.127470873976705
      650.000000000000000       192.089989642846660
      660.000000000000000       191.961354765239861
      670.000000000000000       192.272771833433808
      680.000000000000000       192.123798273762958
      690.000000000000000       192.030150060259871
      700.000000000000000       192.135308173031660
      710.000000000000000       192.329139423225001
      720.000000000000000       192.284870399189487
      730.000000000000000       192.158692771540387
      740.000000000000000       192.297370609003053
      750.000000000000000       192.225686237267496
      760.000000000000000       192.223897928618754
      770.000000000000000       192.106110578556212
      780.000000000000000       192.329309450556963
      790.000000000000000       192.384463161893166
      800.000000000000000       192.387798203849542
      810.000000000000000       192.208423101519514
      820.000000000000000       192.434785793244913
      830.000000000000000       192.308394406132891
      840.000000000000000       192.505692592697699
      850.000000000000000       192.373443062544624
      860.000000000000000       192.602462682398851
      870.000000000000000       192.538403588057776
      880.000000000000000       192.560642050351419
      890.000000000000000       192.678022694615521
      900.000000000000000       192.520779745629937
      910.000000000000000       192.621818500702460
      920.000000000000000       192.591283445807534
      930.000000000000000       192.621084549768483
      940.000000000000000       192.645769658421813
      950.000000000000000       192.715657824095985
      960.000000000000000       192.703371030032912
      970.000000000000000       192.660878059157881
      980.000000000000000       192.678323032911322
      990.000000000000000       192.742496218678554
     1000.000000000000000       192.668841934877605
     1010.000000000000000       192.760413984962724
     1020.000000000000000       192.730376945125556
     1030.000000000000000       192.855107147098693
     1040.000000000000000       192.787242821202227
     1050.000000000000000       192.814938826570909
     1060.000000000000000       192.880776036543580
     1070.000000000000000       192.888283447201047
     1080.000000000000000       192.875715585387724
     1090.000000000000000       192.916297561725628
     1100.000000000000000       192.957425125910248
     1110.000000000000000       192.939773611624332
     1120.000000000000000       192.958550096306254
     1130.000000000000000       192.993738968040134
     1140.000000000000000       192.975398945131559
     1150.000000000000000       192.954922797169957
     1160.000000000000000       192.314932911326082
     1170.000000000000000       192.493380441450228
     1180.000000000000000       192.977328650958640
     1190.000000000000000       192.259562558926319
     1200.000000000000000       192.273794947205459
     1210.000000000000000       192.419146505490602
     1220.000000000000000       193.046042759994322
     1230.000000000000000       193.071090983991127
     1240.000000000000000       193.063927320131995
     1250.000000000000000       193.091266462435499
     1260.000000000000000       193.058061437874926
     1270.000000000000000       193.105390127619671
     1280.000000000000000       193.100243586169199
     1290.000000000000000       193.063855819109875
     1300.000000000000000       193.136737651771085
     1310.000000000000000       193.106449881070404
     1320.000000000000000       193.147986054284843
     1330.000000000000000       193.164805443847087
     1340.000000000000000       193.160429345035567
     1350.000000000000000       193.195107353777644
     1360.000000000000000       193.215206691362226
     1370.000000000000000       193.188993957348771
     1380.000000000000000       193.230076188968781
     1390.000000000000000       193.216072487612848
     1400.000000000000000       193.244348547842890
     1410.000000000000000       193.222934473910300
     1420.000000000000000       193.246904778779282
     1430.000000000000000       193.250233082625272
     1440.000000000000000       193.303926206029558
     1450.000000000000000       193.272784233181000
     1460.000000000000000       193.288463186461058
     1470.000000000000000       193.266514362096274
     1480.000000000000000       193.239811112993095
     1490.000000000000000       193.308337354621273
     1500.000000000000000       193.259312886137820
     1510.000000000000000       193.324375142312050
     1520.000000000000000       193.330024195480576
     1530.000000000000000       193.270254631776822
     1540.000000000000000       193.312088246802688
     1550.000000000000000       193.323936051502955
     1560.000000000000000       193.324976968988182
     1570.000000000000000       193.314441275525127
     1580.000000000000000       193.359051462614332
     1590.000000000000000       193.355286291756357
     1600.000000000000000       193.364554097015969
     1610.000000000000000       193.354844728424496
     1620.000000000000000       193.367191309454284
     1630.000000000000000       193.357400920919275
     1640.000000000000000       193.350737855285587
     1650.000000000000000       193.394316717621962
     1660.000000000000000       193.367794446053153
     1670.000000000000000       193.398228335770966
     1680.000000000000000       193.438613129076629
     1690.000000000000000       193.410485641499577
     1700.000000000000000       193.432919914091684
     1710.000000000000000       193.429752919149081
     1720.000000000000000       193.441950260031604
     1730.000000000000000       193.430121279680264
     1740.000000000000000       193.442030923452506
     1750.000000000000000       193.464130320058075
     1760.000000000000000       193.445822353027950
     1770.000000000000000       193.448562387729282
     1780.000000000000000       193.474645154702557
     1790.000000000000000       193.462920565458205
     1800.000000000000000       193.477409178030399
     1810.000000000000000       193.450553246151770
     1820.000000000000000       193.463348477149140
     1830.000000000000000       193.485798280634015
     1840.000000000000000       193.484001105881902
     1850.000000000000000       193.481738592375990
     1860.000000000000000       193.493021087472300
     1870.000000000000000       193.498879606480273
     1880.000000000000000       193.500510270237072
     1890.000000000000000       193.502886850933720
     1900.000000000000000       193.516865521922284
     1910.000000000000000       193.505377236908288
     1920.000000000000000       193.521404971843509
     1930.000000000000000       193.503618544836002
     1940.000000000000000       193.503301841703035
     1950.000000000000000       193.521469166135404
     1960.000000000000000       193.489529368570402
     1970.000000000000000       193.524059931669655
     1980.000000000000000       193.547583712018934
     1990.000000000000000       193.535076378723318
