   0.000000000000000    0.000000000000000
  10.000000000000000    4.612466899903962
  20.000000000000000   20.267927603413362
  30.000000000000000   38.830037959807633
  40.000000000000000   56.031105976646103
  50.000000000000000   70.821794766914365
  60.000000000000000   83.280768471104679
  70.000000000000000   93.800740331070486
  80.000000000000000  102.726870376800662
  90.000000000000000  110.344691437137328
 100.000000000000000  116.914848955781238
 110.000000000000000  122.609381707978628
 120.000000000000000  127.553557607585034
 130.000000000000000  131.827729599666782
 140.000000000000000  135.579907007009666
 150.000000000000000  138.929767542187790
 160.000000000000000  141.873689591170319
 170.000000000000000  144.406413801853972
 180.000000000000000  146.683065214522173
 190.000000000000000  148.717116900428380
 200.000000000000000  150.575902000854910
 210.000000000000000  152.205339284052258
 220.000000000000000  153.543703594345374
 230.000000000000000  154.951634146490136
 240.000000000000000  156.139575799010004
 250.000000000000000  157.083740322738947
 260.000000000000000  158.126156789949050
 270.000000000000000  159.067843856185391
 280.000000000000000  159.925700615277151
 290.000000000000000  160.609701356210422
 300.000000000000000  161.220016522450607
 310.000000000000000  161.993491882756928
 320.000000000000000  162.386336096072341
 330.000000000000000  162.797969471938472
 340.000000000000000  163.392690834512223
 350.000000000000000  163.875746651870116
 360.000000000000000  164.416617076516701
 370.000000000000000  164.785622145505812
 380.000000000000000  165.094743406719317
 390.000000000000000  165.446620227600334
 400.000000000000000  165.732214182264556
 410.000000000000000  165.907401040738137
 420.000000000000000  166.371684154387992
 430.000000000000000  166.629044298534495
 440.000000000000000  166.654196910798959
 450.000000000000000  167.016533226297668
 460.000000000000000  167.657861031982662
 470.000000000000000  167.449282093116580
 480.000000000000000  167.361436075658787
 490.000000000000000  167.907802931235324
 500.000000000000000  168.061503549190149
 510.000000000000000  168.105246103782036
 520.000000000000000  168.130875972941681
 530.000000000000000  168.525269233391924
 540.000000000000000  168.699299282122809
 550.000000000000000  168.742975854819548
 560.000000000000000  168.778086943059833
 570.000000000000000  168.977838897046126
 580.000000000000000  169.142110169766823
 590.000000000000000  169.177503406219614
 600.000000000000000  169.294668209162921
 610.000000000000000  169.413710372343729
 620.000000000000000  169.571557337091093
 630.000000000000000  169.571348429260212
 640.000000000000000  169.621412925418554
 650.000000000000000  169.718550268118776
 660.000000000000000  169.875243632168747
 670.000000000000000  170.189288365959356
 680.000000000000000  170.061724083776369
 690.000000000000000  169.959668852084661
 700.000000000000000  170.156824181904938
 710.000000000000000  170.305844363354311
 720.000000000000000  170.332213441496293
 730.000000000000000  170.308482091140036
 740.000000000000000  170.485139955273070
 750.000000000000000  170.528398538389922
 760.000000000000000  170.433642743682498
 770.000000000000000  170.310170874140653
 780.000000000000000  170.622331668190100
 790.000000000000000  170.770579815486627
 800.000000000000000  170.438162330977150
 810.000000000000000  170.787576420091739
 820.000000000000000  170.951168116342274
 830.000000000000000  170.843937208648839
 840.000000000000000  170.701378240018045
 850.000000000000000  170.923173140902350
 860.000000000000000  171.135415096652991
 870.000000000000000  170.833063522994365
 880.000000000000000  170.820576362412510
 890.000000000000000  171.087631921253717
 900.000000000000000  170.914738259819387
 910.000000000000000  170.825799927793071
 920.000000000000000  171.746305675923651
 930.000000000000000  171.480453440186551
 940.000000000000000  170.996333874520047
 950.000000000000000  171.799018765749764
 960.000000000000000  171.080319008064549
 970.000000000000000  170.292585569908994
 980.000000000000000  171.423623689275189
 990.000000000000000  171.735336444349088
1000.000000000000000  170.661475036835839
1010.000000000000000  170.698318419292889
1020.000000000000000  172.327138083147759
1030.000000000000000  172.301614550967543
1040.000000000000000  171.479782406613737
1050.000000000000000  171.003552703138041
1060.000000000000000  170.645981321243056
1070.000000000000000  171.290904893440086
1080.000000000000000  171.308137967352053
1090.000000000000000  172.570510291674339
1100.000000000000000  170.675447480990812
1110.000000000000000  169.346070614537723
1120.000000000000000  172.055932892481223
1130.000000000000000  172.185907419777408
1140.000000000000000  173.194793566785677
1150.000000000000000  172.557692014844491
1160.000000000000000  170.763248301840491
1170.000000000000000  170.938963827384384
1180.000000000000000  171.002718596185900
1190.000000000000000  172.715195067970484
1200.000000000000000  171.826654515347940
1210.000000000000000  171.826844774745609
1220.000000000000000  171.679442229137464
1230.000000000000000  169.504379327851439
1240.000000000000000  171.227773607127233
1250.000000000000000  171.346645914916394
1260.000000000000000  170.990684513723750
1270.000000000000000  172.362861133426662
1280.000000000000000  174.993719157747819
1290.000000000000000  171.603285732363503
1300.000000000000000  170.675996854359596
1310.000000000000000  172.221557403901528
1320.000000000000000  171.522207671183537
1330.000000000000000  172.610464674858520
1340.000000000000000  172.593062618154136
1350.000000000000000  169.703878813832773
1360.000000000000000  168.175225899987282
1370.000000000000000  170.879912733392246
1380.000000000000000  174.875624132989770
1390.000000000000000  170.941346144724349
1400.000000000000000  168.572816566208417
1410.000000000000000  173.511163678442472
1420.000000000000000  173.165568065230474
1430.000000000000000  171.861716151926601
1440.000000000000000  170.608818479392738
1450.000000000000000  171.717407594520779
1460.000000000000000  173.118319510360635
1470.000000000000000  172.579808063511621
1480.000000000000000  170.255548279890405
1490.000000000000000  170.839936337282211
1500.000000000000000  172.696441139064177
1510.000000000000000  170.806045314494270
1520.000000000000000  170.100001905675583
1530.000000000000000  173.554787890074039
1540.000000000000000  171.900125453535566
1550.000000000000000  172.913072656125706
1560.000000000000000  175.157727515401064
1570.000000000000000  174.607593991261325
1580.000000000000000  169.714054182741279
1590.000000000000000  168.111733189471948
1600.000000000000000  175.453248263825316
1610.000000000000000  171.120839465031281
1620.000000000000000  168.103546518798595
1630.000000000000000  169.568935143213622
1640.000000000000000  171.686580943534722
1650.000000000000000  171.104885402807952
1660.000000000000000  166.080591773101901
1670.000000000000000  173.170172135042691
1680.000000000000000  176.678959038682706
1690.000000000000000  168.224287129918167
1700.000000000000000  170.370850143313874
1710.000000000000000  172.236842488177047
1720.000000000000000  169.691642943020099
1730.000000000000000  172.629850660201157
1740.000000000000000  170.366410330089565
1750.000000000000000  177.139103870412185
1760.000000000000000  167.416119501252496
1770.000000000000000  160.086205231042214
1780.000000000000000  185.348674811102114
1790.000000000000000  164.940605649959480
1800.000000000000000  158.443631086619376
1810.000000000000000  186.588499873819956
1820.000000000000000  181.158988395032651
1830.000000000000000  169.091232984399198
1840.000000000000000  170.458573995059993
1850.000000000000000  162.610123621814040
1860.000000000000000  169.618686800456061
1870.000000000000000  177.400758556579746
1880.000000000000000  176.481435709301508
1890.000000000000000  169.547776391906211
1900.000000000000000  158.420353719621232
1910.000000000000000  177.452903290250021
1920.000000000000000  172.134605231986541
1930.000000000000000  164.893676019334976
1940.000000000000000  178.219273127919251
1950.000000000000000  173.504292194684922
1960.000000000000000  161.205203845009692
1970.000000000000000  166.352362793985577
1980.000000000000000  180.353263944461133
1990.000000000000000  175.596050698878400
