   0.000000000000000   -592308.256360243074596
  10.000000000000000   -592308.256431454792619
  20.000000000000000   -592308.256977745098993
  30.000000000000000   -592308.258542063878849
  40.000000000000000   -592308.261452342034318
  50.000000000000000   -592308.265807457384653
  60.000000000000000   -592308.271619042498060
  70.000000000000000   -592308.278864037245512
  80.000000000000000   -592308.287505836458877
  90.000000000000000   -592308.297474205377512
 100.000000000000000   -592308.308710172306746
 110.000000000000000   -592308.321161721949466
 120.000000000000000   -592308.334779617842287
 130.000000000000000   -592308.349476114381105
 140.000000000000000   -592308.365235967678018
 150.000000000000000   -592308.381996973534115
 160.000000000000000   -592308.399728473159485
 170.000000000000000   -592308.418389666243456
 180.000000000000000   -592308.437909696833231
 190.000000000000000   -592308.458281561848707
 200.000000000000000   -592308.479456220637076
 210.000000000000000   -592308.501448440714739
 220.000000000000000   -592308.524155659019016
 230.000000000000000   -592308.547572622657754
 240.000000000000000   -592308.571744484244846
 250.000000000000000   -592308.596524900523946
 260.000000000000000   -592308.621952532557771
 270.000000000000000   -592308.648069293587469
 280.000000000000000   -592308.674775687279180
 290.000000000000000   -592308.702084495336749
 300.000000000000000   -592308.729951113113202
 310.000000000000000   -592308.758388746529818
 320.000000000000000   -592308.787405670969747
 330.000000000000000   -592308.816820985521190
 340.000000000000000   -592308.846824783482589
 350.000000000000000   -592308.877276425831951
 360.000000000000000   -592308.908302305266261
 370.000000000000000   -592308.939788877731189
 380.000000000000000   -592308.971706034266390
 390.000000000000000   -592309.004078744561411
 400.000000000000000   -592309.036891887430102
 410.000000000000000   -592309.070160310249776
 420.000000000000000   -592309.103792475420050
 430.000000000000000   -592309.137894729152322
 440.000000000000000   -592309.172340339981019
 450.000000000000000   -592309.207164644380100
 460.000000000000000   -592309.242440634639934
 470.000000000000000   -592309.278191030723974
 480.000000000000000   -592309.314012024784461
 490.000000000000000   -592309.350497777923010
 500.000000000000000   -592309.387150962720625
 510.000000000000000   -592309.424191980971955
 520.000000000000000   -592309.461550506530330
 530.000000000000000   -592309.499283678713255
 540.000000000000000   -592309.537414170918055
 550.000000000000000   -592309.575760564650409
 560.000000000000000   -592309.614547202014364
 570.000000000000000   -592309.653455383842811
 580.000000000000000   -592309.692806280334480
 590.000000000000000   -592309.732452922849916
 600.000000000000000   -592309.772298315889202
 610.000000000000000   -592309.812542875646614
 620.000000000000000   -592309.853024820331484
 630.000000000000000   -592309.893893693340942
 640.000000000000000   -592309.934911830117926
 650.000000000000000   -592309.976387691451237
 660.000000000000000   -592310.017869383445941
 670.000000000000000   -592310.059696166077629
 680.000000000000000   -592310.101971919299103
 690.000000000000000   -592310.144297379301861
 700.000000000000000   -592310.187007217900828
 710.000000000000000   -592310.229892662726343
 720.000000000000000   -592310.272926659323275
 730.000000000000000   -592310.316431376384571
 740.000000000000000   -592310.360014104866423
 750.000000000000000   -592310.403876032680273
 760.000000000000000   -592310.447947772103362
 770.000000000000000   -592310.492395473876968
 780.000000000000000   -592310.537118418025784
 790.000000000000000   -592310.581824125605635
 800.000000000000000   -592310.626852795481682
 810.000000000000000   -592310.672239923733287
 820.000000000000000   -592310.717575363349169
 830.000000000000000   -592310.763240963686258
 840.000000000000000   -592310.809085384826176
 850.000000000000000   -592310.855480457888916
 860.000000000000000   -592310.901751610450447
 870.000000000000000   -592310.948109409189783
 880.000000000000000   -592310.994781494373456
 890.000000000000000   -592311.041742153000087
 900.000000000000000   -592311.088844308978878
 910.000000000000000   -592311.136299489997327
 920.000000000000000   -592311.183848068816587
 930.000000000000000   -592311.231393248192035
 940.000000000000000   -592311.279288462246768
 950.000000000000000   -592311.327315073926002
 960.000000000000000   -592311.375501869828440
 970.000000000000000   -592311.424116662237793
 980.000000000000000   -592311.472916409838945
 990.000000000000000   -592311.521667527849786
1000.000000000000000   -592311.570538803935051
1010.000000000000000   -592311.620031774044037
1020.000000000000000   -592311.669262061710469
1030.000000000000000   -592311.718602955923416
1040.000000000000000   -592311.768297647591680
1050.000000000000000   -592311.818213472957723
1060.000000000000000   -592311.868307877331972
1070.000000000000000   -592311.918585995212197
1080.000000000000000   -592311.968948230729438
1090.000000000000000   -592312.019497359055094
1100.000000000000000   -592312.069993488257751
1110.000000000000000   -592312.121241201297380
1120.000000000000000   -592312.172242428176105
1130.000000000000000   -592312.223367470549420
1140.000000000000000   -592312.274638425442390
1150.000000000000000   -592312.325909205013886
1160.000000000000000   -592312.377633948461153
1170.000000000000000   -592312.429457174148411
1180.000000000000000   -592312.481427181744948
1190.000000000000000   -592312.533592990599573
1200.000000000000000   -592312.585711158695631
1210.000000000000000   -592312.638231193646789
1220.000000000000000   -592312.690599153051153
1230.000000000000000   -592312.743453615694307
1240.000000000000000   -592312.796396294143051
1250.000000000000000   -592312.849326302413829
1260.000000000000000   -592312.902502951561473
1270.000000000000000   -592312.955748329171911
1280.000000000000000   -592313.009126792079769
1290.000000000000000   -592313.062491585384123
1300.000000000000000   -592313.116372116957791
1310.000000000000000   -592313.170058996067382
1320.000000000000000   -592313.224138140329160
1330.000000000000000   -592313.278103454038501
1340.000000000000000   -592313.332391905249096
1350.000000000000000   -592313.386564467684366
1360.000000000000000   -592313.441296575125307
1370.000000000000000   -592313.495997476740740
1380.000000000000000   -592313.550702650914900
1390.000000000000000   -592313.605428911861964
1400.000000000000000   -592313.660645336029120
1410.000000000000000   -592313.715742597705685
1420.000000000000000   -592313.770852745044976
1430.000000000000000   -592313.826305382535793
1440.000000000000000   -592313.881773807690479
1450.000000000000000   -592313.937494230805896
1460.000000000000000   -592313.993235359783284
1470.000000000000000   -592314.049071017303504
1480.000000000000000   -592314.105076722451486
1490.000000000000000   -592314.161202123272233
1500.000000000000000   -592314.217430633842014
1510.000000000000000   -592314.273773236316629
1520.000000000000000   -592314.330334385158494
1530.000000000000000   -592314.386901811929420
1540.000000000000000   -592314.443556742742658
1550.000000000000000   -592314.500355114927515
1560.000000000000000   -592314.557329015107825
1570.000000000000000   -592314.614392183138989
1580.000000000000000   -592314.671481888741255
1590.000000000000000   -592314.728851925116032
1600.000000000000000   -592314.786203695577569
1610.000000000000000   -592314.843659384758212
1620.000000000000000   -592314.901339327800088
1630.000000000000000   -592314.958957611932419
1640.000000000000000   -592315.016884999116883
1650.000000000000000   -592315.074768850929104
1660.000000000000000   -592315.132830463699065
1670.000000000000000   -592315.191072290763259
1680.000000000000000   -592315.249346298747696
1690.000000000000000   -592315.307659687940031
1700.000000000000000   -592315.366170670604333
1710.000000000000000   -592315.424699438852258
1720.000000000000000   -592315.483422672725283
1730.000000000000000   -592315.542190070613287
1740.000000000000000   -592315.601099762716331
1750.000000000000000   -592315.660020029055886
1760.000000000000000   -592315.719235739554279
1770.000000000000000   -592315.778295861906372
1780.000000000000000   -592315.837645343737677
1790.000000000000000   -592315.897242379491217
1800.000000000000000   -592315.956410020124167
1810.000000000000000   -592316.016075761639513
1820.000000000000000   -592316.075796395773068
1830.000000000000000   -592316.135758519289084
1840.000000000000000   -592316.195488105295226
1850.000000000000000   -592316.255562905455008
1860.000000000000000   -592316.315453073941171
1870.000000000000000   -592316.375786630087532
1880.000000000000000   -592316.435718644410372
1890.000000000000000   -592316.496619817800820
1900.000000000000000   -592316.556684177252464
1910.000000000000000   -592316.617290936061181
1920.000000000000000   -592316.678056201897562
1930.000000000000000   -592316.738543623941951
1940.000000000000000   -592316.799469687161036
1950.000000000000000   -592316.860608967370354
1960.000000000000000   -592316.921411117655225
1970.000000000000000   -592316.982455172343180
1980.000000000000000   -592317.043534747324884
1990.000000000000000   -592317.105169684044085
