   0.000000000000000    0.000000000000000
  10.000000000000000   14.303845940764733
  20.000000000000000   58.640886043695183
  30.000000000000000  102.401230798351506
  40.000000000000000  140.764183431735063
  50.000000000000000  173.548778453690460
  60.000000000000000  201.374492456932757
  70.000000000000000  225.108512060040965
  80.000000000000000  245.565688830511874
  90.000000000000000  263.381206409023264
 100.000000000000000  279.024451070762211
 110.000000000000000  292.716240390004714
 120.000000000000000  304.920588486546194
 130.000000000000000  315.640395333630408
 140.000000000000000  325.223675174662162
 150.000000000000000  333.819781174821628
 160.000000000000000  341.244473233324868
 170.000000000000000  348.134500638486884
 180.000000000000000  354.277373163943992
 190.000000000000000  359.708950581961233
 200.000000000000000  364.706233598799088
 210.000000000000000  369.307253595179304
 220.000000000000000  373.236426432149415
 230.000000000000000  376.865533560830897
 240.000000000000000  380.386413041857281
 250.000000000000000  383.664888372177927
 260.000000000000000  386.453251671560963
 270.000000000000000  389.244168991072740
 280.000000000000000  391.860192066296065
 290.000000000000000  393.941611184001943
 300.000000000000000  396.085277376233137
 310.000000000000000  398.045063606697056
 320.000000000000000  399.900836669359705
 330.000000000000000  401.410549476982737
 340.000000000000000  403.778360843024700
 350.000000000000000  405.306046753607689
 360.000000000000000  406.499684020640586
 370.000000000000000  407.703952227560194
 380.000000000000000  408.402237646606579
 390.000000000000000  410.509434352987682
 400.000000000000000  411.644228651772380
 410.000000000000000  412.581762460109132
 420.000000000000000  414.077967957869816
 430.000000000000000  414.486322684148092
 440.000000000000000  415.506244630959202
 450.000000000000000  416.319395438424351
 460.000000000000000  415.884673752641220
 470.000000000000000  417.489837985942643
 480.000000000000000  419.922951398069870
 490.000000000000000  420.906334822907866
 500.000000000000000  421.057652109156209
 510.000000000000000  418.865471593061670
 520.000000000000000  419.811655980549233
 530.000000000000000  425.213311343007831
 540.000000000000000  425.785328834952793
 550.000000000000000  420.346994276300052
 560.000000000000000  424.221318044565010
 570.000000000000000  425.431300071633416
 580.000000000000000  423.352253162014847
 590.000000000000000  429.176952391939949
 600.000000000000000  429.724680644276759
 610.000000000000000  415.856892541087291
 620.000000000000000  424.893916055437614
 630.000000000000000  433.417937094276624
 640.000000000000000  418.150967813899854
 650.000000000000000  417.248034410685989
 660.000000000000000  434.759145145244759
 670.000000000000000  440.048296423061174
 680.000000000000000  420.334125664607768
 690.000000000000000  426.495093723723585
 700.000000000000000  430.865488038427316
 710.000000000000000  429.891784830625681
 720.000000000000000  424.323937424477435
 730.000000000000000  424.821754882654318
 740.000000000000000  428.282699346681511
 750.000000000000000  422.357477873722360
 760.000000000000000  427.827819258069894
 770.000000000000000  425.631590016773714
 780.000000000000000  426.515205179706697
 790.000000000000000  426.119618706629410
 800.000000000000000  432.902194568306300
 810.000000000000000  420.965410357413873
 820.000000000000000  432.335597174012321
 830.000000000000000  438.386347329222076
 840.000000000000000  410.973357825922108
 850.000000000000000  405.424266971649558
 860.000000000000000  439.515934092655129
 870.000000000000000  434.697218835604417
 880.000000000000000  414.550444603443395
 890.000000000000000  417.029192918239403
 900.000000000000000  412.849607128945138
 910.000000000000000  429.897853689061833
 920.000000000000000  425.466047235938106
 930.000000000000000  397.467293090413023
 940.000000000000000  403.959107829952302
 950.000000000000000  429.411210030743860
 960.000000000000000  425.889563687965961
 970.000000000000000  416.552178882921169
 980.000000000000000  402.606219970512541
 990.000000000000000  402.920085769198010
1000.000000000000000  410.910284773222031
1010.000000000000000  411.058214740144024
1020.000000000000000  405.165952961942310
1030.000000000000000  404.923797520926826
1040.000000000000000  405.603069733767541
1050.000000000000000  402.136083128706332
1060.000000000000000  402.372245483546351
1070.000000000000000  398.082695515343801
1080.000000000000000  390.475676490334877
1090.000000000000000  400.206916599280589
1100.000000000000000  405.381841567149365
1110.000000000000000  406.348016431619328
1120.000000000000000  370.310508721148949
1130.000000000000000  372.344186887711487
1140.000000000000000  432.783086793946040
1150.000000000000000  385.120652712045228
1160.000000000000000  362.271149872201136
1170.000000000000000  348.392060959780736
1180.000000000000000  381.510924356579153
1190.000000000000000  420.593057978142724
1200.000000000000000  359.861823623883311
1210.000000000000000  378.249806650914763
1220.000000000000000  402.168187009088513
1230.000000000000000  324.601415560184876
1240.000000000000000  361.213616577461721
1250.000000000000000  439.594673480523682
1260.000000000000000  358.979673316425135
1270.000000000000000  359.042557758368503
1280.000000000000000  385.479876856915268
1290.000000000000000  357.905747338270828
1300.000000000000000  372.134484498457539
1310.000000000000000  306.074420216261046
1320.000000000000000  322.356854103765102
1330.000000000000000  272.537366822324657
1340.000000000000000  231.778922959134604
1350.000000000000000  448.548360397736360
1360.000000000000000  715.862428310271184
1370.000000000000000  356.731205663802314
1380.000000000000000 -184.094934066682299
1390.000000000000000  326.582818192177456
1400.000000000000000  551.242703594412205
1410.000000000000000  379.992086578599867
1420.000000000000000  365.471991544549951
1430.000000000000000  566.242376801028740
1440.000000000000000  353.107643767350453
1450.000000000000000  106.475982283392341
1460.000000000000000 1500.278681026644563
1470.000000000000000  328.678900496973824
1480.000000000000000 -297.605661972798885
1490.000000000000000 1034.677969486047459
1500.000000000000000  727.212579776065240
1510.000000000000000  568.399649619311390
1520.000000000000000  435.862098854615226
1530.000000000000000  384.998011347148235
1540.000000000000000  309.010691298997301
1550.000000000000000  414.517089474930060
1560.000000000000000  419.964277947624396
1570.000000000000000  417.140798542863649
1580.000000000000000 -156.982482731851633
1590.000000000000000  218.823043203536827
1600.000000000000000  609.471344395372512
1610.000000000000000 -2012.235372742653908
1620.000000000000000  979.997371887537270
1630.000000000000000 2234.504134582659390
1640.000000000000000  816.271800173173006
1650.000000000000000 -510.093129869969061
1660.000000000000000 -1643.093781181909435
1670.000000000000000 1006.350557645664594
1680.000000000000000 -915.888233917292609
1690.000000000000000  459.146660118992145
1700.000000000000000 3312.894358958988050
1710.000000000000000  127.354741023963584
1720.000000000000000 -4139.349450290158529
1730.000000000000000 3959.758104674332571
1740.000000000000000  772.224066055894809
1750.000000000000000 -1504.317993048934795
1760.000000000000000 -750.655828319147076
1770.000000000000000 -1475.044062656570304
1780.000000000000000 5602.036859711631223
1790.000000000000000 1055.406894640728751
1800.000000000000000 -2851.094221768224998
1810.000000000000000 3365.343826097732290
1820.000000000000000  397.222936125192575
1830.000000000000000 -3220.469383555430340
1840.000000000000000   -0.950438758674466
1850.000000000000000 4488.926687121342184
1860.000000000000000 2002.978209233333018
1870.000000000000000 -705.793388524320562
1880.000000000000000 -5760.188991234155765
1890.000000000000000 4844.140235416060023
1900.000000000000000  655.737519571359599
1910.000000000000000 -5038.513499666451935
1920.000000000000000 7152.308154685497357
1930.000000000000000  807.235041530241574
1940.000000000000000  558.795920894720211
1950.000000000000000 -577.101476002042659
1960.000000000000000 -7533.729906537382703
1970.000000000000000 7888.246160550070272
1980.000000000000000 2052.251326229318693
1990.000000000000000 -2172.660320412479450
