   0.000000000000000    0.000000000000000
  10.000000000000000    0.000340299153289
  20.000000000000000    0.001049043685408
  30.000000000000000    0.001465555717967
  40.000000000000000    0.001725200246854
  50.000000000000000    0.001908284578046
  60.000000000000000    0.002050774871108
  70.000000000000000    0.002169910055314
  80.000000000000000    0.002274711386466
  90.000000000000000    0.002369124610874
 100.000000000000000    0.002455368641257
 110.000000000000000    0.002534137580960
 120.000000000000000    0.002605590568137
 130.000000000000000    0.002671155884147
 140.000000000000000    0.002729799175418
 150.000000000000000    0.002783733133943
 160.000000000000000    0.002831867482244
 170.000000000000000    0.002875406415453
 180.000000000000000    0.002914829339143
 190.000000000000000    0.002950318211751
 200.000000000000000    0.002982234964613
 210.000000000000000    0.003011104030257
 220.000000000000000    0.003037106946155
 230.000000000000000    0.003060233565219
 240.000000000000000    0.003081086438907
 250.000000000000000    0.003099733560722
 260.000000000000000    0.003116438636982
 270.000000000000000    0.003131064635811
 280.000000000000000    0.003144115126179
 290.000000000000000    0.003155345799046
 300.000000000000000    0.003165002446156
 310.000000000000000    0.003173133721214
 320.000000000000000    0.003179820601043
 330.000000000000000    0.003185117387440
 340.000000000000000    0.003189112009247
 350.000000000000000    0.003191585556718
 360.000000000000000    0.003193014806269
 370.000000000000000    0.003192903129543
 380.000000000000000    0.003191990809404
 390.000000000000000    0.003189720260964
 400.000000000000000    0.003185929069406
 410.000000000000000    0.003181297159492
 420.000000000000000    0.003175187375962
 430.000000000000000    0.003167801878407
 440.000000000000000    0.003159848943625
 450.000000000000000    0.003149982090783
 460.000000000000000    0.003139842329631
 470.000000000000000    0.003129140880335
 480.000000000000000    0.003115796573271
 490.000000000000000    0.003100641338739
 500.000000000000000    0.003084380028592
 510.000000000000000    0.003067389802621
 520.000000000000000    0.003053101942655
 530.000000000000000    0.003033276963257
 540.000000000000000    0.003008612031632
 550.000000000000000    0.002985832173548
 560.000000000000000    0.002969346244728
 570.000000000000000    0.002937438597356
 580.000000000000000    0.002917332329351
 590.000000000000000    0.002887444302265
 600.000000000000000    0.002852960373603
 610.000000000000000    0.002819078774396
 620.000000000000000    0.002815554017534
 630.000000000000000    0.002758017805040
 640.000000000000000    0.002732027409995
 650.000000000000000    0.002711159636880
 660.000000000000000    0.002686951409037
 670.000000000000000    0.002615482597298
 680.000000000000000    0.002571613327366
 690.000000000000000    0.002555622512689
 700.000000000000000    0.002490015949481
 710.000000000000000    0.002457362991151
 720.000000000000000    0.002390290045502
 730.000000000000000    0.002374741257149
 740.000000000000000    0.002302615463419
 750.000000000000000    0.002271146709772
 760.000000000000000    0.002218965234309
 770.000000000000000    0.002161877395960
 780.000000000000000    0.002114970779811
 790.000000000000000    0.002049670185183
 800.000000000000000    0.001999968464867
 810.000000000000000    0.001894471088203
 820.000000000000000    0.001900120474710
 830.000000000000000    0.001726822265626
 840.000000000000000    0.001679818308539
 850.000000000000000    0.001671399614768
 860.000000000000000    0.001660626719754
 870.000000000000000    0.001421639264594
 880.000000000000000    0.001409226217310
 890.000000000000000    0.001323293841405
 900.000000000000000    0.001283619616695
 910.000000000000000    0.001231261892427
 920.000000000000000    0.001018020554480
 930.000000000000000    0.000962045675051
 940.000000000000000    0.001088423040673
 950.000000000000000    0.000952000352222
 960.000000000000000    0.000746066350112
 970.000000000000000    0.000562642784423
 980.000000000000000    0.000433949646819
 990.000000000000000    0.000584332848325
1000.000000000000000    0.000444518366687
1010.000000000000000    0.000362840623323
1020.000000000000000    0.000162059343196
1030.000000000000000    0.000229519688041
1040.000000000000000    0.000083327446339
1050.000000000000000   -0.000090864706962
1060.000000000000000   -0.000162598462508
1070.000000000000000   -0.000214302864776
1080.000000000000000   -0.000554835754934
1090.000000000000000   -0.000566146661862
1100.000000000000000   -0.000653930662229
1110.000000000000000   -0.000535214220191
1120.000000000000000   -0.000590838695958
1130.000000000000000   -0.001417851460798
1140.000000000000000   -0.000923077651954
1150.000000000000000   -0.000934168096931
1160.000000000000000   -0.001236862343502
1170.000000000000000   -0.001458919393993
1180.000000000000000   -0.001853291567100
1190.000000000000000   -0.001656501836988
1200.000000000000000   -0.001695212893352
1210.000000000000000   -0.002087853170739
1220.000000000000000   -0.001898151260641
1230.000000000000000   -0.002109735864034
1240.000000000000000   -0.002530481138518
1250.000000000000000   -0.002395556547343
1260.000000000000000   -0.002287045852058
1270.000000000000000   -0.002735686585453
1280.000000000000000   -0.002564683707319
1290.000000000000000   -0.002866028502711
1300.000000000000000   -0.002841241249197
1310.000000000000000   -0.003065215670936
1320.000000000000000   -0.003400856847169
1330.000000000000000   -0.003490645949752
1340.000000000000000   -0.004090083171350
1350.000000000000000   -0.004263356261370
1360.000000000000000   -0.003905298525157
1370.000000000000000   -0.002877272200871
1380.000000000000000   -0.004212486380347
1390.000000000000000   -0.005402845762459
1400.000000000000000   -0.004480651711307
1410.000000000000000   -0.004775709652757
1420.000000000000000   -0.004579681733440
1430.000000000000000   -0.004940876029733
1440.000000000000000   -0.004002485246454
1450.000000000000000   -0.005188837301145
1460.000000000000000   -0.005033062272080
1470.000000000000000   -0.001714147401265
1480.000000000000000   -0.005886564257735
1490.000000000000000   -0.003451981729448
1500.000000000000000   -0.002782521476866
1510.000000000000000   -0.001783559506716
1520.000000000000000   -0.001537014449290
1530.000000000000000   -0.001531221425203
1540.000000000000000   -0.001706255834786
1550.000000000000000   -0.002266573871475
1560.000000000000000   -0.001656480619405
1570.000000000000000   -0.002151224967020
1580.000000000000000   -0.001590218265012
1590.000000000000000   -0.008151405336755
1600.000000000000000   -0.001871792840181
1610.000000000000000   -0.006027626780406
1620.000000000000000   -0.008547554895620
1630.000000000000000   -0.004865264385769
1640.000000000000000   -0.002250598138813
1650.000000000000000   -0.002216698696628
1660.000000000000000   -0.009250478838631
1670.000000000000000   -0.005480081406986
1680.000000000000000   -0.007061552770576
1690.000000000000000   -0.009002129309466
1700.000000000000000   -0.006954028911503
1710.000000000000000   -0.002190812482202
1720.000000000000000   -0.009455036881788
1730.000000000000000   -0.010228894202610
1740.000000000000000   -0.003479017223768
1750.000000000000000   -0.008092916989160
1760.000000000000000   -0.007227705618081
1770.000000000000000   -0.011413203031184
1780.000000000000000   -0.010471252306428
1790.000000000000000   -0.002863041052462
1800.000000000000000   -0.006197479615698
1810.000000000000000   -0.011954990101758
1820.000000000000000   -0.002659267829924
1830.000000000000000   -0.012038697591690
1840.000000000000000   -0.007053191882631
1850.000000000000000   -0.013358910111670
1860.000000000000000   -0.002642128493251
1870.000000000000000   -0.002868596958435
1880.000000000000000   -0.008444098647231
1890.000000000000000   -0.016260538351128
1900.000000000000000   -0.004136873366648
1910.000000000000000   -0.014792988149987
1920.000000000000000   -0.010181010536348
1930.000000000000000   -0.003132586309466
1940.000000000000000   -0.007841398867701
1950.000000000000000   -0.002900997431092
1960.000000000000000   -0.014644502519404
1970.000000000000000   -0.011463513450947
1980.000000000000000   -0.003367508095744
1990.000000000000000   -0.003601704159736
