   0.000000000000000  -1305071.366661442210898
  10.000000000000000  -1305071.366785110672936
  20.000000000000000  -1305071.368364143418148
  30.000000000000000  -1305071.372913091676310
  40.000000000000000  -1305071.380961885210127
  50.000000000000000  -1305071.392637663520873
  60.000000000000000  -1305071.407918994314969
  70.000000000000000  -1305071.426664843922481
  80.000000000000000  -1305071.448753395117819
  90.000000000000000  -1305071.474008672405034
 100.000000000000000  -1305071.502323010936379
 110.000000000000000  -1305071.533527038060129
 120.000000000000000  -1305071.567444371990860
 130.000000000000000  -1305071.604052236070856
 140.000000000000000  -1305071.643106884555891
 150.000000000000000  -1305071.684668734436855
 160.000000000000000  -1305071.728458435041830
 170.000000000000000  -1305071.774469748139381
 180.000000000000000  -1305071.822600739309564
 190.000000000000000  -1305071.872814166359603
 200.000000000000000  -1305071.924937768373638
 210.000000000000000  -1305071.978961511980742
 220.000000000000000  -1305072.034794257255271
 230.000000000000000  -1305072.092446492519230
 240.000000000000000  -1305072.151631984626874
 250.000000000000000  -1305072.212565714493394
 260.000000000000000  -1305072.275125756394118
 270.000000000000000  -1305072.339139551855624
 280.000000000000000  -1305072.404842644464225
 290.000000000000000  -1305072.471842444501817
 300.000000000000000  -1305072.540269772754982
 310.000000000000000  -1305072.609976619714871
 320.000000000000000  -1305072.681145742302760
 330.000000000000000  -1305072.753433685051277
 340.000000000000000  -1305072.826907459180802
 350.000000000000000  -1305072.902234009932727
 360.000000000000000  -1305072.978361410787329
 370.000000000000000  -1305073.055712969740853
 380.000000000000000  -1305073.133818619186059
 390.000000000000000  -1305073.213568183593452
 400.000000000000000  -1305073.293972203275189
 410.000000000000000  -1305073.375521963462234
 420.000000000000000  -1305073.458278251346201
 430.000000000000000  -1305073.541996775660664
 440.000000000000000  -1305073.626653689891100
 450.000000000000000  -1305073.712273956742138
 460.000000000000000  -1305073.799061967059970
 470.000000000000000  -1305073.887086283415556
 480.000000000000000  -1305073.975095347966999
 490.000000000000000  -1305074.064478212967515
 500.000000000000000  -1305074.154746332438663
 510.000000000000000  -1305074.245886608958244
 520.000000000000000  -1305074.338181632105261
 530.000000000000000  -1305074.431036411086097
 540.000000000000000  -1305074.524440417299047
 550.000000000000000  -1305074.619068425148726
 560.000000000000000  -1305074.714409538544714
 570.000000000000000  -1305074.810255197342485
 580.000000000000000  -1305074.907318293116987
 590.000000000000000  -1305075.004848014097661
 600.000000000000000  -1305075.103117644554004
 610.000000000000000  -1305075.202126027084887
 620.000000000000000  -1305075.302319434471428
 630.000000000000000  -1305075.402639159467071
 640.000000000000000  -1305075.503814925439656
 650.000000000000000  -1305075.605864683864638
 660.000000000000000  -1305075.708601345773786
 670.000000000000000  -1305075.811699007637799
 680.000000000000000  -1305075.915718542877585
 690.000000000000000  -1305076.020291389198974
 700.000000000000000  -1305076.125456991372630
 710.000000000000000  -1305076.231376535957679
 720.000000000000000  -1305076.338015328161418
 730.000000000000000  -1305076.445040758233517
 740.000000000000000  -1305076.552941259462386
 750.000000000000000  -1305076.661193388979882
 760.000000000000000  -1305076.770106351934373
 770.000000000000000  -1305076.879777133697644
 780.000000000000000  -1305076.989898727741092
 790.000000000000000  -1305077.100455935578793
 800.000000000000000  -1305077.211796641582623
 810.000000000000000  -1305077.323977043852210
 820.000000000000000  -1305077.435914845904335
 830.000000000000000  -1305077.549855270655826
 840.000000000000000  -1305077.663065254921094
 850.000000000000000  -1305077.776583617553115
 860.000000000000000  -1305077.890917642740533
 870.000000000000000  -1305078.007361779920757
 880.000000000000000  -1305078.122640254441649
 890.000000000000000  -1305078.238817234523594
 900.000000000000000  -1305078.355003820499405
 910.000000000000000  -1305078.471922724042088
 920.000000000000000  -1305078.590974127175286
 930.000000000000000  -1305078.709193147718906
 940.000000000000000  -1305078.825639907503501
 950.000000000000000  -1305078.945251391269267
 960.000000000000000  -1305079.066096345894039
 970.000000000000000  -1305079.187337987124920
 980.000000000000000  -1305079.308155480306596
 990.000000000000000  -1305079.426824635826051
1000.000000000000000  -1305079.548553313594311
1010.000000000000000  -1305079.670555800432339
1020.000000000000000  -1305079.793758701067418
1030.000000000000000  -1305079.915145981591195
1040.000000000000000  -1305080.038945464650169
1050.000000000000000  -1305080.163402528036386
1060.000000000000000  -1305080.287106300937012
1070.000000000000000  -1305080.411105524981394
1080.000000000000000  -1305080.538699310505763
1090.000000000000000  -1305080.663185509620234
1100.000000000000000  -1305080.788930581649765
1110.000000000000000  -1305080.912586420308799
1120.000000000000000  -1305081.038511518621817
1130.000000000000000  -1305081.172699663555250
1140.000000000000000  -1305081.294187918305397
1150.000000000000000  -1305081.421250036451966
1160.000000000000000  -1305081.551304993219674
1170.000000000000000  -1305081.681031735381112
1180.000000000000000  -1305081.812871840782464
1190.000000000000000  -1305081.939134011277929
1200.000000000000000  -1305082.068398552248254
1210.000000000000000  -1305082.201225453056395
1220.000000000000000  -1305082.328589634504169
1230.000000000000000  -1305082.460631727706641
1240.000000000000000  -1305082.594277319032699
1250.000000000000000  -1305082.723580940859392
1260.000000000000000  -1305082.852948693558574
1270.000000000000000  -1305082.988989745033905
1280.000000000000000  -1305083.119120004819706
1290.000000000000000  -1305083.253582255449146
1300.000000000000000  -1305083.385542909614742
1310.000000000000000  -1305083.520389630692080
1320.000000000000000  -1305083.656637955224141
1330.000000000000000  -1305083.790646162582561
1340.000000000000000  -1305083.930022875545546
1350.000000000000000  -1305084.065061274683103
1360.000000000000000  -1305084.195816111750901
1370.000000000000000  -1305084.319922573631629
1380.000000000000000  -1305084.468620912404731
1390.000000000000000  -1305084.615328729152679
1400.000000000000000  -1305084.741855869069695
1410.000000000000000  -1305084.880157669307664
1420.000000000000000  -1305085.014171127462760
1430.000000000000000  -1305085.154661678709090
1440.000000000000000  -1305085.281778567237779
1450.000000000000000  -1305085.430804668460041
1460.000000000000000  -1305085.565973393386230
1470.000000000000000  -1305085.665503422962502
1480.000000000000000  -1305085.850473713595420
1490.000000000000000  -1305085.963581190211698
1500.000000000000000  -1305086.093489943305030
1510.000000000000000  -1305086.218685458647087
1520.000000000000000  -1305086.353879118105397
1530.000000000000000  -1305086.493524107849225
1540.000000000000000  -1305086.634416503366083
1550.000000000000000  -1305086.782937340904027
1560.000000000000000  -1305086.912705859635025
1570.000000000000000  -1305087.060220361454412
1580.000000000000000  -1305087.192108519142494
1590.000000000000000  -1305087.408247901592404
1600.000000000000000  -1305087.477563926950097
1610.000000000000000  -1305087.671393814263865
1620.000000000000000  -1305087.837621052749455
1630.000000000000000  -1305087.942434842931107
1640.000000000000000  -1305088.050457876175642
1650.000000000000000  -1305088.191695698304102
1660.000000000000000  -1305088.414107546675950
1670.000000000000000  -1305088.519649812486023
1680.000000000000000  -1305088.679828383261338
1690.000000000000000  -1305088.842629938386381
1700.000000000000000  -1305088.966751350089908
1710.000000000000000  -1305089.048596327425912
1720.000000000000000  -1305089.280818830244243
1730.000000000000000  -1305089.432859372813255
1740.000000000000000  -1305089.501802746439353
1750.000000000000000  -1305089.700419651111588
1760.000000000000000  -1305089.839314795564860
1770.000000000000000  -1305090.025356949772686
1780.000000000000000  -1305090.162895342335105
1790.000000000000000  -1305090.218456506030634
1800.000000000000000  -1305090.411668352084234
1810.000000000000000  -1305090.616823645541444
1820.000000000000000  -1305090.653949104715139
1830.000000000000000  -1305090.912272211164236
1840.000000000000000  -1305091.010957991704345
1850.000000000000000  -1305091.219483526656404
1860.000000000000000  -1305091.240536378696561
1870.000000000000000  -1305091.392201381735504
1880.000000000000000  -1305091.617249040864408
1890.000000000000000  -1305091.837772802915424
1900.000000000000000  -1305091.857193717267364
1910.000000000000000  -1305092.126178231090307
1920.000000000000000  -1305092.231912509771064
1930.000000000000000  -1305092.286562447436154
1940.000000000000000  -1305092.506042940774933
1950.000000000000000  -1305092.581162828253582
1960.000000000000000  -1305092.874946316238493
1970.000000000000000  -1305092.994689582614228
1980.000000000000000  -1305093.038702368037775
1990.000000000000000  -1305093.192626946838573
