   0.000000000000000         0.000000000000000
  10.000000000000000         8.066731114483511
  20.000000000000000         4.726617488170347
  30.000000000000000         3.793747241247933
  40.000000000000000         3.189251182027925
  50.000000000000000         2.852240870220183
  60.000000000000000         2.638335865459896
  70.000000000000000         2.483677838654954
  80.000000000000000         2.378649475084128
  90.000000000000000         2.320393567786302
 100.000000000000000         2.301567762292493
 110.000000000000000         2.205775186446318
 120.000000000000000         2.216626579320802
 130.000000000000000         2.157456292569286
 140.000000000000000         2.151400628269896
 150.000000000000000         2.176936421011779
 160.000000000000000         2.081528312265816
 170.000000000000000         2.109497966124459
 180.000000000000000         2.115128518808329
 190.000000000000000         2.086499853093954
 200.000000000000000         2.090511882362609
 210.000000000000000         2.114911981257001
 220.000000000000000         2.062707050059905
 230.000000000000000         2.037484495427107
 240.000000000000000         2.055303247902167
 250.000000000000000         2.086311808264158
 260.000000000000000         2.060856000386031
 270.000000000000000         2.080571252777185
 280.000000000000000         2.114638158868333
 290.000000000000000         2.070674246855663
 300.000000000000000         2.069261079160509
 310.000000000000000         2.055182032911212
 320.000000000000000         2.055585842500926
 330.000000000000000         2.007364501227055
 340.000000000000000         2.103341718424344
 350.000000000000000         2.127459665127267
 360.000000000000000         2.086861853232874
 370.000000000000000         2.062315571783572
 380.000000000000000         1.963960557942392
 390.000000000000000         2.098070499977481
 400.000000000000000         2.073171787865392
 410.000000000000000         2.040666144120948
 420.000000000000000         2.092813505544116
 430.000000000000000         2.022318583544330
 440.000000000000000         2.019927394330725
 450.000000000000000         2.005186376915017
 460.000000000000000         1.873673937769074
 470.000000000000000         1.982991565642833
 480.000000000000000         2.128213357503975
 490.000000000000000         2.144770898213689
 500.000000000000000         2.083751837678930
 510.000000000000000         1.790819731490050
 520.000000000000000         1.854275256137589
 530.000000000000000         2.324630591648974
 540.000000000000000         2.278859911722206
 550.000000000000000         1.720511405525707
 560.000000000000000         2.061650012141902
 570.000000000000000         2.094170142937319
 580.000000000000000         1.888948867807728
 590.000000000000000         2.363383962307350
 600.000000000000000         2.356912810652831
 610.000000000000000         1.099434682728253
 620.000000000000000         1.920424189109510
 630.000000000000000         2.593497420084904
 640.000000000000000         1.252877634523552
 650.000000000000000         1.173899444735013
 660.000000000000000         2.732664002565358
 670.000000000000000         3.088848503950349
 680.000000000000000         1.389711829237745
 690.000000000000000         1.936694673703859
 700.000000000000000         2.270863155489832
 710.000000000000000         2.203605409384122
 720.000000000000000         1.713536575012328
 730.000000000000000         1.780332149382162
 740.000000000000000         2.075193191655819
 750.000000000000000         1.573904383349869
 760.000000000000000         2.070680369103956
 770.000000000000000         1.894128152599921
 780.000000000000000         1.997250764598376
 790.000000000000000         1.973494841787288
 800.000000000000000         2.655172530065866
 810.000000000000000         1.548445960183099
 820.000000000000000         2.695283141178640
 830.000000000000000         3.401267170884657
 840.000000000000000         0.638944009162492
 850.000000000000000         0.057421674006671
 860.000000000000000         3.742862081806414
 870.000000000000000         3.484013534857697
 880.000000000000000         1.167653607236339
 890.000000000000000         1.537973100807883
 900.000000000000000         1.046687968657649
 910.000000000000000         3.364096994072064
 920.000000000000000         3.220954492726465
 930.000000000000000        -1.139279187388695
 940.000000000000000        -0.114587888856169
 950.000000000000000         4.185337583660595
 960.000000000000000         4.443324461195203
 970.000000000000000         3.298385211181957
 980.000000000000000        -0.464603382621362
 990.000000000000000        -0.357220815647043
1000.000000000000000         2.287858097373208
1010.000000000000000         2.888431621361604
1020.000000000000000         1.206532870086561
1030.000000000000000         0.615922198721099
1040.000000000000000         3.156559630422878
1050.000000000000000         2.286186043125895
1060.000000000000000         1.013385896055687
1070.000000000000000         3.588484759774213
1080.000000000000000         3.068786946521138
1090.000000000000000         0.689223009518703
1100.000000000000000        -0.504263933279795
1110.000000000000000        -0.824083486904447
1120.000000000000000         7.786049924322501
1130.000000000000000         2.604306180314996
1140.000000000000000        -4.436096402516423
1150.000000000000000         2.598110236299139
1160.000000000000000         4.288303488662704
1170.000000000000000         4.763631715744331
1180.000000000000000         1.337899371680936
1190.000000000000000        -1.460946942046187
1200.000000000000000         3.212468610356420
1210.000000000000000         1.370704250938692
1220.000000000000000        -0.042118150063829
1230.000000000000000         4.614983365851311
1240.000000000000000         1.894355408275356
1250.000000000000000        -2.010642112561978
1260.000000000000000         2.333876630822482
1270.000000000000000         1.848171980524312
1280.000000000000000         0.749907486578184
1290.000000000000000         1.819025498315142
1300.000000000000000         1.234340445146410
1310.000000000000000         3.751570011679433
1320.000000000000000         2.717518076324704
1330.000000000000000         4.345970001890550
1340.000000000000000         4.661382930717110
1350.000000000000000        -1.337342230378673
1360.000000000000000        -9.588215925850607
1370.000000000000000         1.994960331800351
1380.000000000000000        16.167394874846977
1390.000000000000000         1.390754577837565
1400.000000000000000        -3.973870997706675
1410.000000000000000         0.419469809738960
1420.000000000000000         0.825301441410305
1430.000000000000000        -3.925498985187041
1440.000000000000000         1.425830962316757
1450.000000000000000         6.395343895550169
1460.000000000000000       -25.347571734282713
1470.000000000000000         6.865734732192134
1480.000000000000000        13.103303634449166
1490.000000000000000       -24.841345539443026
1500.000000000000000       -16.953764016259065
1510.000000000000000       -15.065985206813099
1520.000000000000000        -3.580106630950853
1530.000000000000000         2.023665752497617
1540.000000000000000         9.178065449212969
1550.000000000000000        -0.862905835276857
1560.000000000000000        -1.722422022965463
1570.000000000000000        -1.105334968578119
1580.000000000000000        60.780068337613947
1590.000000000000000         2.220832908192483
1600.000000000000000       -18.560199720654392
1610.000000000000000        47.784236018612170
1620.000000000000000        -7.188173677784069
1630.000000000000000       -49.328342020479027
1640.000000000000000       -30.525122986900929
1650.000000000000000        68.544178857610277
1660.000000000000000        22.585521585908815
1670.000000000000000       -14.185928876593662
1680.000000000000000        21.677723104607299
1690.000000000000000        -0.797923611391466
1700.000000000000000       -49.624505582793773
1710.000000000000000        21.403758934235299
1720.000000000000000        50.704173099710061
1730.000000000000000       -35.906108707157145
1740.000000000000000       -16.389945534613148
1750.000000000000000        26.557051459178350
1760.000000000000000        19.076185356935159
1770.000000000000000        16.302650337723779
1780.000000000000000       -51.755794863220480
1790.000000000000000       -37.698231468482916
1800.000000000000000        68.180021036855408
1810.000000000000000       -24.909394202773274
1820.000000000000000         0.319076897574414
1830.000000000000000        30.160551981908970
1840.000000000000000         7.116895480869827
1850.000000000000000       -29.852157680804307
1860.000000000000000      -104.533795153765965
1870.000000000000000        65.572428656516323
1880.000000000000000        86.876487759401854
1890.000000000000000       -24.921378192748247
1900.000000000000000        -9.551430201373195
1910.000000000000000        35.188385759533311
1920.000000000000000       -74.656681464803313
1930.000000000000000       -21.872678516526616
1940.000000000000000        -2.650659068931582
1950.000000000000000        58.688138999346251
1960.000000000000000        53.116219610914534
1970.000000000000000       -71.142564966567335
1980.000000000000000       -82.636059111959881
1990.000000000000000       118.144681400595374
