# Volume points
 414.72818    1.42149   1.30284   0.91287   0.33798  -0.36960  -1.17953  -2.07245  -3.03504  -4.05762  -5.13284  -6.25494  -7.41930  -8.62212  -9.86021 -11.13089 -12.43185 -13.76107 -15.11679 -16.49748 -17.90174
 415.36007    1.40564   1.28662   0.89593   0.32020  -0.38826  -1.19910  -2.09295  -3.05648  -4.08000  -5.15616  -6.27921  -7.44451  -8.64828  -9.88732 -11.15896 -12.46086 -13.79104 -15.14772 -16.52936 -17.93458
 415.99259    1.39042   1.27109   0.87972   0.30317  -0.40618  -1.21794  -2.11273  -3.07721  -4.10170  -5.17884  -6.30287  -7.46917  -8.67393  -9.91398 -11.18662 -12.48954 -13.82073 -15.17843 -16.56109 -17.96733
 416.62576    1.37567   1.25594   0.86383   0.28641  -0.42385  -1.23657  -2.13232  -3.09778  -4.12324  -5.20137  -6.32639  -7.49368  -8.69944  -9.94049 -11.21413 -12.51805 -13.85024 -15.20894 -16.59261 -17.99986
 417.25958    1.36142   1.24131   0.84843   0.27012  -0.44111  -1.25481  -2.15157  -3.11804  -4.14454  -5.22370  -6.34976  -7.51810  -8.72491  -9.96701 -11.24171 -12.54668 -13.87994 -15.23971 -16.62445 -18.03276
 417.89403    1.34775   1.22723   0.83359   0.25439  -0.45777  -1.27243  -2.17016  -3.13761  -4.16509  -5.24524  -6.37229  -7.54162  -8.74942  -9.99251 -11.26820 -12.57418 -13.90843 -15.26920 -16.65493 -18.06424
 418.52913    1.33449   1.21355   0.81910   0.23895  -0.47422  -1.28993  -2.18873  -3.15726  -4.18584  -5.26709  -6.39525  -7.56569  -8.77462 -10.01883 -11.29565 -12.60276 -13.93815 -15.30006 -16.68693 -18.09739
 419.16487    1.32173   1.20038   0.80518   0.22414  -0.48996  -1.30662  -2.20639  -3.17590  -4.20546  -5.28769  -6.41684  -7.58828  -8.79819 -10.04340 -11.32122 -12.62932 -13.96571 -15.32861 -16.71649 -18.12795
 419.80125    1.30944   1.18756   0.79155   0.20966  -0.50530  -1.32281  -2.22341  -3.19375  -4.22410  -5.30713  -6.43706  -7.60926  -8.81992 -10.06588 -11.34443 -12.65326 -13.99036 -15.35397 -16.74255 -18.15470
 420.43828    1.29778   1.17557   0.77872   0.19577  -0.52036  -1.33910  -2.24099  -3.21264  -4.24436  -5.32876  -6.46009  -7.63372  -8.84583 -10.09324 -11.37327 -12.68358 -14.02219 -15.38731 -16.77741 -18.19110
 421.07595    1.28660   1.16400   0.76640   0.18260  -0.53443  -1.35410  -2.25693  -3.22952  -4.26218  -5.34754  -6.47982  -7.65440  -8.86746 -10.11583 -11.39681 -12.70808 -14.04763 -15.41372 -16.80477 -18.21941
 421.71427    1.27581   1.15272   0.75419   0.16931  -0.54887  -1.36972  -2.27375  -3.24758  -4.28147  -5.36807  -6.50161  -7.67745  -8.89177 -10.14141 -11.42367 -12.73622 -14.07706 -15.44443 -16.83678 -18.25272
 422.35323    1.26553   1.14201   0.74270   0.15692  -0.56221  -1.38403  -2.28904  -3.26385  -4.29873  -5.38632  -6.52085  -7.69768  -8.91300 -10.16364 -11.44689 -12.76043 -14.10227 -15.47064 -16.86398 -18.28091
 422.99283    1.25575   1.13179   0.73162   0.14483  -0.57536  -1.39828  -2.30440  -3.28034  -4.31636  -5.40510  -6.54079  -7.71878  -8.93526 -10.18707 -11.47149 -12.78621 -14.12923 -15.49878 -16.89330 -18.31142
 423.63309    1.24657   1.12220   0.72133   0.13375  -0.58726  -1.41100  -2.31794  -3.29470  -4.33154  -5.42109  -6.55758  -7.73638  -8.95367 -10.20626 -11.49148 -12.80699 -14.15079 -15.52112 -16.91642 -18.33532
 424.27398    1.23769   1.11284   0.71111   0.12255  -0.59949  -1.42428  -2.33230  -3.31013  -4.34805  -5.43869  -6.57627  -7.75615  -8.97453 -10.22822 -11.51453 -12.83114 -14.17604 -15.54746 -16.94386 -18.36386
 424.91553    1.22939   1.10407   0.70149   0.11197  -0.61109  -1.43691  -2.34597  -3.32485  -4.36382  -5.45551  -6.59414  -7.77508  -8.99452 -10.24926 -11.53662 -12.85429 -14.20024 -15.57272 -16.97017 -18.39122
 425.55772    1.22162   1.09584   0.69243   0.10195  -0.62210  -1.44895  -2.35905  -3.33897  -4.37899  -5.47173  -6.61142  -7.79341  -9.01390 -10.26971 -11.55813 -12.87685 -14.22386 -15.59740 -16.99592 -18.41803
 426.20055    1.21426   1.08799   0.68368   0.09217  -0.63297  -1.46093  -2.37215  -3.35321  -4.39437  -5.48827  -6.62911  -7.81227  -9.03392 -10.29089 -11.58049 -12.90038 -14.24857 -15.62329 -17.02298 -18.44627
 426.84404    1.20738   1.08059   0.67532   0.08270  -0.64361  -1.47279  -2.38524  -3.36755  -4.40998  -5.50514  -6.64726  -7.83170  -9.05464 -10.31291 -11.60380 -12.92500 -14.27449 -15.65052 -17.05153 -18.47614
 427.48817    1.20100   1.07374   0.66765   0.07410  -0.65317  -1.48333  -2.39677  -3.38006  -4.42348  -5.51963  -6.66273  -7.84816  -9.07209 -10.33134 -11.62321 -12.94539 -14.29587 -15.67287 -17.07486 -18.50044
 428.13294    1.19510   1.06737   0.66045   0.06598  -0.66227  -1.49340  -2.40782  -3.39210  -4.43650  -5.53363  -6.67772  -7.86412  -9.08903 -10.34926 -11.64210 -12.96526 -14.31670 -15.69468 -17.09763 -18.52418
 428.77837    1.18963   1.06130   0.65333   0.05767  -0.67182  -1.50424  -2.41997  -3.40557  -4.45130  -5.54977  -6.69520  -7.88296  -9.10923 -10.37081 -11.66503 -12.98955 -14.34237 -15.72172 -17.12606 -18.55399
 429.42445    1.18465   1.05587   0.64707   0.05046  -0.68002  -1.51345  -2.43020  -3.41683  -4.46359  -5.56309  -6.70956  -7.89835  -9.12565 -10.38828 -11.68353 -13.00908 -14.36294 -15.74333 -17.14870 -18.57767
 430.07117    1.18015   1.05080   0.64105   0.04337  -0.68823  -1.52279  -2.44068  -3.42845  -4.47636  -5.57701  -6.72463  -7.91458  -9.14303 -10.40681 -11.70321 -13.02991 -14.38492 -15.76646 -17.17298 -18.60310
 430.71854    1.17607   1.04616   0.63539   0.03656  -0.69625  -1.53205  -2.45120  -3.44025  -4.48944  -5.59139  -6.74031  -7.93155  -9.16132 -10.42641 -11.72412 -13.05215 -14.40848 -15.79135 -17.19920 -18.63065
 431.36656    1.17245   1.04197   0.63033   0.03054  -0.70325  -1.54003  -2.46016  -3.45018  -4.50034  -5.60324  -6.75311  -7.94530  -9.17600 -10.44202 -11.74066 -13.06961 -14.42686 -15.81064 -17.21939 -18.65175
 432.01523    1.16938   1.03837   0.62575   0.02483  -0.71014  -1.54814  -2.46950  -3.46078  -4.51219  -5.61637  -6.76752  -7.96099  -9.19298 -10.46030 -11.76025 -13.09050 -14.44905 -15.83414 -17.24421 -18.67788
 432.66456    1.16668   1.03509   0.62151   0.01952  -0.71656  -1.55569  -2.47820  -3.47061  -4.52318  -5.62850  -6.78079  -7.97542  -9.20855 -10.47701 -11.77810 -13.10950 -14.46920 -15.85543 -17.26664 -18.70145
 433.31453    1.16440   1.03221   0.61750   0.01422  -0.72325  -1.56380  -2.48776  -3.48165  -4.53571  -5.64254  -6.79636  -7.99252  -9.22719 -10.49721 -11.79986 -13.13282 -14.49409 -15.88190 -17.29470 -18.73111
 433.96515    1.16269   1.02990   0.61417   0.00976  -0.72887  -1.57061  -2.49577  -3.49087  -4.54614  -5.65418  -6.80921  -8.00658  -9.24247 -10.51369 -11.81755 -13.15173 -14.51421 -15.90324 -17.31725 -18.75487
 434.61642    1.16126   1.02787   0.61121   0.00578  -0.73389  -1.57668  -2.50288  -3.49901  -4.55531  -5.66437  -6.82042  -8.01880  -9.25570 -10.52793 -11.83278 -13.16795 -14.53142 -15.92143 -17.33642 -18.77501
 435.26835    1.16036   1.02633   0.60853   0.00179  -0.73926  -1.58346  -2.51109  -3.50868  -4.56645  -5.67700  -6.83453  -8.03441  -9.27282 -10.54656 -11.85293 -13.18963 -14.55463 -15.94617 -17.36270 -18.80284
 435.92092    1.15992   1.02518   0.60626  -0.00169  -0.74400  -1.58948  -2.51840  -3.51727  -4.57631  -5.68814  -6.84696  -8.04811  -9.28779 -10.56281 -11.87046 -13.20843 -14.57470 -15.96751 -17.38530 -18.82670
 436.57415    1.15990   1.02455   0.60457  -0.00457  -0.74812  -1.59485  -2.52504  -3.52519  -4.58552  -5.69863  -6.85874  -8.06118  -9.30216 -10.57847 -11.88742 -13.22668 -14.59425 -15.98836 -17.40746 -18.85016
 437.22803    1.16034   1.02427   0.60322  -0.00708  -0.75179  -1.59970  -2.53105  -3.53236  -4.59384  -5.70810  -6.86934  -8.07292  -9.31502 -10.59245 -11.90251 -13.24289 -14.61156 -16.00677 -17.42696 -18.87075
 437.88257    1.16121   1.02445   0.60222  -0.00939  -0.75548  -1.60479  -2.53757  -3.54031  -4.60324  -5.71895  -6.88166  -8.08670  -9.33026 -10.60916 -11.92070 -13.26255 -14.63270 -16.02939 -17.45106 -18.89634
 438.53775    1.16249   1.02514   0.60201  -0.01057  -0.75765  -1.60794  -2.54170  -3.54541  -4.60929  -5.72595  -6.88960  -8.09557  -9.34006 -10.61988 -11.93233 -13.27508 -14.64613 -16.04371 -17.46628 -18.91244
 439.19359    1.16419   1.02610   0.60172  -0.01227  -0.76081  -1.61261  -2.54789  -3.55314  -4.61859  -5.73681  -6.90203  -8.10958  -9.35566 -10.63707 -11.95112 -13.29548 -14.66814 -16.06733 -17.49151 -18.93929
 439.85008    1.16638   1.02757   0.60208  -0.01312  -0.76292  -1.61597  -2.55251  -3.55902  -4.62572  -5.74521  -6.91168  -8.12049  -9.36782 -10.65048 -11.96577 -13.31137 -14.68527 -16.08571 -17.51113 -18.96014
 440.50723    1.16906   1.02949   0.60278  -0.01376  -0.76494  -1.61941  -2.55738  -3.56532  -4.63346  -5.75438  -6.92230  -8.13255  -9.38133 -10.66544 -11.98218 -13.32923 -14.70458 -16.10647 -17.53335 -18.98382
 441.16503    1.17205   1.03181   0.60411  -0.01349  -0.76575  -1.62128  -2.56031  -3.56930  -4.63848  -5.76043  -6.92937  -8.14064  -9.39042 -10.67553 -11.99326 -13.34130 -14.71763 -16.12049 -17.54833 -18.99977
 441.82348    1.17552   1.03435   0.60517  -0.01406  -0.76801  -1.62527  -2.56604  -3.57681  -4.64776  -5.77150  -6.94224  -8.15531  -9.40691 -10.69383 -12.01338 -13.36325 -14.74141 -16.14611 -17.57579 -19.02906
 442.48259    1.17944   1.03754   0.60727  -0.01314  -0.76830  -1.62677  -2.56876  -3.58073  -4.65290  -5.77784  -6.94978  -8.16404  -9.41683 -10.70494 -12.02568 -13.37673 -14.75607 -16.16194 -17.59279 -19.04724
 443.14236    1.18381   1.04106   0.60949  -0.01232  -0.76891  -1.62883  -2.57227  -3.58570  -4.65932  -5.78572  -6.95911  -8.17484  -9.42908 -10.71864 -12.04083 -13.39333 -14.77411 -16.18144 -17.61373 -19.06962
 443.80278    1.18848   1.04488   0.61213  -0.01094  -0.76880  -1.62998  -2.57468  -3.58935  -4.66420  -5.79183  -6.96643  -8.18336  -9.43879 -10.72955 -12.05292 -13.40659 -14.78855 -16.19703 -17.63049 -19.08753
 444.46386    1.19369   1.04922   0.61513  -0.00941  -0.76879  -1.63152  -2.57778  -3.59403  -4.67046  -5.79967  -6.97586  -8.19438  -9.45141 -10.74377 -12.06874 -13.42402 -14.80758 -16.21767 -17.65274 -19.11139
 445.12559    1.19923   1.05390   0.61862  -0.00716  -0.76778  -1.63174  -2.57922  -3.59666  -4.67428  -5.80466  -6.98202  -8.20169  -9.45986 -10.75334 -12.07944 -13.43582 -14.82049 -16.23168 -17.66783 -19.12757
 445.78798    1.20522   1.05911   0.62266  -0.00438  -0.76628  -1.63153  -2.58029  -3.59901  -4.67791  -5.80956  -6.98819  -8.20912  -9.46855 -10.76328 -12.09063 -13.44826 -14.83417 -16.24660 -17.68399 -19.14496
 446.45102    1.21160   1.06474   0.62716  -0.00108  -0.76421  -1.63070  -2.58068  -3.60063  -4.68074  -5.81361  -6.99343  -8.21556  -9.47619 -10.77211 -12.10064 -13.45945 -14.84653 -16.26013 -17.69869 -19.16082
 447.11473    1.21791   1.07082   0.63443   0.00814  -0.75250  -1.61608  -2.56284  -3.57928  -4.65564  -5.78454  -6.96022  -8.17803  -9.43418 -10.72550 -12.04928 -13.40323 -14.78534 -16.19386 -17.62723 -19.08408
 447.77909    1.22559   1.07707   0.63728   0.00674  -0.75866  -1.62737  -2.57955  -3.60164  -4.68386  -5.81880  -7.00067  -8.22482  -9.48742 -10.78531 -12.11577 -13.47650 -14.86548 -16.28096 -17.72137 -19.18534
 448.44411    1.23317   1.08379   0.64274   0.01086  -0.75591  -1.62600  -2.57955  -3.60301  -4.68660  -5.82290  -7.00612  -8.23162  -9.49558 -10.79481 -12.12662 -13.48868 -14.87899 -16.29580 -17.73754 -19.20284
 449.10978    1.24119   1.09071   0.64817   0.01473  -0.75360  -1.62524  -2.58033  -3.60533  -4.69044  -5.82825  -7.01298  -8.23996  -9.50540 -10.80611 -12.13938 -13.50291 -14.89467 -16.31293 -17.75611 -19.22284
 449.77612    1.24952   1.09826   0.65471   0.02025  -0.74908  -1.62169  -2.57772  -3.60362  -4.68961  -5.82828  -7.01384  -8.24164  -9.50788 -10.80936 -12.14340 -13.50768 -14.90019 -16.31916 -17.76306 -19.23050
 450.44311    1.25833   1.10601   0.66114   0.02535  -0.74529  -1.61918  -2.57646  -3.60358  -4.69076  -5.83061  -7.01732  -8.24626  -9.51361 -10.81619 -12.15132 -13.51667 -14.91023 -16.33025 -17.77519 -19.24364
 451.11076    1.26748   1.11437   0.66856   0.03185  -0.73967  -1.61439  -2.57245  -3.60033  -4.68823  -5.82876  -7.01614  -8.24571  -9.51368 -10.81686 -12.15256 -13.51846 -14.91256 -16.33311 -17.77855 -19.24750
 451.77908    1.27707   1.12306   0.67614   0.03833  -0.73425  -1.60998  -2.56902  -3.59783  -4.68664  -5.82804  -7.01626  -8.24666  -9.51543 -10.81940 -12.15586 -13.52251 -14.91734 -16.33860 -17.78474 -19.25437
 452.44805    1.28698   1.13204   0.68410   0.04532  -0.72816  -1.60473  -2.56455  -3.59410  -4.68359  -5.82565  -7.01449  -8.24547  -9.51480 -10.81929 -12.15626 -13.52339 -14.91869 -16.34039 -17.78695 -19.25699
 453.11768    1.29735   1.14165   0.69299   0.05357  -0.72043  -1.59744  -2.55762  -3.58747  -4.67720  -5.81944  -7.00842  -8.23950  -9.50889 -10.81341 -12.15037 -13.51746 -14.91269 -16.33429 -17.78073 -19.25063
 453.78797    1.30800   1.15223   0.70394   0.06517  -0.70798  -1.58396  -2.54297  -3.57152  -4.65987  -5.80062  -6.98803  -8.21748  -9.48515 -10.78790 -12.12303 -13.48824 -14.88154 -16.30117 -17.74559 -19.21342

# Fitted data
 414.72818    1.42169   1.30286   0.91290   0.33791  -0.36989  -1.17936  -2.07185  -3.03384  -4.05710  -5.13178  -6.25264  -7.41764  -8.61959  -9.85747 -11.12759 -12.43439 -13.77006 -15.11493 -16.49845 -17.90964
 414.92348    1.41674   1.29781   0.90763   0.33240  -0.37565  -1.18543  -2.07822  -3.04053  -4.06404  -5.13905  -6.26023  -7.42552  -8.62778  -9.86596 -11.13641 -12.44310 -13.77863 -15.12454 -16.50813 -17.91915
 415.11878    1.41184   1.29281   0.90242   0.32694  -0.38138  -1.19145  -2.08455  -3.04717  -4.07093  -5.14627  -6.26779  -7.43336  -8.63593  -9.87441 -11.14519 -12.45179 -13.78719 -15.13412 -16.51779 -17.92865
 415.31408    1.40699   1.28786   0.89726   0.32153  -0.38705  -1.19742  -2.09083  -3.05376  -4.07778  -5.15346  -6.27530  -7.44116  -8.64404  -9.88282 -11.15394 -12.46046 -13.79574 -15.14367 -16.52743 -17.93814
 415.50938    1.40219   1.28296   0.89214   0.31616  -0.39268  -1.20335  -2.09707  -3.06031  -4.08459  -5.16060  -6.28277  -7.44892  -8.65211  -9.89120 -11.16265 -12.46910 -13.80428 -15.15320 -16.53704 -17.94763
 415.70467    1.39744   1.27811   0.88707   0.31084  -0.39826  -1.20924  -2.10326  -3.06682  -4.09135  -5.16771  -6.29020  -7.45664  -8.66015  -9.89954 -11.17132 -12.47772 -13.81281 -15.16269 -16.54664 -17.95711
 415.89997    1.39275   1.27331   0.88206   0.30557  -0.40380  -1.21508  -2.10941  -3.07329  -4.09808  -5.17477  -6.29759  -7.46432  -8.66814  -9.90785 -11.17996 -12.48632 -13.82133 -15.17216 -16.55621 -17.96658
 416.09527    1.38810   1.26857   0.87709   0.30034  -0.40929  -1.22087  -2.11551  -3.07971  -4.10476  -5.18179  -6.30494  -7.47196  -8.67610  -9.91612 -11.18856 -12.49489 -13.82984 -15.18159 -16.56577 -17.97604
 416.29057    1.38351   1.26387   0.87217   0.29517  -0.41473  -1.22662  -2.12157  -3.08608  -4.11141  -5.18877  -6.31225  -7.47957  -8.68402  -9.92435 -11.19713 -12.50343 -13.83833 -15.19100 -16.57529 -17.98550
 416.48587    1.37897   1.25922   0.86729   0.29004  -0.42013  -1.23233  -2.12759  -3.09242  -4.11801  -5.19571  -6.31952  -7.48713  -8.69191  -9.93255 -11.20566 -12.51195 -13.84681 -15.20037 -16.58480 -17.99494
 416.68117    1.37447   1.25462   0.86247   0.28495  -0.42549  -1.23799  -2.13356  -3.09871  -4.12457  -5.20260  -6.32675  -7.49465  -8.69975  -9.94070 -11.21415 -12.52045 -13.85528 -15.20972 -16.59428 -18.00438
 416.87647    1.37003   1.25007   0.85769   0.27992  -0.43079  -1.24361  -2.13948  -3.10495  -4.13109  -5.20946  -6.33394  -7.50214  -8.70756  -9.94882 -11.22260 -12.52892 -13.86374 -15.21904 -16.60375 -18.01380
 417.07177    1.36564   1.24557   0.85297   0.27493  -0.43606  -1.24918  -2.14537  -3.11116  -4.13757  -5.21627  -6.34109  -7.50959  -8.71533  -9.95691 -11.23102 -12.53737 -13.87219 -15.22833 -16.61318 -18.02322
 417.26707    1.36129   1.24111   0.84829   0.26999  -0.44127  -1.25470  -2.15121  -3.11732  -4.14400  -5.22305  -6.34820  -7.51699  -8.72306  -9.96496 -11.23940 -12.54579 -13.88062 -15.23758 -16.62260 -18.03262
 417.46237    1.35700   1.23671   0.84366   0.26509  -0.44645  -1.26018  -2.15700  -3.12344  -4.15040  -5.22978  -6.35526  -7.52436  -8.73075  -9.97297 -11.24775 -12.55419 -13.88904 -15.24681 -16.63199 -18.04202
 417.65766    1.35276   1.23236   0.83907   0.26024  -0.45157  -1.26562  -2.16275  -3.12951  -4.15676  -5.23647  -6.36229  -7.53169  -8.73841  -9.98094 -11.25606 -12.56256 -13.89744 -15.25601 -16.64135 -18.05140
 417.85296    1.34857   1.22805   0.83454   0.25544  -0.45666  -1.27101  -2.16846  -3.13555  -4.16307  -5.24313  -6.36928  -7.53898  -8.74603  -9.98888 -11.26433 -12.57090 -13.90583 -15.26517 -16.65070 -18.06077
 418.04826    1.34442   1.22380   0.83005   0.25068  -0.46169  -1.27636  -2.17413  -3.14153  -4.16935  -5.24974  -6.37623  -7.54623  -8.75361  -9.99678 -11.27257 -12.57922 -13.91420 -15.27431 -16.66002 -18.07013
 418.24356    1.34033   1.21959   0.82561   0.24597  -0.46669  -1.28167  -2.17975  -3.14748  -4.17558  -5.25631  -6.38314  -7.55344  -8.76115 -10.00465 -11.28077 -12.58751 -13.92256 -15.28342 -16.66931 -18.07947
 418.43886    1.33628   1.21543   0.82122   0.24131  -0.47163  -1.28693  -2.18532  -3.15339  -4.18177  -5.26284  -6.39001  -7.56062  -8.76865 -10.01247 -11.28894 -12.59578 -13.93090 -15.29249 -16.67858 -18.08880
 418.63416    1.33229   1.21132   0.81687   0.23669  -0.47654  -1.29215  -2.19086  -3.15925  -4.18792  -5.26933  -6.39683  -7.56775  -8.77612 -10.02026 -11.29707 -12.60402 -13.93923 -15.30154 -16.68783 -18.09812
 418.82946    1.32834   1.20725   0.81257   0.23212  -0.48139  -1.29732  -2.19635  -3.16507  -4.19403  -5.27577  -6.40362  -7.57485  -8.78355 -10.02802 -11.30516 -12.61223 -13.94754 -15.31055 -16.69705 -18.10743
 419.02476    1.32445   1.20324   0.80832   0.22759  -0.48621  -1.30245  -2.20180  -3.17084  -4.20010  -5.28218  -6.41037  -7.58190  -8.79094 -10.03574 -11.31321 -12.62041 -13.95584 -15.31953 -16.70624 -18.11672
 419.22006    1.32060   1.19927   0.80411   0.22311  -0.49098  -1.30753  -2.20720  -3.17658  -4.20613  -5.28855  -6.41708  -7.58892  -8.79829 -10.04342 -11.32123 -12.62857 -13.96412 -15.32849 -16.71541 -18.12600
 419.41536    1.31680   1.19535   0.79996   0.21868  -0.49570  -1.31258  -2.21257  -3.18227  -4.21212  -5.29488  -6.42375  -7.59590  -8.80561 -10.05106 -11.32921 -12.63671 -13.97238 -15.33741 -16.72456 -18.13526
 419.61065    1.31305   1.19148   0.79584   0.21429  -0.50039  -1.31758  -2.21789  -3.18792  -4.21807  -5.30117  -6.43038  -7.60284  -8.81288 -10.05867 -11.33716 -12.64481 -13.98062 -15.34630 -16.73368 -18.14451
 419.80595    1.30934   1.18766   0.79178   0.20994  -0.50502  -1.32253  -2.22316  -3.19353  -4.22398  -5.30741  -6.43697  -7.60974  -8.82012 -10.06624 -11.34507 -12.65289 -13.98885 -15.35516 -16.74277 -18.15374
 420.00125    1.30569   1.18388   0.78776   0.20564  -0.50962  -1.32744  -2.22840  -3.19910  -4.22985  -5.31362  -6.44352  -7.61661  -8.82732 -10.07377 -11.35294 -12.66094 -13.99706 -15.36399 -16.75184 -18.16296
 420.19655    1.30208   1.18015   0.78379   0.20139  -0.51417  -1.33231  -2.23359  -3.20462  -4.23568  -5.31979  -6.45003  -7.62343  -8.83449 -10.08127 -11.36078 -12.66896 -14.00525 -15.37278 -16.76088 -18.17216
 420.39185    1.29853   1.17647   0.77986   0.19718  -0.51867  -1.33714  -2.23874  -3.21010  -4.24147  -5.32591  -6.45650  -7.63022  -8.84162 -10.08873 -11.36858 -12.67696 -14.01342 -15.38155 -16.76989 -18.18135
 420.58715    1.29502   1.17284   0.77598   0.19301  -0.52313  -1.34192  -2.24385  -3.21554  -4.24721  -5.33200  -6.46294  -7.63697  -8.84871 -10.09615 -11.37634 -12.68492 -14.02157 -15.39028 -16.77888 -18.19051
 420.78245    1.29156   1.16925   0.77215   0.18889  -0.52755  -1.34666  -2.24891  -3.22094  -4.25292  -5.33805  -6.46933  -7.64368  -8.85576 -10.10354 -11.38407 -12.69286 -14.02971 -15.39899 -16.78785 -18.19966
 420.97775    1.28814   1.16571   0.76836   0.18482  -0.53193  -1.35136  -2.25393  -3.22630  -4.25859  -5.34406  -6.47568  -7.65035  -8.86277 -10.11089 -11.39176 -12.70077 -14.03782 -15.40766 -16.79678 -18.20880
 421.17305    1.28478   1.16222   0.76461   0.18079  -0.53626  -1.35601  -2.25891  -3.23161  -4.26422  -5.35002  -6.48200  -7.65698  -8.86975 -10.11820 -11.39942 -12.70865 -14.04592 -15.41629 -16.80569 -18.21791
 421.36834    1.28146   1.15877   0.76092   0.17680  -0.54055  -1.36062  -2.26385  -3.23689  -4.26981  -5.35595  -6.48827  -7.66357  -8.87669 -10.12548 -11.40704 -12.71651 -14.05399 -15.42490 -16.81457 -18.22701
 421.56364    1.27819   1.15537   0.75726   0.17286  -0.54479  -1.36519  -2.26875  -3.24212  -4.27535  -5.36184  -6.49451  -7.67013  -8.88359 -10.13272 -11.41462 -12.72433 -14.06205 -15.43348 -16.82343 -18.23609
 421.75894    1.27496   1.15201   0.75366   0.16897  -0.54899  -1.36972  -2.27360  -3.24731  -4.28086  -5.36769  -6.50070  -7.67665  -8.89045 -10.13992 -11.42217 -12.73213 -14.07008 -15.44202 -16.83226 -18.24515
 421.95424    1.27178   1.14871   0.75010   0.16511  -0.55315  -1.37420  -2.27841  -3.25246  -4.28633  -5.37349  -6.50686  -7.68313  -8.89728 -10.14709 -11.42967 -12.73990 -14.07809 -15.45053 -16.84105 -18.25420
 422.14954    1.26866   1.14544   0.74658   0.16131  -0.55727  -1.37864  -2.28318  -3.25757  -4.29176  -5.37926  -6.51298  -7.68957  -8.90407 -10.15422 -11.43715 -12.74763 -14.08609 -15.45901 -16.84983 -18.26322
 422.34484    1.26557   1.14223   0.74311   0.15754  -0.56134  -1.38304  -2.28791  -3.26264  -4.29715  -5.38499  -6.51906  -7.69597  -8.91082 -10.16132 -11.44458 -12.75534 -14.09406 -15.46746 -16.85857 -18.27222
 422.54014    1.26254   1.13906   0.73968   0.15382  -0.56537  -1.38740  -2.29260  -3.26767  -4.30250  -5.39068  -6.52510  -7.70233  -8.91753 -10.16837 -11.45198 -12.76302 -14.10200 -15.47587 -16.86729 -18.28120
 422.73544    1.25955   1.13593   0.73630   0.15014  -0.56936  -1.39171  -2.29724  -3.27265  -4.30781  -5.39633  -6.53110  -7.70866  -8.92421 -10.17539 -11.45935 -12.77067 -14.10993 -15.48425 -16.87597 -18.29017
 422.93074    1.25661   1.13286   0.73297   0.14651  -0.57330  -1.39599  -2.30185  -3.27760  -4.31308  -5.40195  -6.53706  -7.71495  -8.93085 -10.18238 -11.46668 -12.77829 -14.11783 -15.49260 -16.88463 -18.29911
 423.12604    1.25371   1.12982   0.72968   0.14292  -0.57721  -1.40022  -2.30641  -3.28250  -4.31831  -5.40752  -6.54299  -7.72120  -8.93745 -10.18932 -11.47397 -12.78588 -14.12572 -15.50092 -16.89326 -18.30803
 423.32133    1.25086   1.12684   0.72643   0.13937  -0.58107  -1.40441  -2.31093  -3.28737  -4.32350  -5.41305  -6.54887  -7.72741  -8.94402 -10.19623 -11.48122 -12.79344 -14.13357 -15.50920 -16.90187 -18.31693
 423.51663    1.24806   1.12389   0.72323   0.13587  -0.58488  -1.40855  -2.31541  -3.29219  -4.32866  -5.41854  -6.55472  -7.73359  -8.95054 -10.20311 -11.48844 -12.80098 -14.14141 -15.51745 -16.91044 -18.32581
 423.71193    1.24530   1.12100   0.72007   0.13241  -0.58866  -1.41266  -2.31985  -3.29697  -4.33377  -5.42400  -6.56053  -7.73972  -8.95703 -10.20994 -11.49562 -12.80848 -14.14922 -15.52567 -16.91898 -18.33466
 423.90723    1.24259   1.11815   0.71695   0.12900  -0.59239  -1.41672  -2.32425  -3.30171  -4.33884  -5.42941  -6.56630  -7.74582  -8.96349 -10.21674 -11.50277 -12.81595 -14.15701 -15.53386 -16.92750 -18.34350
 424.10253    1.23992   1.11534   0.71388   0.12562  -0.59608  -1.42075  -2.32861  -3.30641  -4.34388  -5.43479  -6.57203  -7.75188  -8.96990 -10.22351 -11.50988 -12.82339 -14.16477 -15.54201 -16.93598 -18.35231
 424.29783    1.23730   1.11258   0.71086   0.12229  -0.59973  -1.42473  -2.33293  -3.31108  -4.34887  -5.44013  -6.57772  -7.75790  -8.97628 -10.23024 -11.51695 -12.83079 -14.17251 -15.55013 -16.94444 -18.36110
 424.49313    1.23473   1.10986   0.70787   0.11900  -0.60334  -1.42867  -2.33720  -3.31570  -4.35383  -5.44542  -6.58337  -7.76389  -8.98262 -10.23693 -11.52399 -12.83817 -14.18023 -15.55822 -16.95287 -18.36986
 424.68843    1.23220   1.10719   0.70494   0.11576  -0.60691  -1.43257  -2.34144  -3.32028  -4.35875  -5.45068  -6.58898  -7.76984  -8.98892 -10.24358 -11.53099 -12.84552 -14.18792 -15.56627 -16.96126 -18.37860
 424.88373    1.22972   1.10456   0.70204   0.11256  -0.61043  -1.43642  -2.34563  -3.32482  -4.36362  -5.45591  -6.59456  -7.77575  -8.99519 -10.25020 -11.53795 -12.85284 -14.19558 -15.57429 -16.96963 -18.38732
 425.07903    1.22728   1.10198   0.69919   0.10940  -0.61391  -1.44024  -2.34979  -3.32932  -4.36846  -5.46109  -6.60010  -7.78162  -9.00142 -10.25678 -11.54488 -12.86012 -14.20322 -15.58228 -16.97797 -18.39601
 425.27432    1.22489   1.09944   0.69638   0.10628  -0.61735  -1.44402  -2.35390  -3.33378  -4.37326  -5.46623  -6.60560  -7.78745  -9.00761 -10.26332 -11.55177 -12.86738 -14.21084 -15.59023 -16.98627 -18.40468
 425.46962    1.22255   1.09695   0.69362   0.10321  -0.62075  -1.44775  -2.35797  -3.33820  -4.37803  -5.47133  -6.61106  -7.79325  -9.01377 -10.26983 -11.55863 -12.87460 -14.21842 -15.59815 -16.99455 -18.41333
 425.66492    1.22024   1.09450   0.69089   0.10018  -0.62411  -1.45144  -2.36201  -3.34258  -4.38275  -5.47640  -6.61648  -7.79901  -9.01989 -10.27630 -11.56544 -12.88179 -14.22599 -15.60604 -17.00279 -18.42195
 425.86022    1.21799   1.09209   0.68822   0.09719  -0.62743  -1.45510  -2.36600  -3.34692  -4.38743  -5.48143  -6.62187  -7.80473  -9.02597 -10.28274 -11.57223 -12.88895 -14.23352 -15.61389 -17.01101 -18.43054
 426.05552    1.21578   1.08973   0.68558   0.09424  -0.63070  -1.45871  -2.36995  -3.35122  -4.39208  -5.48642  -6.62721  -7.81041  -9.03201 -10.28913 -11.57897 -12.89608 -14.24103 -15.62171 -17.01919 -18.43911
 426.25082    1.21361   1.08741   0.68299   0.09133  -0.63394  -1.46228  -2.37386  -3.35548  -4.39669  -5.49137  -6.63252  -7.81606  -9.03802 -10.29550 -11.58568 -12.90318 -14.24851 -15.62950 -17.02735 -18.44766
 426.44612    1.21149   1.08514   0.68044   0.08847  -0.63713  -1.46581  -2.37774  -3.35970  -4.40125  -5.49628  -6.63779  -7.82167  -9.04399 -10.30182 -11.59236 -12.91024 -14.25597 -15.63725 -17.03547 -18.45617
 426.64142    1.20941   1.08291   0.67793   0.08565  -0.64028  -1.46930  -2.38157  -3.36388  -4.40578  -5.50115  -6.64302  -7.82724  -9.04992 -10.30811 -11.59899 -12.91727 -14.26339 -15.64497 -17.04356 -18.46466
 426.83672    1.20738   1.08072   0.67547   0.08287  -0.64339  -1.47275  -2.38536  -3.36803  -4.41028  -5.50599  -6.64822  -7.83278  -9.05582 -10.31436 -11.60559 -12.92427 -14.27079 -15.65265 -17.05162 -18.47313
 427.03201    1.20539   1.07858   0.67304   0.08013  -0.64646  -1.47617  -2.38911  -3.37213  -4.41473  -5.51079  -6.65337  -7.83827  -9.06168 -10.32058 -11.61216 -12.93124 -14.27816 -15.66030 -17.05964 -18.48156
 427.22731    1.20344   1.07647   0.67066   0.07743  -0.64949  -1.47954  -2.39283  -3.37619  -4.41914  -5.51554  -6.65849  -7.84373  -9.06750 -10.32676 -11.61869 -12.93818 -14.28550 -15.66792 -17.06764 -18.48997
 427.42261    1.20154   1.07442   0.66833   0.07478  -0.65248  -1.48287  -2.39650  -3.38022  -4.42352  -5.52026  -6.66357  -7.84916  -9.07329 -10.33290 -11.62518 -12.94508 -14.29282 -15.67550 -17.07560 -18.49835
 427.61791    1.19968   1.07240   0.66603   0.07216  -0.65543  -1.48616  -2.40014  -3.38420  -4.42786  -5.52495  -6.66862  -7.85454  -9.07903 -10.33901 -11.63164 -12.95195 -14.30010 -15.68304 -17.08354 -18.50671
 427.81321    1.19787   1.07043   0.66378   0.06959  -0.65834  -1.48941  -2.40373  -3.38815  -4.43216  -5.52959  -6.67362  -7.85989  -9.08475 -10.34508 -11.63805 -12.95879 -14.30736 -15.69056 -17.09144 -18.51503
 428.00851    1.19610   1.06850   0.66157   0.06706  -0.66121  -1.49262  -2.40729  -3.39206  -4.43642  -5.53420  -6.67859  -7.86520  -9.09042 -10.35111 -11.64444 -12.96559 -14.31459 -15.69803 -17.09930 -18.52333
 428.20381    1.19438   1.06662   0.65940   0.06456  -0.66404  -1.49579  -2.41080  -3.39593  -4.44064  -5.53877  -6.68352  -7.87047  -9.09606 -10.35711 -11.65079 -12.97236 -14.32178 -15.70548 -17.10714 -18.53160
 428.39911    1.19269   1.06477   0.65727   0.06211  -0.66683  -1.49892  -2.41428  -3.39976  -4.44483  -5.54330  -6.68841  -7.87571  -9.10166 -10.36307 -11.65710 -12.97910 -14.32895 -15.71289 -17.11494 -18.53984
 428.59441    1.19106   1.06297   0.65518   0.05970  -0.66957  -1.50201  -2.41772  -3.40355  -4.44897  -5.54779  -6.69326  -7.88091  -9.10722 -10.36899 -11.66337 -12.98580 -14.33609 -15.72026 -17.12271 -18.54805
 428.78971    1.18946   1.06121   0.65314   0.05734  -0.67228  -1.50506  -2.42112  -3.40730  -4.45308  -5.55225  -6.69808  -7.88607  -9.11275 -10.37488 -11.66961 -12.99247 -14.34320 -15.72760 -17.13045 -18.55623
 428.98500    1.18791   1.05950   0.65114   0.05501  -0.67495  -1.50807  -2.42447  -3.41101  -4.45715  -5.55666  -6.70286  -7.89120  -9.11824 -10.38073 -11.67581 -12.99911 -14.35027 -15.73491 -17.13815 -18.56438
 429.18030    1.18640   1.05782   0.64918   0.05272  -0.67758  -1.51105  -2.42780  -3.41469  -4.46119  -5.56104  -6.70760  -7.89629  -9.12370 -10.38654 -11.68198 -13.00572 -14.35732 -15.74218 -17.14582 -18.57250
 429.37560    1.18493   1.05619   0.64726   0.05047  -0.68017  -1.51398  -2.43108  -3.41832  -4.46518  -5.56539  -6.71230  -7.90134  -9.12912 -10.39232 -11.68811 -13.01229 -14.36433 -15.74942 -17.15346 -18.58059
 429.57090    1.18351   1.05460   0.64538   0.04827  -0.68271  -1.51688  -2.43432  -3.42192  -4.46914  -5.56969  -6.71697  -7.90636  -9.13450 -10.39807 -11.69420 -13.01882 -14.37132 -15.75662 -17.16107 -18.58865
 429.76620    1.18213   1.05305   0.64354   0.04610  -0.68522  -1.51973  -2.43752  -3.42548  -4.47306  -5.57396  -6.72160  -7.91133  -9.13984 -10.40377 -11.70026 -13.02533 -14.37827 -15.76378 -17.16864 -18.59668
 429.96150    1.18079   1.05155   0.64174   0.04398  -0.68769  -1.52255  -2.44069  -3.42900  -4.47694  -5.57819  -6.72619  -7.91628  -9.14515 -10.40944 -11.70628 -13.03179 -14.38519 -15.77091 -17.17617 -18.60468
 430.15680    1.17950   1.05008   0.63998   0.04189  -0.69012  -1.52532  -2.44382  -3.43249  -4.48079  -5.58238  -6.73075  -7.92118  -9.15042 -10.41507 -11.71227 -13.03823 -14.39208 -15.77801 -17.18368 -18.61264
 430.35210    1.17825   1.04866   0.63827   0.03984  -0.69251  -1.52806  -2.44691  -3.43593  -4.48460  -5.58653  -6.73527  -7.92605  -9.15566 -10.42067 -11.71822 -13.04463 -14.39893 -15.78507 -17.19115 -18.62058
 430.54740    1.17704   1.04728   0.63659   0.03784  -0.69487  -1.53076  -2.44996  -3.43934  -4.48837  -5.59065  -6.73975  -7.93088  -9.16086 -10.42623 -11.72413 -13.05099 -14.40576 -15.79210 -17.19858 -18.62848
 430.74270    1.17587   1.04594   0.63496   0.03587  -0.69718  -1.53342  -2.45297  -3.44271  -4.49210  -5.59473  -6.74419  -7.93567  -9.16602 -10.43176 -11.73000 -13.05732 -14.41255 -15.79909 -17.20598 -18.63635
 430.93799    1.17474   1.04464   0.63337   0.03395  -0.69945  -1.53605  -2.45594  -3.44604  -4.49579  -5.59877  -6.74860  -7.94043  -9.17114 -10.43724 -11.73585 -13.06362 -14.41930 -15.80604 -17.21335 -18.64419
 431.13329    1.17366   1.04338   0.63181   0.03206  -0.70169  -1.53863  -2.45888  -3.44933  -4.49945  -5.60278  -6.75297  -7.94515  -9.17623 -10.44269 -11.74165 -13.06988 -14.42603 -15.81296 -17.22068 -18.65199
 431.32859    1.17262   1.04217   0.63030   0.03021  -0.70388  -1.54118  -2.46178  -3.45258  -4.50307  -5.60675  -6.75730  -7.94984  -9.18129 -10.44811 -11.74742 -13.07611 -14.43272 -15.81985 -17.22798 -18.65976
 431.52389    1.17162   1.04099   0.62883   0.02841  -0.70604  -1.54368  -2.46464  -3.45580  -4.50666  -5.61068  -6.76159  -7.95449  -9.18630 -10.45349 -11.75315 -13.08230 -14.43938 -15.82669 -17.23525 -18.66750
 431.71919    1.17066   1.03986   0.62739   0.02664  -0.70816  -1.54615  -2.46746  -3.45898  -4.51020  -5.61458  -6.76585  -7.95910  -9.19128 -10.45883 -11.75885 -13.08846 -14.44600 -15.83351 -17.24248 -18.67520
 431.91449    1.16974   1.03876   0.62600   0.02491  -0.71024  -1.54858  -2.47024  -3.46212  -4.51371  -5.61843  -6.77007  -7.96368  -9.19622 -10.46414 -11.76451 -13.09458 -14.45259 -15.84028 -17.24967 -18.68287
 432.10979    1.16887   1.03771   0.62465   0.02322  -0.71228  -1.55097  -2.47299  -3.46523  -4.51718  -5.62225  -6.77426  -7.96821  -9.20113 -10.46941 -11.77013 -13.10067 -14.45915 -15.84703 -17.25683 -18.69051
 432.30509    1.16804   1.03670   0.62333   0.02157  -0.71428  -1.55333  -2.47570  -3.46829  -4.52062  -5.62604  -6.77841  -7.97272  -9.20600 -10.47464 -11.77572 -13.10672 -14.46567 -15.85373 -17.26395 -18.69811
 432.50039    1.16724   1.03572   0.62206   0.01996  -0.71624  -1.55564  -2.47837  -3.47132  -4.52401  -5.62979  -6.78252  -7.97718  -9.21084 -10.47984 -11.78127 -13.11273 -14.47215 -15.86040 -17.27104 -18.70568
 432.69568    1.16649   1.03479   0.62082   0.01838  -0.71817  -1.55792  -2.48100  -3.47432  -4.52737  -5.63350  -6.78659  -7.98161  -9.21564 -10.48500 -11.78679 -13.11871 -14.47861 -15.86704 -17.27810 -18.71321
 432.89098    1.16578   1.03390   0.61963   0.01685  -0.72006  -1.56016  -2.48360  -3.47727  -4.53070  -5.63717  -6.79063  -7.98601  -9.22040 -10.49013 -11.79227 -13.12466 -14.48502 -15.87364 -17.28511 -18.72071
 433.08628    1.16511   1.03305   0.61847   0.01535  -0.72190  -1.56236  -2.48615  -3.48019  -4.53398  -5.64081  -6.79463  -7.99037  -9.22512 -10.49522 -11.79771 -13.13056 -14.49140 -15.88020 -17.29210 -18.72817
 433.28158    1.16449   1.03224   0.61736   0.01390  -0.72372  -1.56453  -2.48867  -3.48307  -4.53723  -5.64441  -6.79860  -7.99469  -9.22981 -10.50027 -11.80312 -13.13644 -14.49775 -15.88672 -17.29904 -18.73560
 433.47688    1.16390   1.03146   0.61628   0.01248  -0.72549  -1.56665  -2.49116  -3.48591  -4.54045  -5.64797  -6.80253  -7.99897  -9.23447 -10.50529 -11.80849 -13.14227 -14.50406 -15.89321 -17.30595 -18.74299
 433.67218    1.16336   1.03073   0.61524   0.01110  -0.72722  -1.56874  -2.49360  -3.48872  -4.54362  -5.65150  -6.80642  -8.00322  -9.23909 -10.51027 -11.81383 -13.14807 -14.51033 -15.89967 -17.31283 -18.75035
 433.86748    1.16285   1.03004   0.61424   0.00976  -0.72892  -1.57080  -2.49601  -3.49149  -4.54676  -5.65499  -6.81027  -8.00744  -9.24367 -10.51522 -11.81913 -13.15384 -14.51657 -15.90609 -17.31967 -18.75767
 434.06278    1.16239   1.02939   0.61328   0.00846  -0.73058  -1.57281  -2.49839  -3.49422  -4.54987  -5.65844  -6.81409  -8.01161  -9.24821 -10.52013 -11.82439 -13.15957 -14.52277 -15.91247 -17.32647 -18.76495
 434.25808    1.16196   1.02878   0.61236   0.00719  -0.73220  -1.57479  -2.50072  -3.49691  -4.55293  -5.66186  -6.81788  -8.01576  -9.25272 -10.52500 -11.82962 -13.16526 -14.52893 -15.91881 -17.33324 -18.77219
 434.45338    1.16158   1.02820   0.61148   0.00597  -0.73378  -1.57673  -2.50302  -3.49957  -4.55596  -5.66524  -6.82162  -8.01986  -9.25719 -10.52984 -11.83481 -13.17091 -14.53506 -15.92512 -17.33996 -18.77940
 434.64867    1.16123   1.02767   0.61063   0.00478  -0.73533  -1.57863  -2.50528  -3.50219  -4.55896  -5.66859  -6.82533  -8.02393  -9.26163 -10.53464 -11.83997 -13.17653 -14.54115 -15.93140 -17.34666 -18.78657
 434.84397    1.16093   1.02717   0.60983   0.00363  -0.73684  -1.58050  -2.50750  -3.50478  -4.56191  -5.67190  -6.82901  -8.02797  -9.26603 -10.53940 -11.84509 -13.18211 -14.54720 -15.93763 -17.35331 -18.79371
 435.03927    1.16067   1.02672   0.60906   0.00251  -0.73831  -1.58232  -2.50969  -3.50733  -4.56483  -5.67517  -6.83265  -8.03196  -9.27040 -10.54413 -11.85017 -13.18766 -14.55321 -15.94383 -17.35993 -18.80080
 435.23457    1.16044   1.02630   0.60833   0.00144  -0.73975  -1.58412  -2.51184  -3.50984  -4.56772  -5.67841  -6.83625  -8.03593  -9.27473 -10.54882 -11.85522 -13.19317 -14.55919 -15.95000 -17.36652 -18.80786
 435.42987    1.16026   1.02592   0.60764   0.00040  -0.74114  -1.58587  -2.51396  -3.51231  -4.57057  -5.68161  -6.83981  -8.03985  -9.27902 -10.55348 -11.86024 -13.19864 -14.56513 -15.95612 -17.37306 -18.81488
 435.62517    1.16012   1.02559   0.60699  -0.00060  -0.74250  -1.58759  -2.51604  -3.51475  -4.57338  -5.68477  -6.84334  -8.04374  -9.28328 -10.55810 -11.86521 -13.20407 -14.57103 -15.96221 -17.37957 -18.82186
 435.82047    1.16001   1.02529   0.60638  -0.00156  -0.74382  -1.58927  -2.51808  -3.51716  -4.57615  -5.68790  -6.84684  -8.04760  -9.28750 -10.56268 -11.87015 -13.20947 -14.57690 -15.96827 -17.38604 -18.82880
 436.01577    1.15995   1.02502   0.60580  -0.00248  -0.74511  -1.59091  -2.52008  -3.51952  -4.57889  -5.69100  -6.85030  -8.05142  -9.29169 -10.56723 -11.87506 -13.21483 -14.58272 -15.97428 -17.39248 -18.83571
 436.21107    1.15992   1.02480   0.60526  -0.00337  -0.74636  -1.59252  -2.52205  -3.52185  -4.58160  -5.69405  -6.85372  -8.05520  -9.29584 -10.57175 -11.87993 -13.22015 -14.58850 -15.98026 -17.39887 -18.84257
 436.40636    1.15994   1.02462   0.60476  -0.00422  -0.74757  -1.59409  -2.52398  -3.52415  -4.58426  -5.69707  -6.85710  -8.05895  -9.29995 -10.57622 -11.88476 -13.22544 -14.59425 -15.98621 -17.40523 -18.84940
 436.60166    1.15999   1.02447   0.60430  -0.00504  -0.74875  -1.59563  -2.52588  -3.52641  -4.58690  -5.70006  -6.86045  -8.06266  -9.30403 -10.58066 -11.88956 -13.23069 -14.59996 -15.99211 -17.41155 -18.85618
 436.79696    1.16008   1.02436   0.60387  -0.00581  -0.74988  -1.59713  -2.52774  -3.52863  -4.58949  -5.70301  -6.86377  -8.06634  -9.30807 -10.58507 -11.89432 -13.23590 -14.60563 -15.99798 -17.41784 -18.86293
 436.99226    1.16022   1.02429   0.60348  -0.00655  -0.75099  -1.59859  -2.52957  -3.53082  -4.59205  -5.70592  -6.86705  -8.06998  -9.31208 -10.58944 -11.89905 -13.24107 -14.61126 -16.00382 -17.42408 -18.86964
 437.18756    1.16039   1.02426   0.60313  -0.00725  -0.75205  -1.60001  -2.53136  -3.53297  -4.59458  -5.70880  -6.87029  -8.07359  -9.31605 -10.59377 -11.90374 -13.24620 -14.61684 -16.00961 -17.43029 -18.87630
 437.38286    1.16060   1.02427   0.60282  -0.00792  -0.75308  -1.60140  -2.53311  -3.53508  -4.59706  -5.71165  -6.87350  -8.07716  -9.31999 -10.59807 -11.90839 -13.25130 -14.62239 -16.01537 -17.43646 -18.88293
 437.57816    1.16085   1.02431   0.60254  -0.00854  -0.75407  -1.60276  -2.53483  -3.53716  -4.59952  -5.71445  -6.87667  -8.08069  -9.32389 -10.60233 -11.91301 -13.25636 -14.62790 -16.02109 -17.44259 -18.88951
 437.77346    1.16113   1.02440   0.60231  -0.00914  -0.75503  -1.60408  -2.53651  -3.53920  -4.60193  -5.71723  -6.87981  -8.08419  -9.32775 -10.60656 -11.91759 -13.26138 -14.63337 -16.02677 -17.44869 -18.89606
 437.96876    1.16146   1.02452   0.60210  -0.00969  -0.75595  -1.60536  -2.53815  -3.54121  -4.60431  -5.71996  -6.88291  -8.08766  -9.33158 -10.61075 -11.92214 -13.26636 -14.63880 -16.03242 -17.45474 -18.90256
 438.16406    1.16182   1.02468   0.60194  -0.01021  -0.75683  -1.60660  -2.53976  -3.54318  -4.60666  -5.72266  -6.88597  -8.09109  -9.33537 -10.61490 -11.92665 -13.27131 -14.64418 -16.03803 -17.46076 -18.90902
 438.35935    1.16223   1.02487   0.60181  -0.01069  -0.75768  -1.60781  -2.54134  -3.54512  -4.60897  -5.72533  -6.88900  -8.09448  -9.33913 -10.61902 -11.93113 -13.27622 -14.64953 -16.04360 -17.46674 -18.91544
 438.55465    1.16267   1.02510   0.60172  -0.01114  -0.75849  -1.60899  -2.54288  -3.54702  -4.61124  -5.72796  -6.89200  -8.09784  -9.34285 -10.62311 -11.93557 -13.28108 -14.65484 -16.04914 -17.47268 -18.92182
 438.74995    1.16315   1.02537   0.60166  -0.01155  -0.75927  -1.61013  -2.54438  -3.54889  -4.61348  -5.73056  -6.89496  -8.10116  -9.34654 -10.62715 -11.93997 -13.28591 -14.66010 -16.05463 -17.47858 -18.92815
 438.94525    1.16367   1.02568   0.60165  -0.01192  -0.76001  -1.61123  -2.54585  -3.55072  -4.61568  -5.73312  -6.89788  -8.10445  -9.35019 -10.63116 -11.94434 -13.29071 -14.66532 -16.06009 -17.48444 -18.93445
 439.14055    1.16422   1.02603   0.60167  -0.01226  -0.76071  -1.61230  -2.54728  -3.55251  -4.61785  -5.73564  -6.90077  -8.10771  -9.35381 -10.63514 -11.94868 -13.29546 -14.67050 -16.06552 -17.49026 -18.94070
 439.33585    1.16482   1.02641   0.60172  -0.01256  -0.76138  -1.61333  -2.54868  -3.55427  -4.61998  -5.73813  -6.90362  -8.11092  -9.35739 -10.63908 -11.95297 -13.30017 -14.67564 -16.07090 -17.49604 -18.94691
 439.53115    1.16545   1.02683   0.60181  -0.01283  -0.76201  -1.61432  -2.55004  -3.55600  -4.62208  -5.74059  -6.90644  -8.11411  -9.36094 -10.64298 -11.95724 -13.30485 -14.68074 -16.07625 -17.50179 -18.95307
 439.72645    1.16612   1.02728   0.60194  -0.01306  -0.76261  -1.61529  -2.55137  -3.55769  -4.62414  -5.74301  -6.90922  -8.11726  -9.36445 -10.64685 -11.96146 -13.30948 -14.68579 -16.08156 -17.50749 -18.95920
 439.92175    1.16682   1.02777   0.60210  -0.01325  -0.76317  -1.61621  -2.55266  -3.55934  -4.62617  -5.74539  -6.91197  -8.12037  -9.36792 -10.65069 -11.96565 -13.31408 -14.69081 -16.08683 -17.51316 -18.96528
 440.11705    1.16757   1.02830   0.60230  -0.01341  -0.76370  -1.61710  -2.55392  -3.56096  -4.62816  -5.74774  -6.91469  -8.12345  -9.37136 -10.65448 -11.96981 -13.31864 -14.69578 -16.09207 -17.51879 -18.97131
 440.31234    1.16835   1.02887   0.60254  -0.01353  -0.76419  -1.61796  -2.55514  -3.56255  -4.63012  -5.75006  -6.91736  -8.12649  -9.37476 -10.65825 -11.97393 -13.32316 -14.70070 -16.09726 -17.52437 -18.97731
 440.50764    1.16917   1.02947   0.60281  -0.01362  -0.76464  -1.61878  -2.55633  -3.56410  -4.63204  -5.75234  -6.92001  -8.12950  -9.37813 -10.66197 -11.97801 -13.32764 -14.70559 -16.10242 -17.52992 -18.98326
 440.70294    1.17003   1.03011   0.60312  -0.01367  -0.76506  -1.61957  -2.55749  -3.56561  -4.63393  -5.75458  -6.92262  -8.13248  -9.38147 -10.66566 -11.98206 -13.33208 -14.71043 -16.10754 -17.53543 -18.98916
 440.89824    1.17092   1.03079   0.60346  -0.01369  -0.76545  -1.62032  -2.55860  -3.56710  -4.63578  -5.75680  -6.92519  -8.13542  -9.38477 -10.66932 -11.98608 -13.33648 -14.71523 -16.11263 -17.54089 -18.99502
 441.09354    1.17186   1.03150   0.60384  -0.01367  -0.76580  -1.62103  -2.55969  -3.56854  -4.63760  -5.75897  -6.92773  -8.13832  -9.38803 -10.67294 -11.99005 -13.34084 -14.71998 -16.11767 -17.54632 -19.00084
 441.28884    1.17282   1.03224   0.60425  -0.01361  -0.76611  -1.62172  -2.56074  -3.56995  -4.63938  -5.76111  -6.93023  -8.14119  -9.39126 -10.67652 -11.99400 -13.34516 -14.72469 -16.12268 -17.55171 -19.00661
 441.48414    1.17383   1.03303   0.60470  -0.01352  -0.76639  -1.62236  -2.56175  -3.57133  -4.64113  -5.76322  -6.93270  -8.14403  -9.39445 -10.68007 -11.99790 -13.34945 -14.72936 -16.12765 -17.55705 -19.01234
 441.67944    1.17487   1.03385   0.60519  -0.01340  -0.76664  -1.62297  -2.56274  -3.57268  -4.64284  -5.76529  -6.93513  -8.14683  -9.39761 -10.68358 -12.00177 -13.35369 -14.73398 -16.13258 -17.56236 -19.01802
 441.87474    1.17595   1.03470   0.60571  -0.01324  -0.76685  -1.62355  -2.56368  -3.57398  -4.64452  -5.76733  -6.93753  -8.14960  -9.40073 -10.68706 -12.00561 -13.35789 -14.73856 -16.13747 -17.56763 -19.02366
 442.07003    1.17707   1.03559   0.60626  -0.01305  -0.76702  -1.62410  -2.56460  -3.57526  -4.64616  -5.76934  -6.93990  -8.15233  -9.40382 -10.69050 -12.00941 -13.36206 -14.74309 -16.14233 -17.57285 -19.02925
 442.26533    1.17822   1.03652   0.60685  -0.01282  -0.76716  -1.62460  -2.56547  -3.57650  -4.64777  -5.77131  -6.94223  -8.15503  -9.40687 -10.69391 -12.01318 -13.36618 -14.74759 -16.14715 -17.57804 -19.03479
 442.46063    1.17941   1.03748   0.60748  -0.01255  -0.76727  -1.62508  -2.56632  -3.57771  -4.64934  -5.77324  -6.94453  -8.15769  -9.40989 -10.69728 -12.01691 -13.37027 -14.75203 -16.15193 -17.58319 -19.04029
 442.65593    1.18063   1.03848   0.60814  -0.01226  -0.76734  -1.62552  -2.56713  -3.57888  -4.65088  -5.77514  -6.94679  -8.16032  -9.41287 -10.70062 -12.02060 -13.37431 -14.75643 -16.15667 -17.58829 -19.04575
 442.85123    1.18190   1.03951   0.60884  -0.01192  -0.76738  -1.62593  -2.56790  -3.58002  -4.65239  -5.77701  -6.94901  -8.16291  -9.41582 -10.70392 -12.02426 -13.37831 -14.76079 -16.16137 -17.59335 -19.05116
 443.04653    1.18319   1.04058   0.60957  -0.01156  -0.76739  -1.62630  -2.56865  -3.58112  -4.65386  -5.77884  -6.95121  -8.16547  -9.41874 -10.70718 -12.02788 -13.38228 -14.76510 -16.16603 -17.59838 -19.05652
 443.24183    1.18453   1.04169   0.61033  -0.01116  -0.76735  -1.62664  -2.56936  -3.58219  -4.65530  -5.78064  -6.95337  -8.16800  -9.42161 -10.71041 -12.03147 -13.38620 -14.76936 -16.17066 -17.60336 -19.06183
 443.43713    1.18590   1.04283   0.61113  -0.01072  -0.76729  -1.62694  -2.57003  -3.58323  -4.65670  -5.78241  -6.95549  -8.17049  -9.42446 -10.71361 -12.03502 -13.39008 -14.77358 -16.17525 -17.60830 -19.06710
 443.63243    1.18730   1.04400   0.61196  -0.01025  -0.76719  -1.62721  -2.57067  -3.58423  -4.65807  -5.78414  -6.95758  -8.17295  -9.42727 -10.71677 -12.03854 -13.39393 -14.77776 -16.17980 -17.61320 -19.07232
 443.82773    1.18875   1.04521   0.61283  -0.00975  -0.76706  -1.62745  -2.57128  -3.58520  -4.65940  -5.78583  -6.95964  -8.17537  -9.43004 -10.71989 -12.04202 -13.39773 -14.78188 -16.18431 -17.61806 -19.07750
 444.02302    1.19023   1.04645   0.61373  -0.00921  -0.76689  -1.62765  -2.57185  -3.58613  -4.66070  -5.78750  -6.96166  -8.17776  -9.43278 -10.72298 -12.04547 -13.40149 -14.78597 -16.18878 -17.62288 -19.08262
 444.21832    1.19174   1.04773   0.61467  -0.00864  -0.76669  -1.62782  -2.57239  -3.58703  -4.66196  -5.78913  -6.96364  -8.18011  -9.43548 -10.72603 -12.04888 -13.40521 -14.79000 -16.19322 -17.62765 -19.08770
 444.41362    1.19329   1.04905   0.61564  -0.00803  -0.76645  -1.62795  -2.57290  -3.58790  -4.66320  -5.79072  -6.96560  -8.18243  -9.43815 -10.72905 -12.05226 -13.40889 -14.79399 -16.19761 -17.63239 -19.09274
 444.60892    1.19487   1.05040   0.61665  -0.00739  -0.76619  -1.62805  -2.57337  -3.58873  -4.66439  -5.79228  -6.96752  -8.18472  -9.44079 -10.73203 -12.05560 -13.41253 -14.79794 -16.20197 -17.63708 -19.09772
 444.80422    1.19649   1.05178   0.61769  -0.00672  -0.76588  -1.62812  -2.57381  -3.58953  -4.66556  -5.79381  -6.96940  -8.18697  -9.44339 -10.73498 -12.05891 -13.41613 -14.80183 -16.20629 -17.64173 -19.10266
 444.99952    1.19815   1.05320   0.61876  -0.00601  -0.76555  -1.62816  -2.57422  -3.59030  -4.66668  -5.79530  -6.97125  -8.18919  -9.44596 -10.73789 -12.06218 -13.41969 -14.80568 -16.21057 -17.64634 -19.10754
 445.19482    1.19984   1.05465   0.61987  -0.00527  -0.76518  -1.62816  -2.57459  -3.59104  -4.66778  -5.79676  -6.97307  -8.19138  -9.44849 -10.74077 -12.06542 -13.42321 -14.80949 -16.21481 -17.65091 -19.11238
 445.39012    1.20157   1.05613   0.62101  -0.00449  -0.76478  -1.62813  -2.57494  -3.59174  -4.66884  -5.79819  -6.97485  -8.19353  -9.45098 -10.74361 -12.06862 -13.42668 -14.81324 -16.21901 -17.65543 -19.11717
 445.58542    1.20333   1.05766   0.62218  -0.00369  -0.76434  -1.62806  -2.57524  -3.59240  -4.66987  -5.79958  -6.97660  -8.19564  -9.45345 -10.74642 -12.07178 -13.43012 -14.81695 -16.22317 -17.65992 -19.12192
 445.78072    1.20513   1.05921   0.62339  -0.00284  -0.76387  -1.62796  -2.57552  -3.59304  -4.67086  -5.80094  -6.97832  -8.19773  -9.45587 -10.74919 -12.07491 -13.43351 -14.82061 -16.22730 -17.66436 -19.12661
 445.97601    1.20696   1.06080   0.62463  -0.00197  -0.76337  -1.62783  -2.57576  -3.59364  -4.67182  -5.80227  -6.98000  -8.19978  -9.45827 -10.75193 -12.07801 -13.43686 -14.82423 -16.23139 -17.66876 -19.13126
 446.17131    1.20882   1.06242   0.62591  -0.00106  -0.76283  -1.62767  -2.57597  -3.59421  -4.67275  -5.80356  -6.98165  -8.20179  -9.46063 -10.75463 -12.08107 -13.44018 -14.82779 -16.23543 -17.67312 -19.13585
 446.36661    1.21072   1.06408   0.62722  -0.00012  -0.76226  -1.62747  -2.57614  -3.59474  -4.67364  -5.80482  -6.98326  -8.20377  -9.46295 -10.75729 -12.08410 -13.44345 -14.83131 -16.23944 -17.67744 -19.14040
 446.56191    1.21266   1.06577   0.62856   0.00085  -0.76166  -1.62724  -2.57629  -3.59525  -4.67450  -5.80605  -6.98484  -8.20572  -9.46524 -10.75993 -12.08709 -13.44668 -14.83478 -16.24341 -17.68171 -19.14489
 446.75721    1.21463   1.06749   0.62993   0.00186  -0.76102  -1.62698  -2.57640  -3.59572  -4.67533  -5.80724  -6.98639  -8.20764  -9.46750 -10.76252 -12.09004 -13.44986 -14.83821 -16.24734 -17.68594 -19.14934
 446.95251    1.21664   1.06925   0.63134   0.00290  -0.76035  -1.62668  -2.57648  -3.59615  -4.67612  -5.80840  -6.98790  -8.20952  -9.46972 -10.76508 -12.09296 -13.45301 -14.84158 -16.25123 -17.69013 -19.15374
 447.14781    1.21868   1.07104   0.63278   0.00397  -0.75965  -1.62635  -2.57652  -3.59656  -4.67688  -5.80953  -6.98938  -8.21137  -9.47190 -10.76761 -12.09585 -13.45611 -14.84491 -16.25509 -17.69427 -19.15808
 447.34311    1.22075   1.07287   0.63426   0.00508  -0.75892  -1.62599  -2.57653  -3.59693  -4.67760  -5.81062  -6.99083  -8.21318  -9.47406 -10.77010 -12.09870 -13.45918 -14.84818 -16.25890 -17.69838 -19.16238
 447.53841    1.22286   1.07473   0.63576   0.00622  -0.75815  -1.62560  -2.57651  -3.59727  -4.67830  -5.81168  -6.99224  -8.21496  -9.47618 -10.77256 -12.10151 -13.46220 -14.85141 -16.26268 -17.70244 -19.16662
 447.73370    1.22500   1.07662   0.63730   0.00739  -0.75735  -1.62517  -2.57646  -3.59757  -4.67896  -5.81271  -6.99362  -8.21671  -9.47826 -10.77498 -12.10429 -13.46518 -14.85459 -16.26641 -17.70646 -19.17082
 447.92900    1.22718   1.07854   0.63888   0.00859  -0.75652  -1.62471  -2.57638  -3.59785  -4.67958  -5.81370  -6.99497  -8.21842  -9.48031 -10.77737 -12.10704 -13.46812 -14.85772 -16.27011 -17.71043 -19.17496
 448.12430    1.22939   1.08050   0.64048   0.00982  -0.75566  -1.62422  -2.57626  -3.59809  -4.68017  -5.81466  -6.99628  -8.22010  -9.48233 -10.77972 -12.10975 -13.47101 -14.86080 -16.27377 -17.71436 -19.17906
 448.31960    1.23163   1.08249   0.64212   0.01109  -0.75476  -1.62370  -2.57611  -3.59830  -4.68073  -5.81559  -6.99756  -8.22175  -9.48431 -10.78204 -12.11243 -13.47386 -14.86384 -16.27739 -17.71825 -19.18310
 448.51490    1.23391   1.08452   0.64379   0.01239  -0.75383  -1.62314  -2.57593  -3.59847  -4.68126  -5.81649  -6.99881  -8.22336  -9.48626 -10.78432 -12.11507 -13.47668 -14.86682 -16.28097 -17.72210 -19.18709
 448.71020    1.23622   1.08657   0.64549   0.01373  -0.75287  -1.62255  -2.57572  -3.59862  -4.68175  -5.81735  -7.00002  -8.22494  -9.48817 -10.78657 -12.11767 -13.47945 -14.86975 -16.28451 -17.72590 -19.19103
 448.90550    1.23857   1.08866   0.64723   0.01509  -0.75188  -1.62193  -2.57547  -3.59873  -4.68221  -5.81818  -7.00120  -8.22649  -9.49005 -10.78878 -12.12024 -13.48217 -14.87263 -16.28801 -17.72966 -19.19492
 449.10080    1.24095   1.09078   0.64899   0.01649  -0.75085  -1.62128  -2.57520  -3.59881  -4.68264  -5.81898  -7.00235  -8.22800  -9.49189 -10.79096 -12.12278 -13.48486 -14.87547 -16.29147 -17.73338 -19.19876
 449.29610    1.24336   1.09294   0.65079   0.01792  -0.74979  -1.62060  -2.57489  -3.59886  -4.68303  -5.81974  -7.00346  -8.22948  -9.49371 -10.79310 -12.12528 -13.48750 -14.87825 -16.29489 -17.73705 -19.20254
 449.49140    1.24581   1.09513   0.65262   0.01938  -0.74870  -1.61988  -2.57455  -3.59887  -4.68339  -5.82047  -7.00455  -8.23093  -9.49548 -10.79521 -12.12775 -13.49010 -14.88099 -16.29828 -17.74068 -19.20628
 449.68669    1.24829   1.09735   0.65449   0.02087  -0.74758  -1.61913  -2.57418  -3.59886  -4.68372  -5.82117  -7.00559  -8.23234  -9.49723 -10.79728 -12.13018 -13.49266 -14.88367 -16.30162 -17.74427 -19.20996
 449.88199    1.25080   1.09960   0.65638   0.02239  -0.74642  -1.61835  -2.57377  -3.59881  -4.68402  -5.82184  -7.00661  -8.23372  -9.49894 -10.79932 -12.13258 -13.49518 -14.88630 -16.30492 -17.74781 -19.21359
 450.07729    1.25335   1.10189   0.65831   0.02395  -0.74524  -1.61754  -2.57334  -3.59873  -4.68428  -5.82247  -7.00759  -8.23507  -9.50061 -10.80133 -12.13494 -13.49765 -14.88888 -16.30819 -17.75131 -19.21716
 450.27259    1.25593   1.10420   0.66027   0.02554  -0.74402  -1.61670  -2.57287  -3.59862  -4.68451  -5.82308  -7.00854  -8.23639  -9.50225 -10.80330 -12.13727 -13.50008 -14.89142 -16.31142 -17.75476 -19.22069
 450.46789    1.25854   1.10655   0.66226   0.02716  -0.74277  -1.61582  -2.57237  -3.59847  -4.68471  -5.82365  -7.00946  -8.23767  -9.50386 -10.80523 -12.13956 -13.50247 -14.89390 -16.31460 -17.75817 -19.22416
 450.66319    1.26118   1.10893   0.66428   0.02881  -0.74149  -1.61492  -2.57184  -3.59830  -4.68487  -5.82418  -7.01034  -8.23892  -9.50544 -10.80713 -12.14182 -13.50482 -14.89633 -16.31775 -17.76154 -19.22757
 450.85849    1.26386   1.11135   0.66633   0.03049  -0.74018  -1.61398  -2.57128  -3.59809  -4.68501  -5.82469  -7.01119  -8.24013  -9.50698 -10.80900 -12.14405 -13.50712 -14.89871 -16.32086 -17.76487 -19.23094
 451.05379    1.26657   1.11379   0.66842   0.03221  -0.73883  -1.61301  -2.57069  -3.59785  -4.68510  -5.82516  -7.01201  -8.24132  -9.50848 -10.81083 -12.14624 -13.50938 -14.90103 -16.32393 -17.76815 -19.23425
 451.24909    1.26932   1.11627   0.67053   0.03395  -0.73746  -1.61201  -2.57006  -3.59758  -4.68517  -5.82560  -7.01280  -8.24247  -9.50996 -10.81262 -12.14839 -13.51160 -14.90331 -16.32695 -17.77138 -19.23751
 451.44439    1.27209   1.11878   0.67268   0.03573  -0.73605  -1.61098  -2.56941  -3.59728  -4.68521  -5.82601  -7.01355  -8.24358  -9.51139 -10.81439 -12.15051 -13.51378 -14.90554 -16.32994 -17.77457 -19.24071
 451.63968    1.27490   1.12132   0.67486   0.03754  -0.73461  -1.60991  -2.56872  -3.59695  -4.68521  -5.82639  -7.01427  -8.24467  -9.51280 -10.81611 -12.15260 -13.51591 -14.90771 -16.33289 -17.77772 -19.24386
 451.83498    1.27774   1.12389   0.67707   0.03937  -0.73314  -1.60882  -2.56800  -3.59658  -4.68518  -5.82673  -7.01496  -8.24572  -9.51417 -10.81781 -12.15465 -13.51800 -14.90983 -16.33580 -17.78082 -19.24696
 452.03028    1.28062   1.12650   0.67931   0.04124  -0.73164  -1.60769  -2.56725  -3.59619  -4.68512  -5.82704  -7.01561  -8.24674  -9.51551 -10.81946 -12.15666 -13.52004 -14.91190 -16.33867 -17.78388 -19.25000
 452.22558    1.28352   1.12913   0.68159   0.04314  -0.73011  -1.60654  -2.56647  -3.59576  -4.68502  -5.82732  -7.01624  -8.24773  -9.51682 -10.82109 -12.15865 -13.52205 -14.91392 -16.34150 -17.78690 -19.25299
 452.42088    1.28646   1.13180   0.68389   0.04508  -0.72854  -1.60535  -2.56566  -3.59530  -4.68490  -5.82757  -7.01683  -8.24868  -9.51809 -10.82268 -12.16059 -13.52401 -14.91588 -16.34430 -17.78987 -19.25593
 452.61618    1.28943   1.13450   0.68622   0.04704  -0.72695  -1.60413  -2.56482  -3.59481  -4.68474  -5.82779  -7.01739  -8.24961  -9.51932 -10.82423 -12.16251 -13.52592 -14.91780 -16.34705 -17.79279 -19.25881
 452.81148    1.29244   1.13723   0.68859   0.04903  -0.72533  -1.60288  -2.56395  -3.59429  -4.68455  -5.82797  -7.01791  -8.25049  -9.52053 -10.82575 -12.16439 -13.52780 -14.91966 -16.34976 -17.79568 -19.26164
 453.00678    1.29547   1.13999   0.69098   0.05105  -0.72367  -1.60160  -2.56305  -3.59374  -4.68432  -5.82812  -7.01841  -8.25135  -9.52170 -10.82724 -12.16623 -13.52963 -14.92147 -16.35243 -17.79851 -19.26441
 453.20208    1.29854   1.14278   0.69341   0.05311  -0.72198  -1.60029  -2.56211  -3.59316  -4.68407  -5.82825  -7.01887  -8.25218  -9.52284 -10.82869 -12.16804 -13.53142 -14.92322 -16.35506 -17.80131 -19.26712
 453.39737    1.30164   1.14560   0.69587   0.05519  -0.72027  -1.59895  -2.56115  -3.59255  -4.68378  -5.82833  -7.01930  -8.25297  -9.52394 -10.83011 -12.16982 -13.53316 -14.92493 -16.35766 -17.80405 -19.26978
 453.59267    1.30477   1.14845   0.69835   0.05731  -0.71852  -1.59758  -2.56016  -3.59190  -4.68346  -5.82839  -7.01970  -8.25373  -9.52501 -10.83149 -12.17156 -13.53486 -14.92658 -16.36021 -17.80676 -19.27239
 453.78797    1.30793   1.15134   0.70087   0.05945  -0.71674  -1.59617  -2.55913  -3.59123  -4.68311  -5.82842  -7.02006  -8.25445  -9.52605 -10.83284 -12.17326 -13.53652 -14.92818 -16.36272 -17.80941 -19.27494

# Minimas
 436.23701    1.15992 
 437.25018    1.02426 
 438.94381    0.60165 
 440.89142   -0.01369 
 442.96880   -0.76739 
 445.10483   -1.62816 
 447.32263   -2.57653 
 449.48960   -3.59887 
 451.55654   -4.68521 
 453.85062   -5.82842 
 455.92823   -7.02197 
 458.14051   -8.26235 
 459.85052   -9.54181 
 461.47928  -10.85896 
 463.55091  -12.21527 
 461.00469  -13.56691 
 459.40264  -14.95098 
 465.88252  -16.44017 
 464.89725  -17.88508 
 462.27800  -19.33061 

