        0.000000000000000       436.237012642774687
       10.000000000000000       436.242593906114621
       20.000000000000000       436.290146296183366
       30.000000000000000       436.370498835046760
       40.000000000000000       436.469877503033388
       50.000000000000000       436.578805591961896
       60.000000000000000       436.700324097820555
       70.000000000000000       436.826878554929635
       80.000000000000000       436.962203848089189
       90.000000000000000       437.101265852513166
      100.000000000000000       437.250177919818327
      110.000000000000000       437.404578913311354
      120.000000000000000       437.555943812568501
      130.000000000000000       437.725712617212366
      140.000000000000000       437.880194155284357
      150.000000000000000       438.060037331476906
      160.000000000000000       438.227694969748427
      170.000000000000000       438.400927924260145
      180.000000000000000       438.581200038642010
      190.000000000000000       438.762371296370191
      200.000000000000000       438.943808577461255
      210.000000000000000       439.131733448109401
      220.000000000000000       439.322936807407245
      230.000000000000000       439.506657744135339
      240.000000000000000       439.697166075937560
      250.000000000000000       439.889664987296726
      260.000000000000000       440.089842426524967
      270.000000000000000       440.281257477231065
      280.000000000000000       440.489359483710928
      290.000000000000000       440.688803822800992
      300.000000000000000       440.891415157722463
      310.000000000000000       441.093470676562845
      320.000000000000000       441.297116376619954
      330.000000000000000       441.500926417450501
      340.000000000000000       441.698948435121508
      350.000000000000000       441.926999162179413
      360.000000000000000       442.125661550052655
      370.000000000000000       442.347246087698068
      380.000000000000000       442.542348293918224
      390.000000000000000       442.748720070033642
      400.000000000000000       442.968803017650487
      410.000000000000000       443.175292245890205
      420.000000000000000       443.391934415652884
      430.000000000000000       443.610451906841888
      440.000000000000000       443.813368379745043
      450.000000000000000       444.034409639173703
      460.000000000000000       444.236079394162175
      470.000000000000000       444.428101407450129
      480.000000000000000       444.648693924568249
      490.000000000000000       444.878449423150585
      500.000000000000000       445.104825868932608
      510.000000000000000       445.323071569670731
      520.000000000000000       445.489210136419445
      530.000000000000000       445.714719627847671
      540.000000000000000       445.981255062059290
      550.000000000000000       446.207526878920476
      560.000000000000000       446.353402179664897
      570.000000000000000       446.647270398446267
      580.000000000000000       446.809612882330498
      590.000000000000000       447.053445524818017
      600.000000000000000       447.322627337567383
      610.000000000000000       447.571032414229421
      620.000000000000000       447.566644386363464
      630.000000000000000       447.979506117937035
      640.000000000000000       448.137540823606059
      650.000000000000000       448.253895805704985
      660.000000000000000       448.389877847185460
      670.000000000000000       448.829934437498309
      680.000000000000000       449.071681354064140
      690.000000000000000       449.136846788488867
      700.000000000000000       449.489603949522632
      710.000000000000000       449.641800894974836
      720.000000000000000       449.973685435527273
      730.000000000000000       450.024248670307713
      740.000000000000000       450.360812353679364
      750.000000000000000       450.485037806245487
      760.000000000000000       450.704717449742930
      770.000000000000000       450.939247798900510
      780.000000000000000       451.120384164296183
      790.000000000000000       451.375600578953652
      800.000000000000000       451.556544642381994
      810.000000000000000       451.957138134508170
      820.000000000000000       451.905649689273275
      830.000000000000000       452.541104786818096
      840.000000000000000       452.684291066700894
      850.000000000000000       452.686280814752706
      860.000000000000000       452.697000664520829
      870.000000000000000       453.490100154822528
      880.000000000000000       453.502905657734516
      890.000000000000000       453.752652907406969
      900.000000000000000       453.850622196648658
      910.000000000000000       453.986466675833071
      920.000000000000000       454.597108819395771
      930.000000000000000       454.731056825395342
      940.000000000000000       454.337725568924782
      950.000000000000000       454.706564939348880
      960.000000000000000       455.249651657927132
      970.000000000000000       455.706112118647070
      980.000000000000000       456.006237135908179
      990.000000000000000       455.598397661092008
     1000.000000000000000       455.928231986340620
     1010.000000000000000       456.105227923439656
     1020.000000000000000       456.562319233545679
     1030.000000000000000       456.377554654291487
     1040.000000000000000       456.695897910867814
     1050.000000000000000       457.067065044683545
     1060.000000000000000       457.201623472947915
     1070.000000000000000       457.290580857109944
     1080.000000000000000       457.987063159879540
     1090.000000000000000       457.985962877633312
     1100.000000000000000       458.140509808308025
     1110.000000000000000       457.874673214194843
     1120.000000000000000       457.965130690313401
     1130.000000000000000       459.523961803148893
     1140.000000000000000       458.577674888492766
     1150.000000000000000       458.575975116560755
     1160.000000000000000       459.123484668842707
     1170.000000000000000       459.503459244983844
     1180.000000000000000       460.167071697676590
     1190.000000000000000       459.806004839344212
     1200.000000000000000       459.850516645188975
     1210.000000000000000       460.490478199043480
     1220.000000000000000       460.152102589692618
     1230.000000000000000       460.481600897782471
     1240.000000000000000       461.133035839402396
     1250.000000000000000       460.898444752154489
     1260.000000000000000       460.703522763707724
     1270.000000000000000       461.383772939951029
     1280.000000000000000       461.098786229272207
     1290.000000000000000       461.537963125790952
     1300.000000000000000       461.479282785520070
     1310.000000000000000       461.791654002299651
     1320.000000000000000       462.256278073045337
     1330.000000000000000       462.362350770003559
     1340.000000000000000       463.163728583943453
     1350.000000000000000       463.372080822296198
     1360.000000000000000       462.872972894966210
     1370.000000000000000       461.389609731676728
     1380.000000000000000       463.242371546993184
     1390.000000000000000       464.717263422217229
     1400.000000000000000       463.550909309296287
     1410.000000000000000       463.905975990258526
     1420.000000000000000       463.637453478413022
     1430.000000000000000       464.071683280619538
     1440.000000000000000       462.843535684806056
     1450.000000000000000       464.336007240239553
     1460.000000000000000       464.125911748741999
     1470.000000000000000       459.351083132200927
     1480.000000000000000       465.102275120461854
     1490.000000000000000       461.994757672581500
     1500.000000000000000       461.004688800390227
     1510.000000000000000       459.400540886855538
     1520.000000000000000       458.962201184628611
     1530.000000000000000       458.935780930665885
     1540.000000000000000       459.220275848713186
     1550.000000000000000       460.123291583725575
     1560.000000000000000       459.103263252931811
     1570.000000000000000       459.906471254752603
     1580.000000000000000       458.958026386002416
     1590.000000000000000       467.311524755794551
     1600.000000000000000       459.402640292115166
     1610.000000000000000       465.020494880170418
     1620.000000000000000       467.644739115431719
     1630.000000000000000       463.609641218241507
     1640.000000000000000       459.954736071925026
     1650.000000000000000       459.885693161951849
     1660.000000000000000       468.240905516715429
     1670.000000000000000       464.284162530181902
     1680.000000000000000       466.030784243117751
     1690.000000000000000       467.952912300923060
     1700.000000000000000       465.882522782649517
     1710.000000000000000       459.755495438819423
     1720.000000000000000       468.323046309115853
     1730.000000000000000       469.006188453286086
     1740.000000000000000       461.621950254359547
     1750.000000000000000       466.968250359610749
     1760.000000000000000       466.071321453337987
     1770.000000000000000       469.958350559901305
     1780.000000000000000       469.132710435390720
     1790.000000000000000       460.669602179309948
     1800.000000000000000       464.897253265255870
     1810.000000000000000       470.338051427283119
     1820.000000000000000       460.325019132947602
     1830.000000000000000       470.372153138842577
     1840.000000000000000       465.762010948975103
     1850.000000000000000       471.385937024272152
     1860.000000000000000       460.245549838772149
     1870.000000000000000       460.568701586141913
     1880.000000000000000       467.103903628558271
     1890.000000000000000       473.441245746731738
     1900.000000000000000       462.277995711678443
     1910.000000000000000       472.361175039923012
     1920.000000000000000       468.648568280125858
     1930.000000000000000       460.872216243137359
     1940.000000000000000       466.420961004883225
     1950.000000000000000       460.512831726597767
     1960.000000000000000       472.169595469415412
     1970.000000000000000       469.671516667238677
     1980.000000000000000       461.139559254335097
     1990.000000000000000       461.449107956980754
