   0.000000000000000        72.204584353379389
  10.000000000000000        72.200528235005791
  20.000000000000000        72.204582085496838
  30.000000000000000        72.242999182223258
  40.000000000000000        72.313857845319589
  50.000000000000000        72.411228330641521
  60.000000000000000        72.538131097881717
  70.000000000000000        72.680526879131705
  80.000000000000000        72.840100010790337
  90.000000000000000        73.020934660354854
 100.000000000000000        73.208929250420468
 110.000000000000000        73.424194838188072
 120.000000000000000        73.636429218329909
 130.000000000000000        73.882917902044028
 140.000000000000000        74.127428634045629
 150.000000000000000        74.364238174009628
 160.000000000000000        74.668314235658244
 170.000000000000000        74.941142441997343
 180.000000000000000        75.226779143943702
 190.000000000000000        75.559614960155372
 200.000000000000000        75.857295984607262
 210.000000000000000        76.210601930897752
 220.000000000000000        76.527139811839248
 230.000000000000000        76.891847260578345
 240.000000000000000        77.228145879839630
 250.000000000000000        77.600544378033476
 260.000000000000000        77.985458724962243
 270.000000000000000        78.411037303691813
 280.000000000000000        78.718397345746482
 290.000000000000000        79.130528249407917
 300.000000000000000        79.674708654203727
 310.000000000000000        79.935958032905802
 320.000000000000000        80.455760841201510
 330.000000000000000        80.858536019755604
 340.000000000000000        81.233894684198873
 350.000000000000000        81.811365222059209
 360.000000000000000        82.339856757940495
 370.000000000000000        82.700637400855072
 380.000000000000000        83.119576688166546
 390.000000000000000        83.601783493261323
 400.000000000000000        84.062983533373938
 410.000000000000000        84.434954271491861
 420.000000000000000        85.090674446233265
 430.000000000000000        85.545602185822091
 440.000000000000000        86.070945975572840
 450.000000000000000        86.651778242326969
 460.000000000000000        87.007431001820549
 470.000000000000000        87.617823896257846
 480.000000000000000        88.330137952331000
 490.000000000000000        88.782031437476221
 500.000000000000000        89.511649756333242
 510.000000000000000        89.974933260446093
 520.000000000000000        90.629700522988969
 530.000000000000000        90.574032469136583
 540.000000000000000        91.471216039483821
 550.000000000000000        92.346987808909290
 560.000000000000000        92.694009142071948
 570.000000000000000        93.232954928042233
 580.000000000000000        93.890346633635602
 590.000000000000000        94.469227143237774
 600.000000000000000        95.211305566937639
 610.000000000000000        95.300309442221945
 620.000000000000000        96.276455312903352
 630.000000000000000        96.320291844247450
 640.000000000000000        97.260578472357835
 650.000000000000000        98.034112733438604
 660.000000000000000        98.391959462843033
 670.000000000000000        99.393680682528696
 680.000000000000000       100.035085862473636
 690.000000000000000       100.535505248835918
 700.000000000000000       100.926011455695075
 710.000000000000000       101.755905163996729
 720.000000000000000       102.681217828838612
 730.000000000000000       102.922965367339515
 740.000000000000000       103.632579312875976
 750.000000000000000       104.185972467646380
 760.000000000000000       104.995891311680154
 770.000000000000000       105.415712177618943
 780.000000000000000       105.942733280319814
 790.000000000000000       106.882387037429524
 800.000000000000000       107.390512838614001
 810.000000000000000       104.562763366012732
 820.000000000000000       104.412773575369329
 830.000000000000000       105.017810730907655
 840.000000000000000       110.446336316163610
 850.000000000000000       111.052619829475219
 860.000000000000000       111.750470733180876
 870.000000000000000       111.887229648193298
 880.000000000000000       112.902535863538176
 890.000000000000000       113.498280932140744
 900.000000000000000       114.345674207433007
 910.000000000000000       115.013620222013657
 920.000000000000000       115.635112491196551
 930.000000000000000       116.205800729799449
 940.000000000000000       117.156447002591705
 950.000000000000000       117.994451015531823
 960.000000000000000       118.633295119384513
 970.000000000000000       119.171864257315463
 980.000000000000000       119.993987598512177
 990.000000000000000       120.901320501437681
1000.000000000000000       121.335190298617647
1010.000000000000000       122.187386755011161
1020.000000000000000       122.729792491919170
1030.000000000000000       123.389304623175761
1040.000000000000000       124.194368352118133
1050.000000000000000       124.797113669309567
1060.000000000000000       125.700897641216415
1070.000000000000000       126.312759078002330
1080.000000000000000       126.974127471086106
1090.000000000000000       127.704237943314368
1100.000000000000000       128.547817191593737
1110.000000000000000       129.190237436393517
1120.000000000000000       130.048645115804192
1130.000000000000000       130.605493361634785
1140.000000000000000       131.698436696009594
1150.000000000000000       132.201177389863574
1160.000000000000000       132.857643139401489
1170.000000000000000       133.656683240254523
1180.000000000000000       134.205816575968669
1190.000000000000000       135.058067422825758
1200.000000000000000       135.870618889130469
1210.000000000000000       136.568092228203710
1220.000000000000000       137.297484069080099
1230.000000000000000       138.080725988205330
1240.000000000000000       138.939590144140794
1250.000000000000000       139.629786069362865
1260.000000000000000       140.391167340120575
1270.000000000000000       141.231499744978549
1280.000000000000000       141.987393136148825
1290.000000000000000       142.722445793735915
1300.000000000000000       143.358576844205743
1310.000000000000000       144.324391506279227
1320.000000000000000       144.936919679834858
1330.000000000000000       145.659780596615320
1340.000000000000000       146.579047933027169
1350.000000000000000       147.126082957411541
1360.000000000000000       147.997641755124732
1370.000000000000000       148.714793016206045
1380.000000000000000       149.477456746116360
1390.000000000000000       150.321604909765824
1400.000000000000000       151.080107893590792
1410.000000000000000       151.812128610322048
1420.000000000000000       152.784390617414033
1430.000000000000000       153.368329438741824
1440.000000000000000       154.099752197021871
1450.000000000000000       154.983006414148235
1460.000000000000000       155.669916944284324
1470.000000000000000       156.366291606246222
1480.000000000000000       157.322682848338616
1490.000000000000000       158.139504974230306
1500.000000000000000       158.752760379596822
1510.000000000000000       159.707521846111234
1520.000000000000000       160.495001675794242
1530.000000000000000       161.214004690689109
1540.000000000000000       162.039649434938099
1550.000000000000000       162.766679399315052
1560.000000000000000       163.624122756019716
1570.000000000000000       164.196885365465533
1580.000000000000000       165.190946253282817
1590.000000000000000       165.910849737617127
1600.000000000000000       166.623806625091305
1610.000000000000000       167.451456323103827
1620.000000000000000       168.341923396500022
1630.000000000000000       169.305052313487266
1640.000000000000000       169.963463049219740
1650.000000000000000       170.759855401980474
1660.000000000000000       171.495490728622826
1670.000000000000000       172.237474137527869
1680.000000000000000       173.067837697946857
1690.000000000000000       173.853567127918780
1700.000000000000000       174.675827886675194
1710.000000000000000       175.434726150154319
1720.000000000000000       176.378744233171432
1730.000000000000000       177.090824233291073
1740.000000000000000       178.101657714741776
1750.000000000000000       178.775093898991145
1760.000000000000000       179.546194643787260
1770.000000000000000       180.372309092611857
1780.000000000000000       181.206056652783047
1790.000000000000000       181.960867263061971
1800.000000000000000       182.884836054275553
1810.000000000000000       183.555935298601241
1820.000000000000000       184.342320305372539
1830.000000000000000       185.243694057978303
1840.000000000000000       186.098906878459701
1850.000000000000000       186.835044922436879
1860.000000000000000       187.783042456738372
1870.000000000000000       188.594249600425371
1880.000000000000000       189.274127778656123
1890.000000000000000       189.953568285846700
1900.000000000000000       190.896073628238383
1910.000000000000000       191.804805084827848
1920.000000000000000       192.648430948391223
1930.000000000000000       193.401613557239784
1940.000000000000000       194.187479859794024
1950.000000000000000       195.193415102729716
1960.000000000000000       195.829635787743854
1970.000000000000000       196.880283253274797
1980.000000000000000       197.767833537441163
1990.000000000000000       198.464611915333677
