   0.000000000000000    0.000000000000000
  10.000000000000000   15.849282884739832
  20.000000000000000   59.845806438501711
  30.000000000000000  103.377856626296520
  40.000000000000000  141.559551078478080
  50.000000000000000  174.167057219031733
  60.000000000000000  201.795123224840211
  70.000000000000000  225.298931020504455
  80.000000000000000  245.524771358605221
  90.000000000000000  263.048168731962846
 100.000000000000000  278.370877737404328
 110.000000000000000  291.803347404699309
 120.000000000000000  303.635535366185195
 130.000000000000000  314.080304113252907
 140.000000000000000  323.110330680072650
 150.000000000000000  331.407302665580460
 160.000000000000000  338.692696927799432
 170.000000000000000  344.870699812454234
 180.000000000000000  350.773108594105906
 190.000000000000000  355.777180029446356
 200.000000000000000  360.293110663209688
 210.000000000000000  364.321408218942565
 220.000000000000000  367.902654136159015
 230.000000000000000  371.169329855089245
 240.000000000000000  374.073671460752678
 250.000000000000000  376.953370892855105
 260.000000000000000  379.546000096363798
 270.000000000000000  381.136572054184285
 280.000000000000000  382.866713604270046
 290.000000000000000  386.088684029068304
 300.000000000000000  386.745472813284493
 310.000000000000000  387.897716423997224
 320.000000000000000  390.130930284847636
 330.000000000000000  390.488842463641902
 340.000000000000000  392.598504970383090
 350.000000000000000  394.429400886313942
 360.000000000000000  393.961095919210663
 370.000000000000000  394.228750455907971
 380.000000000000000  395.775282308383737
 390.000000000000000  396.640324033065781
 400.000000000000000  396.632279687869811
 410.000000000000000  398.411574832447116
 420.000000000000000  399.393208777957341
 430.000000000000000  399.119697091371563
 440.000000000000000  400.300490520028973
 450.000000000000000  399.819709291234403
 460.000000000000000  400.536329727616760
 470.000000000000000  402.764111811195164
 480.000000000000000  402.037666064417579
 490.000000000000000  402.583235560215826
 500.000000000000000  402.561719159592997
 510.000000000000000  402.660206826408910
 520.000000000000000  400.543439368737154
 530.000000000000000  401.867050469394201
 540.000000000000000  406.808164931922533
 550.000000000000000  404.079944162713900
 560.000000000000000  402.809266702179059
 570.000000000000000  404.423720439203862
 580.000000000000000  404.700336525470902
 590.000000000000000  405.291208162789530
 600.000000000000000  403.354493846845855
 610.000000000000000  404.479376669111502
 620.000000000000000  404.310285409486994
 630.000000000000000  404.376493843054391
 640.000000000000000  407.729916263681446
 650.000000000000000  405.263723919920892
 660.000000000000000  406.209229782136049
 670.000000000000000  407.304995625544564
 680.000000000000000  405.234649149138534
 690.000000000000000  404.742153967972683
 700.000000000000000  406.052995093260222
 710.000000000000000  407.963290986792458
 720.000000000000000  405.930943391261110
 730.000000000000000  405.189331252181375
 740.000000000000000  406.355721125227774
 750.000000000000000  406.778936709909033
 760.000000000000000  406.500106887363813
 770.000000000000000  405.548372817654126
 780.000000000000000  407.159655788291957
 790.000000000000000  407.311769888994661
 800.000000000000000  395.670791142733947
 810.000000000000000  391.199746543080607
 820.000000000000000  405.187820181361474
 830.000000000000000  425.419164738833388
 840.000000000000000  419.442099225983668
 850.000000000000000  406.948329975085528
 860.000000000000000  406.213214587119921
 870.000000000000000  406.565508253084431
 880.000000000000000  407.405823312296775
 890.000000000000000  407.438613888736086
 900.000000000000000  407.489526292080825
 910.000000000000000  407.125382047399171
 920.000000000000000  406.891395602757711
 930.000000000000000  407.586832562375207
 940.000000000000000  408.177542002966732
 950.000000000000000  407.501030404663993
 960.000000000000000  406.947946584507008
 970.000000000000000  407.316013617278202
 980.000000000000000  407.966215744963108
 990.000000000000000  407.352628379952876
1000.000000000000000  407.325899993206860
1010.000000000000000  407.466716610986566
1020.000000000000000  407.164321286647862
1030.000000000000000  407.612078520206012
1040.000000000000000  407.606935992876629
1050.000000000000000  407.703386659081502
1060.000000000000000  407.662596096924915
1070.000000000000000  407.405434610678526
1080.000000000000000  407.583765592122688
1090.000000000000000  407.783275448444613
1100.000000000000000  407.704623434210191
1110.000000000000000  407.726229187334070
1120.000000000000000  407.643040279221736
1130.000000000000000  407.890011811103477
1140.000000000000000  407.788202228342470
1150.000000000000000  407.479246047376819
1160.000000000000000  407.722543472676762
1170.000000000000000  407.659118625351311
1180.000000000000000  407.740362136371687
1190.000000000000000  407.902836443225453
1200.000000000000000  407.791755018691447
1210.000000000000000  407.778073379973080
1220.000000000000000  407.839498588709432
1230.000000000000000  407.869153731224060
1240.000000000000000  407.834547532492138
1250.000000000000000  407.831312624433849
1260.000000000000000  407.875959069288513
1270.000000000000000  407.882475739375707
1280.000000000000000  407.865034755747558
1290.000000000000000  407.851025486998083
1300.000000000000000  407.908305091154716
1310.000000000000000  407.889837299613532
1320.000000000000000  407.905371642159650
1330.000000000000000  407.922437557019862
1340.000000000000000  407.924067046330777
1350.000000000000000  407.950978246453985
1360.000000000000000  407.941889697761610
1370.000000000000000  407.980139129139957
1380.000000000000000  407.959124484696588
1390.000000000000000  407.955835810078440
1400.000000000000000  407.984571872687468
1410.000000000000000  407.936893329265047
1420.000000000000000  407.981554953980492
1430.000000000000000  408.110004946237098
1440.000000000000000  408.007072956979414
1450.000000000000000  408.011263999664436
1460.000000000000000  408.120287352151706
1470.000000000000000  408.008176526504769
1480.000000000000000  407.932627017195557
1490.000000000000000  408.129664228249965
1500.000000000000000  408.076890021167003
1510.000000000000000  407.967848451372731
1520.000000000000000  408.119160861937928
1530.000000000000000  408.085157572486992
1540.000000000000000  408.088771862099122
1550.000000000000000  408.105523096168895
1560.000000000000000  408.267943031942423
1570.000000000000000  408.107881110033986
1580.000000000000000  407.987873716824538
1590.000000000000000  408.310433383485531
1600.000000000000000  408.233066378853266
1610.000000000000000  408.075988201321309
1620.000000000000000  407.851256166142093
1630.000000000000000  408.118311263699525
1640.000000000000000  408.339893331955636
1650.000000000000000  408.266661407292133
1660.000000000000000  408.355162111672882
1670.000000000000000  408.225504255296471
1680.000000000000000  408.208462639511538
1690.000000000000000  408.221229587272376
1700.000000000000000  408.287878829840224
1710.000000000000000  408.131172804372795
1720.000000000000000  408.194635948578991
1730.000000000000000  408.135471074626764
1740.000000000000000  408.160281548253124
1750.000000000000000  408.469843609943553
1760.000000000000000  408.332804638771393
1770.000000000000000  408.264379209916626
1780.000000000000000  408.286134668611339
1790.000000000000000  408.255856127097104
1800.000000000000000  408.344092285573481
1810.000000000000000  408.445425254750376
1820.000000000000000  408.291645062020052
1830.000000000000000  408.260492402684406
1840.000000000000000  408.363870392327556
1850.000000000000000  408.275949657689239
1860.000000000000000  408.190032386486166
1870.000000000000000  408.576737750655752
1880.000000000000000  408.811013763473511
1890.000000000000000  408.485830959636928
1900.000000000000000  408.098802951061884
1910.000000000000000  408.154197496278073
1920.000000000000000  408.465056484128127
1930.000000000000000  408.591691225260490
1940.000000000000000  408.120221275019901
1950.000000000000000  408.406209428475620
1960.000000000000000  408.374351481897236
1970.000000000000000  407.940568809353010
1980.000000000000000  408.643705744303418
1990.000000000000000  409.137273385847209
