   0.000000000000000    0.000000000000000
  10.000000000000000    0.000363406332282
  20.000000000000000    0.000846370580677
  30.000000000000000    0.001100041650664
  40.000000000000000    0.001238421297441
  50.000000000000000    0.001323964822571
  60.000000000000000    0.001383223164191
  70.000000000000000    0.001429401455991
  80.000000000000000    0.001468255294804
  90.000000000000000    0.001501806446032
 100.000000000000000    0.001531576185345
 110.000000000000000    0.001556358876561
 120.000000000000000    0.001577654166648
 130.000000000000000    0.001593568866032
 140.000000000000000    0.001606075326279
 150.000000000000000    0.001616245664115
 160.000000000000000    0.001618894519990
 170.000000000000000    0.001621225063156
 180.000000000000000    0.001620257515977
 190.000000000000000    0.001614327170303
 200.000000000000000    0.001609204953615
 210.000000000000000    0.001598944966344
 220.000000000000000    0.001590311013408
 230.000000000000000    0.001577259760929
 240.000000000000000    0.001565789595838
 250.000000000000000    0.001550651754231
 260.000000000000000    0.001534688723462
 270.000000000000000    0.001515696126514
 280.000000000000000    0.001504360092336
 290.000000000000000    0.001486667646765
 300.000000000000000    0.001459690469650
 310.000000000000000    0.001451048110240
 320.000000000000000    0.001426865962794
 330.000000000000000    0.001409004323741
 340.000000000000000    0.001393349635104
 350.000000000000000    0.001365657223404
 360.000000000000000    0.001341847065845
 370.000000000000000    0.001328179452692
 380.000000000000000    0.001310658070573
 390.000000000000000    0.001290003074223
 400.000000000000000    0.001271553149813
 410.000000000000000    0.001258117570809
 420.000000000000000    0.001228900011545
 430.000000000000000    0.001211704141295
 440.000000000000000    0.001190937767560
 450.000000000000000    0.001167437145556
 460.000000000000000    0.001156450775954
 470.000000000000000    0.001130807567995
 480.000000000000000    0.001101891562605
 490.000000000000000    0.001087338052485
 500.000000000000000    0.001056951452141
 510.000000000000000    0.001046062856726
 520.000000000000000    0.001018455601315
 530.000000000000000    0.001032934684913
 540.000000000000000    0.000995530693994
 550.000000000000000    0.000961679426792
 560.000000000000000    0.000954727039342
 570.000000000000000    0.000937442212888
 580.000000000000000    0.000916171136703
 590.000000000000000    0.000898313135002
 600.000000000000000    0.000872986233622
 610.000000000000000    0.000878477183071
 620.000000000000000    0.000843686269902
 630.000000000000000    0.000852891251055
 640.000000000000000    0.000820069808065
 650.000000000000000    0.000793339200736
 660.000000000000000    0.000789655473350
 670.000000000000000    0.000754304793746
 680.000000000000000    0.000738447741462
 690.000000000000000    0.000729279385586
 700.000000000000000    0.000721286011902
 710.000000000000000    0.000698292417785
 720.000000000000000    0.000668015508337
 730.000000000000000    0.000670885887679
 740.000000000000000    0.000651995581982
 750.000000000000000    0.000641521468442
 760.000000000000000    0.000618657992367
 770.000000000000000    0.000612703498469
 780.000000000000000    0.000604025210326
 790.000000000000000    0.000578195783338
 800.000000000000000    0.000567845007266
 810.000000000000000    0.000704581434719
 820.000000000000000    0.000719305284605
 830.000000000000000    0.000703413090711
 840.000000000000000    0.000499073123549
 850.000000000000000    0.000487825836748
 860.000000000000000    0.000473524299364
 870.000000000000000    0.000474865697707
 880.000000000000000    0.000456602984617
 890.000000000000000    0.000445345486747
 900.000000000000000    0.000427412160461
 910.000000000000000    0.000415728398785
 920.000000000000000    0.000404878506776
 930.000000000000000    0.000398291950150
 940.000000000000000    0.000376286787177
 950.000000000000000    0.000358643423037
 960.000000000000000    0.000349519109681
 970.000000000000000    0.000343712073071
 980.000000000000000    0.000328480784055
 990.000000000000000    0.000309783285522
1000.000000000000000    0.000307586557274
1010.000000000000000    0.000290834301806
1020.000000000000000    0.000285935250512
1030.000000000000000    0.000277351139249
1040.000000000000000    0.000262955008194
1050.000000000000000    0.000254857445477
1060.000000000000000    0.000238873628162
1070.000000000000000    0.000231939733138
1080.000000000000000    0.000223977970689
1090.000000000000000    0.000213076014687
1100.000000000000000    0.000199915312302
1110.000000000000000    0.000191636307562
1120.000000000000000    0.000178580669227
1130.000000000000000    0.000173443765524
1140.000000000000000    0.000152888524488
1150.000000000000000    0.000150404828887
1160.000000000000000    0.000143833060287
1170.000000000000000    0.000132701023262
1180.000000000000000    0.000129585403459
1190.000000000000000    0.000116417470381
1200.000000000000000    0.000105470033860
1210.000000000000000    0.000098385620314
1220.000000000000000    0.000089426684776
1230.000000000000000    0.000079407732002
1240.000000000000000    0.000068815238315
1250.000000000000000    0.000061766614807
1260.000000000000000    0.000052969006110
1270.000000000000000    0.000042506919407
1280.000000000000000    0.000032945212278
1290.000000000000000    0.000025685288976
1300.000000000000000    0.000021924704537
1310.000000000000000    0.000006906838113
1320.000000000000000    0.000003563852265
1330.000000000000000   -0.000002594282652
1340.000000000000000   -0.000014423271106
1350.000000000000000   -0.000016890672056
1360.000000000000000   -0.000027804087636
1370.000000000000000   -0.000032495381438
1380.000000000000000   -0.000039700126720
1390.000000000000000   -0.000048839168922
1400.000000000000000   -0.000056345491951
1410.000000000000000   -0.000063146689231
1420.000000000000000   -0.000075240313515
1430.000000000000000   -0.000077725864867
1440.000000000000000   -0.000082589958314
1450.000000000000000   -0.000092586057757
1460.000000000000000   -0.000096964344594
1470.000000000000000   -0.000101905153899
1480.000000000000000   -0.000112545428326
1490.000000000000000   -0.000120388200988
1500.000000000000000   -0.000122619278536
1510.000000000000000   -0.000133330236235
1520.000000000000000   -0.000139344592871
1530.000000000000000   -0.000144768829254
1540.000000000000000   -0.000152214601763
1550.000000000000000   -0.000157550244813
1560.000000000000000   -0.000164674551793
1570.000000000000000   -0.000165317859598
1580.000000000000000   -0.000177623586690
1590.000000000000000   -0.000181074238669
1600.000000000000000   -0.000185150820508
1610.000000000000000   -0.000190885306654
1620.000000000000000   -0.000198969101514
1630.000000000000000   -0.000209811666711
1640.000000000000000   -0.000211374394685
1650.000000000000000   -0.000217671162406
1660.000000000000000   -0.000220912588859
1670.000000000000000   -0.000225590256648
1680.000000000000000   -0.000231619169155
1690.000000000000000   -0.000236663097649
1700.000000000000000   -0.000242512600158
1710.000000000000000   -0.000246344716577
1720.000000000000000   -0.000255165412053
1730.000000000000000   -0.000257700967789
1740.000000000000000   -0.000267682451286
1750.000000000000000   -0.000269563459928
1760.000000000000000   -0.000274659364657
1770.000000000000000   -0.000278816760688
1780.000000000000000   -0.000285058246944
1790.000000000000000   -0.000288857618704
1800.000000000000000   -0.000295618074108
1810.000000000000000   -0.000298077718370
1820.000000000000000   -0.000303499196459
1830.000000000000000   -0.000308151115403
1840.000000000000000   -0.000314017603569
1850.000000000000000   -0.000317243016061
1860.000000000000000   -0.000324342783664
1870.000000000000000   -0.000328593702947
1880.000000000000000   -0.000330789286351
1890.000000000000000   -0.000332213738836
1900.000000000000000   -0.000338591937511
1910.000000000000000   -0.000344701449554
1920.000000000000000   -0.000350318800740
1930.000000000000000   -0.000352737438578
1940.000000000000000   -0.000356967906827
1950.000000000000000   -0.000364771474280
1960.000000000000000   -0.000365684293978
1970.000000000000000   -0.000373932268496
1980.000000000000000   -0.000379374681881
1990.000000000000000   -0.000380137761325
