   0.000000000000000         0.000000000000000
  10.000000000000000         5.948632585326101
  20.000000000000000         3.466178116129172
  30.000000000000000         2.719582931429127
  40.000000000000000         2.242078586292593
  50.000000000000000         2.009278777848515
  60.000000000000000         1.828481120016724
  70.000000000000000         1.649823697537523
  80.000000000000000         1.591137916079098
  90.000000000000000         1.493676834249778
 100.000000000000000         1.459050446698745
 110.000000000000000         1.414695817141126
 120.000000000000000         1.401349326741466
 130.000000000000000         1.402752218583566
 140.000000000000000         1.202825447396243
 150.000000000000000         1.345422577416335
 160.000000000000000         1.390292823190071
 170.000000000000000         1.191845352427531
 180.000000000000000         1.337576864429356
 190.000000000000000         1.271153142800989
 200.000000000000000         1.243950169129012
 210.000000000000000         1.212419232405841
 220.000000000000000         1.161576099380558
 230.000000000000000         1.146146362008517
 240.000000000000000         1.106227211387900
 250.000000000000000         1.209767441336599
 260.000000000000000         1.288459706321553
 270.000000000000000         0.972683367598302
 280.000000000000000         0.829619622522578
 290.000000000000000         1.498892875993718
 300.000000000000000         1.021780831878511
 310.000000000000000         0.832045869571643
 320.000000000000000         1.216493530393021
 330.000000000000000         0.792184485651783
 340.000000000000000         1.194105649838303
 350.000000000000000         1.525724292099425
 360.000000000000000         0.883926098302578
 370.000000000000000         0.589523637485645
 380.000000000000000         0.877625890476210
 390.000000000000000         0.904823125029528
 400.000000000000000         0.587458259312484
 410.000000000000000         1.030251418702209
 420.000000000000000         1.185305649239853
 430.000000000000000         0.818318235613744
 440.000000000000000         1.076482609006153
 450.000000000000000         0.667703299838960
 460.000000000000000         0.749809960269756
 470.000000000000000         1.490483488586152
 480.000000000000000         1.032089696375152
 490.000000000000000         1.084840348282633
 500.000000000000000         0.940255005086117
 510.000000000000000         0.820661598995519
 520.000000000000000        -0.208434971262531
 530.000000000000000         0.189493021219868
 540.000000000000000         2.174506232709510
 550.000000000000000         0.933393966334637
 560.000000000000000         0.254132738473839
 570.000000000000000         0.844687115388738
 580.000000000000000         0.873233023533209
 590.000000000000000         1.040833301404787
 600.000000000000000         0.096330963803259
 610.000000000000000         0.480906414693988
 620.000000000000000         0.345809396583844
 630.000000000000000         0.261939115827599
 640.000000000000000         1.741297317579358
 650.000000000000000         0.554849037612360
 660.000000000000000         0.906048792854152
 670.000000000000000         1.419273758437656
 680.000000000000000         0.345295277403685
 690.000000000000000         0.027757398676898
 700.000000000000000         0.601875136243027
 710.000000000000000         1.528453781840010
 720.000000000000000         0.468945263332122
 730.000000000000000        -0.001624662505158
 740.000000000000000         0.561126757618115
 750.000000000000000         0.729898118307867
 760.000000000000000         0.551096850406294
 770.000000000000000        -0.036280078532693
 780.000000000000000         0.798169218234155
 790.000000000000000         0.878772415929889
 800.000000000000000        -5.947295842471256
 810.000000000000000        -6.786367668381951
 820.000000000000000        -0.519086315317805
 830.000000000000000         8.393548965046723
 840.000000000000000         8.608916236716908
 850.000000000000000         0.463619840508998
 860.000000000000000        -0.066407043799340
 870.000000000000000         0.106594917260822
 880.000000000000000         0.654674976283373
 890.000000000000000         0.644918395474599
 900.000000000000000         0.670949394652571
 910.000000000000000         0.370076499384026
 920.000000000000000         0.155028419748183
 930.000000000000000         0.643643410654314
 940.000000000000000         1.134518712621285
 950.000000000000000         0.577587724515457
 960.000000000000000         0.062878780452965
 970.000000000000000         0.336205494925944
 980.000000000000000         0.911792135707621
 990.000000000000000         0.341868714927222
1000.000000000000000         0.258379833034772
1010.000000000000000         0.386161523147551
1020.000000000000000         0.025158297394685
1030.000000000000000         0.455715410783949
1040.000000000000000         0.440245128632153
1050.000000000000000         0.515942457955659
1060.000000000000000         0.470325837510485
1070.000000000000000         0.110408206233404
1080.000000000000000         0.295859321695038
1090.000000000000000         0.538469980696813
1100.000000000000000         0.424281771127775
1110.000000000000000         0.423752932161699
1120.000000000000000         0.284793044201930
1130.000000000000000         0.635115191111499
1140.000000000000000         0.520386086542622
1150.000000000000000        -0.128660226327207
1160.000000000000000         0.280052458437284
1170.000000000000000         0.123295174310446
1180.000000000000000         0.222474562813522
1190.000000000000000         0.597748450237682
1200.000000000000000         0.314718371895428
1210.000000000000000         0.224390751032954
1220.000000000000000         0.368880892698408
1230.000000000000000         0.451852607596482
1240.000000000000000         0.314306367947792
1250.000000000000000         0.231852469084685
1260.000000000000000         0.401395496696007
1270.000000000000000         0.443446273774751
1280.000000000000000         0.292001171386747
1290.000000000000000         0.012612139831839
1300.000000000000000         0.396190400594760
1310.000000000000000         0.381688133627476
1320.000000000000000        -0.052560676111003
1330.000000000000000         0.371403943511244
1340.000000000000000         0.193102558878287
1350.000000000000000         0.150360802988500
1360.000000000000000         0.266343143278522
1370.000000000000000         0.083644069343460
1380.000000000000000         0.311508781673543
1390.000000000000000         0.331138327957035
1400.000000000000000         0.216469795007064
1410.000000000000000         0.453562638406794
1420.000000000000000         0.238256557605800
1430.000000000000000        -0.129360709549315
1440.000000000000000         0.259946720698247
1450.000000000000000         0.239300334192138
1460.000000000000000        -0.019142796447995
1470.000000000000000         0.309104310248957
1480.000000000000000         0.465014363134834
1490.000000000000000         0.029038815773272
1500.000000000000000         0.182206170591929
1510.000000000000000         0.385870419032161
1520.000000000000000         0.109964742236118
1530.000000000000000         0.189070510562095
1540.000000000000000         0.188015269241104
1550.000000000000000         0.174049599568048
1560.000000000000000        -0.073689812587880
1570.000000000000000         0.206859873885500
1580.000000000000000         0.362784522808867
1590.000000000000000        -0.079371904877488
1600.000000000000000         0.047345690476186
1610.000000000000000         0.268566019041984
1620.000000000000000         0.551369162645422
1630.000000000000000         0.198289307601545
1640.000000000000000        -0.049366118565140
1650.000000000000000         0.046355832674562
1660.000000000000000        -0.040609300079791
1670.000000000000000         0.116963496296448
1680.000000000000000         0.140481648007471
1690.000000000000000         0.133388225558985
1700.000000000000000         0.068488735556884
1710.000000000000000         0.238285371231157
1720.000000000000000         0.168770817015190
1730.000000000000000         0.236953745912950
1740.000000000000000         0.203659319246897
1750.000000000000000        -0.072652315850758
1760.000000000000000         0.060255171189879
1770.000000000000000         0.128646957099232
1780.000000000000000         0.111018659795616
1790.000000000000000         0.143553854408946
1800.000000000000000         0.068994899563437
1810.000000000000000        -0.006531868140845
1820.000000000000000         0.123961082118350
1830.000000000000000         0.152730337860958
1840.000000000000000         0.071856676736964
1850.000000000000000         0.146840737909059
1860.000000000000000         0.210550637452163
1870.000000000000000        -0.077607842353680
1880.000000000000000        -0.243471882536794
1890.000000000000000         0.007756123514782
1900.000000000000000         0.290700610979817
1910.000000000000000         0.248069851048177
1920.000000000000000         0.028607045495975
1930.000000000000000        -0.053008507984780
1940.000000000000000         0.275482268327851
1950.000000000000000         0.077047618193734
1960.000000000000000         0.106021592333707
1970.000000000000000         0.386356771488521
1980.000000000000000        -0.070404778602112
1990.000000000000000        -0.379504289699606
