# Volume points
 383.94459    2.92437   2.82012   2.46374   1.93077   1.26932   0.50798  -0.33468  -1.24578  -2.21589  -3.23784  -4.30599  -5.41580  -6.56354  -7.74609  -8.96080 -10.20538 -11.47787 -12.77653 -14.09983 -15.44640
 384.54482    2.87955   2.77490   2.41760   1.88347   1.22071   0.45796  -0.38617  -1.29880  -2.27048  -3.29404  -4.36384  -5.47532  -6.62476  -7.80904  -9.02549 -10.27184 -11.54611 -12.84657 -14.17169 -15.52010
 385.14567    2.83542   2.73051   2.37250   1.83743   1.17363   0.40976  -0.43555  -1.34939  -2.32233  -3.34717  -4.41827  -5.53108  -6.68187  -7.86751  -9.08535 -10.33309 -11.60878 -12.91067 -14.23722 -15.58708
 385.74714    2.79197   2.68697   2.32856   1.79294   1.12849   0.36393  -0.48212  -1.39672  -2.37043  -3.39606  -4.46797  -5.58160  -6.73322  -7.91970  -9.13838 -10.38698 -11.66353 -12.96628 -14.29371 -15.64445
 386.34925    2.74915   2.64386   2.28466   1.74800   1.08238   0.31656  -0.53081  -1.44679  -2.42192  -3.44900  -4.52239  -5.63753  -6.79069  -7.97872  -9.19898 -10.44918 -11.72734 -13.03173 -14.36080 -15.71321
 386.95198    2.70691   2.60150   2.24192   1.70476   1.03856   0.27214  -0.57586  -1.49249  -2.46828  -3.49604  -4.57010  -5.68593  -6.83978  -8.02851  -9.24947 -10.50037 -11.77924 -13.08434 -14.41413 -15.76726
 387.55533    2.66535   2.55964   2.19929   1.66114   0.99383   0.22621  -0.62304  -1.54095  -2.51807  -3.54718  -4.62263  -5.73986  -6.89513  -8.08531  -9.30773 -10.56011 -11.84047 -13.14707 -14.47838 -15.83303
 388.15931    2.62439   2.51846   2.15754   1.61862   0.95046   0.18193  -0.66827  -1.58717  -2.56529  -3.59542  -4.67191  -5.79020  -6.94654  -8.13780  -9.36131 -10.61479 -11.89626 -13.20398 -14.53642 -15.89221
 388.76392    2.58405   2.47788   2.11631   1.57657   0.90747   0.13794  -0.71330  -1.63328  -2.61250  -3.64377  -4.72141  -5.84086  -6.99838  -8.19084  -9.41556 -10.67026 -11.95296 -13.26193 -14.59562 -15.95267
 389.36916    2.54440   2.43786   2.07543   1.53458   0.86425   0.09341  -0.75921  -1.68061  -2.66130  -3.69406  -4.77323  -5.89424  -7.05333  -8.24738  -9.47371 -10.73005 -12.01440 -13.32502 -14.66039 -16.01913
 389.97502    2.50534   2.39847   2.03525   1.49341   0.82197   0.04994  -0.80391  -1.72659  -2.70858  -3.74268  -4.82320  -5.94558  -7.10607  -8.30153  -9.52929 -10.78707 -12.07288 -13.38497 -14.72182 -16.08204
 390.58152    2.46687   2.35962   1.99565   1.45287   0.78041   0.00729  -0.84768  -1.77150  -2.75468  -3.78996  -4.87170  -5.99531  -7.15704  -8.35374  -9.58277 -10.84182 -12.12890 -13.44228 -14.78043 -16.14196
 391.18864    2.42899   2.32152   1.95686   1.41318   0.73969  -0.03452  -0.89065  -1.81566  -2.80006  -3.83660  -4.91961  -6.04451  -7.20756  -8.40560  -9.63597 -10.89639 -12.18485 -13.49962 -14.83916 -16.20211
 391.79639    2.39176   2.28398   1.91869   1.37424   0.69991  -0.07517  -0.93218  -1.85811  -2.84342  -3.88089  -4.96484  -6.09069  -7.25468  -8.45368  -9.68501 -10.94638 -12.23581 -13.55155 -14.89207 -16.25599
 392.40477    2.35522   2.24723   1.88123   1.33583   0.66043  -0.11582  -0.97407  -1.90127  -2.88791  -3.92673  -5.01206  -6.13932  -7.30474  -8.50519  -9.73799 -11.00086 -12.29180 -13.60906 -14.95111 -16.31658
 393.01378    2.31922   2.21096   1.84438   1.29827   0.62207  -0.15500  -1.01409  -1.94216  -2.92967  -3.96938  -5.05561  -6.18377  -7.35011  -8.55147  -9.78519 -11.04898 -12.34085 -13.65905 -15.00203 -16.36844
 393.62342    2.28375   2.17525   1.80802   1.26108   0.58396  -0.19409  -1.05421  -1.98333  -2.97192  -4.01274  -5.10008  -6.22937  -7.39686  -8.59938  -9.83428 -11.09925 -12.39231 -13.71171 -15.05591 -16.42353
 394.23369    2.24900   2.14032   1.77250   1.22477   0.54676  -0.23226  -1.09338  -2.02354  -3.01320  -4.05510  -5.14355  -6.27398  -7.44260  -8.64629  -9.88235 -11.14851 -12.44276 -13.76336 -15.10878 -16.47763
 394.84458    2.21479   2.10579   1.73730   1.18873   0.50982  -0.27015  -1.13226  -2.06342  -3.05410  -4.09703  -5.18653  -6.31801  -7.48770  -8.69246  -9.92960 -11.19684 -12.49219 -13.81389 -15.16040 -16.53036
 395.45611    2.18120   2.07196   1.70286   1.15354   0.47378  -0.30708  -1.17011  -2.10222  -3.09386  -4.13778  -5.22827  -6.36075  -7.53145  -8.73723  -9.97540 -11.24368 -12.54007 -13.86282 -15.21039 -16.58140
 396.06828    2.14823   2.03874   1.66898   1.11881   0.43811  -0.34375  -1.20783  -2.14102  -3.13376  -4.17880  -5.27043  -6.40407  -7.57594  -8.78290 -10.02228 -11.29176 -12.58936 -13.91334 -15.26214 -16.63440
 396.68107    2.11584   2.00610   1.63571   1.08474   0.40315  -0.37964  -1.24467  -2.17885  -3.17260  -4.21866  -5.31133  -6.44602  -7.61895  -8.82698 -10.06743 -11.33800 -12.63669 -13.96177 -15.31168 -16.68505
 397.29449    2.08403   1.97398   1.60288   1.05104   0.36848  -0.41532  -1.28141  -2.21667  -3.21152  -4.25869  -5.35249  -6.48832  -7.66241  -8.87161 -10.11323 -11.38498 -12.68486 -14.01114 -15.36225 -16.73683
 397.90855    2.05285   1.94254   1.57082   1.01819   0.33478  -0.44993  -1.31696  -2.25318  -3.24901  -4.29718  -5.39198  -6.52883  -7.70395  -8.91418 -10.15685 -11.42965 -12.73059 -14.05793 -15.41011 -16.78577
 398.52324    2.02227   1.91171   1.53934   0.98587   0.30151  -0.48421  -1.35228  -2.28956  -3.28649  -4.33578  -5.43172  -6.56972  -7.74600  -8.95741 -10.20126 -11.47527 -12.77742 -14.10597 -15.45938 -16.83627
 399.13856    1.99215   1.88129   1.50827   0.95401   0.26880  -0.51781  -1.38680  -2.32502  -3.32289  -4.37314  -5.47005  -6.60902  -7.78628  -8.99867 -10.24352 -11.51851 -12.82166 -14.15122 -15.50564 -16.88354
 399.75451    1.96273   1.85156   1.47785   0.92276   0.23663  -0.55093  -1.42090  -2.36013  -3.35903  -4.41031  -5.50826  -6.64829  -7.82661  -9.04007 -10.28599 -11.56207 -12.86631 -14.19696 -15.55248 -16.93148
 400.37110    1.93387   1.82244   1.44804   0.89205   0.20493  -0.58371  -1.45479  -2.39517  -3.39524  -4.44772  -5.54690  -6.68817  -7.86775  -9.08248 -10.32969 -11.60707 -12.91262 -14.24459 -15.60143 -16.98178
 400.98832    1.90552   1.79375   1.41869   0.86192   0.17396  -0.61554  -1.48750  -2.42877  -3.42974  -4.48312  -5.58320  -6.72538  -7.90587  -9.12151 -10.36964 -11.64793 -12.95440 -14.28729 -15.64505 -17.02632
 401.60618    1.87786   1.76586   1.39013   0.83248   0.14354  -0.64702  -1.52008  -2.46249  -3.46462  -4.51920  -5.62050  -6.76391  -7.94565  -9.16257 -10.41197 -11.69156 -12.99933 -14.33354 -15.69264 -17.07524
 402.22467    1.85062   1.73825   1.36179   0.80326   0.11337  -0.67816  -1.55224  -2.49566  -3.49884  -4.55446  -5.65681  -6.80129  -7.98410  -9.20209 -10.45257 -11.73324 -13.04211 -14.37741 -15.73760 -17.12130
 402.84379    1.82398   1.71126   1.33406   0.77464   0.08379  -0.70875  -1.58385  -2.52833  -3.53256  -4.58926  -5.69270  -6.83827  -8.02218  -9.24128 -10.49288 -11.77467 -13.08465 -14.42108 -15.78241 -17.16725
 403.46355    1.79799   1.68500   1.30714   0.74688   0.05508  -0.73845  -1.61458  -2.56011  -3.56543  -4.62323  -5.72778  -6.87448  -8.05954  -9.27979 -10.53255 -11.81551 -13.12668 -14.46430 -15.82682 -17.21287
 404.08395    1.77247   1.65922   1.28072   0.71965   0.02698  -0.76746  -1.64455  -2.59105  -3.59736  -4.65615  -5.76172  -6.90944  -8.09552  -9.31681 -10.57061 -11.85463 -13.16685 -14.50553 -15.86912 -17.25624
 404.70498    1.74761   1.63399   1.25476   0.69283  -0.00077  -0.79618  -1.67425  -2.62175  -3.62907  -4.68888  -5.79547  -6.94422  -8.13134  -9.35367 -10.60852 -11.89358 -13.20685 -14.54659 -15.91123 -17.29940
 405.32664    1.72319   1.60927   1.22935   0.66657  -0.02796  -0.82435  -1.70343  -2.65196  -3.66033  -4.72121  -5.82887  -6.97871  -8.16693  -9.39036 -10.64632 -11.93250 -13.24690 -14.58777 -15.95355 -17.34286
 405.94895    1.69933   1.58509   1.20450   0.64092  -0.05448  -0.85176  -1.73175  -2.68121  -3.69050  -4.75232  -5.86093  -7.01172  -8.20089  -9.42528 -10.68220 -11.96934 -13.28471 -14.62654 -15.99329 -17.38358
 406.57189    1.67612   1.56164   1.18038   0.61593  -0.08042  -0.87872  -1.75976  -2.71031  -3.72072  -4.78367  -5.89342  -7.04537  -8.23572  -9.46129 -10.71941 -12.00776 -13.32435 -14.66741 -16.03539 -17.42693
 407.19546    1.65334   1.53841   1.15635   0.59099  -0.10632  -0.90561  -1.78766  -2.73922  -3.75065  -4.81462  -5.92541  -7.07839  -8.26977  -9.49638 -10.75553 -12.04492 -13.36254 -14.70664 -16.07567 -17.46824
 407.81968    1.63125   1.51608   1.13337   0.56719  -0.13103  -0.93128  -1.81432  -2.76690  -3.77936  -4.84440  -5.95625  -7.11031  -8.30278  -9.53050 -10.79077 -12.08128 -13.40003 -14.74527 -16.11544 -17.50916
 408.44453    1.60962   1.49414   1.11075   0.54374  -0.15538  -0.95657  -1.84057  -2.79412  -3.80758  -4.87361  -5.98647  -7.14155  -8.33504  -9.56378 -10.82508 -12.11663 -13.43643 -14.78271 -16.15393 -17.54870
 409.07002    1.58858   1.47278   1.08879   0.52107  -0.17881  -0.98077  -1.86555  -2.81989  -3.83414  -4.90096  -6.01461  -7.17048  -8.36477  -9.59430 -10.85640 -12.14874 -13.46932 -14.81639 -16.18840 -17.58397
 409.69614    1.56807   1.45204   1.06745   0.49898  -0.20172  -1.00454  -1.89021  -2.84545  -3.86061  -4.92836  -6.04296  -7.19977  -8.39501  -9.62550 -10.88856 -12.18187 -13.50343 -14.85148 -16.22447 -17.62103
 410.32291    1.54813   1.43176   1.04652   0.47728  -0.22422  -1.02787  -1.91438  -2.87047  -3.88649  -4.95509  -6.07054  -7.22821  -8.42431  -9.65566 -10.91958 -12.21375 -13.53617 -14.88508 -16.25893 -17.65634
 410.95032    1.52862   1.41198   1.02611   0.45611  -0.24623  -1.05074  -1.93814  -2.89514  -3.91208  -4.98161  -6.09799  -7.25660  -8.45365  -9.68595 -10.95082 -12.24595 -13.56933 -14.91921 -16.29403 -17.69242
 411.57836    1.50978   1.39283   1.00632   0.43557  -0.26757  -1.07291  -1.96115  -2.91899  -3.93678  -5.00716  -6.12440  -7.28387  -8.48178  -9.71494 -10.98068 -12.27667 -13.60091 -14.95166 -16.32734 -17.72659
 412.20704    1.49136   1.37408   0.98690   0.41533  -0.28868  -1.09492  -1.98408  -2.94286  -3.96158  -5.03292  -6.15112  -7.31155  -8.51042  -9.74456 -11.01126 -12.30823 -13.63346 -14.98518 -16.36185 -17.76209
 412.83637    1.47356   1.35594   0.96806   0.39565  -0.30928  -1.11648  -2.00662  -2.96639  -3.98613  -5.05849  -6.17772  -7.33919  -8.53910  -9.77429 -11.04206 -12.34009 -13.66638 -15.01917 -16.39692 -17.79823
 413.46633    1.45622   1.33829   0.94975   0.37655  -0.32922  -1.13729  -2.02832  -2.98899  -4.00963  -5.08290  -6.20304  -7.36543  -8.56627  -9.80238 -11.07107 -12.37003 -13.69725 -15.05098 -16.42966 -17.83191
 414.09693    1.43938   1.32108   0.93180   0.35774  -0.34895  -1.15797  -2.04996  -3.01161  -4.03324  -5.10750  -6.22864  -7.39203  -8.59387  -9.83099 -11.10070 -12.40067 -13.72891 -15.08365 -16.46335 -17.86663
 414.72818    1.42314   1.30449   0.91452   0.33963  -0.36794  -1.17787  -2.07080  -3.03339  -4.05597  -5.13119  -6.25329  -7.41765  -8.62046  -9.85856 -11.12924 -12.43019 -13.75941 -15.11514 -16.49583 -17.90009
 415.36007    1.40730   1.28827   0.89758   0.32185  -0.38661  -1.19745  -2.09130  -3.05482  -4.07834  -5.15450  -6.27755  -7.44286  -8.64662  -9.88567 -11.15730 -12.45921 -13.78938 -15.14607 -16.52771 -17.93293
 415.99259    1.39208   1.27274   0.88137   0.30482  -0.40452  -1.21629  -2.11108  -3.07556  -4.10005  -5.17719  -6.30122  -7.46752  -8.67228  -9.91233 -11.18497 -12.48788 -13.81907 -15.17677 -16.55944 -17.96568
 416.62576    1.37733   1.25760   0.86549   0.28807  -0.42220  -1.23491  -2.13067  -3.09612  -4.12159  -5.19972  -6.32474  -7.49203  -8.69779  -9.93883 -11.21247 -12.51639 -13.84858 -15.20729 -16.59096 -17.99821
 417.25958    1.36307   1.24296   0.85009   0.27177  -0.43945  -1.25315  -2.14991  -3.11639  -4.14288  -5.22204  -6.34811  -7.51645  -8.72326  -9.96536 -11.24005 -12.54503 -13.87829 -15.23806 -16.62279 -18.03111
 417.89403    1.34941   1.22888   0.83524   0.25604  -0.45612  -1.27077  -2.16850  -3.13596  -4.16344  -5.24358  -6.37064  -7.53996  -8.74776  -9.99086 -11.26655 -12.57252 -13.90677 -15.26754 -16.65328 -18.06259
 418.52913    1.33615   1.21521   0.82076   0.24061  -0.47257  -1.28827  -2.18707  -3.15561  -4.18418  -5.26543  -6.39360  -7.56404  -8.77296 -10.01718 -11.29400 -12.60111 -13.93650 -15.29841 -16.68528 -18.09574
 419.16487    1.32339   1.20204   0.80683   0.22580  -0.48831  -1.30497  -2.20473  -3.17425  -4.20380  -5.28604  -6.41519  -7.58663  -8.79654 -10.04175 -11.31957 -12.62767 -13.96406 -15.32696 -16.71483 -18.12629
 419.80125    1.31109   1.18922   0.79320   0.21131  -0.50365  -1.32116  -2.22176  -3.19209  -4.22245  -5.30547  -6.43540  -7.60760  -8.81827 -10.06423 -11.34277 -12.65160 -13.98870 -15.35232 -16.74089 -18.15305
 420.43828    1.29943   1.17722   0.78037   0.19743  -0.51871  -1.33745  -2.23933  -3.21099  -4.24270  -5.32711  -6.45844  -7.63207  -8.84418 -10.09159 -11.37161 -12.68193 -14.02053 -15.38566 -16.77576 -18.18945
 421.07595    1.28825   1.16565   0.76806   0.18426  -0.53278  -1.35245  -2.25527  -3.22787  -4.26053  -5.34589  -6.47817  -7.65275  -8.86581 -10.11418 -11.39515 -12.70643 -14.04598 -15.41206 -16.80312 -18.21776
 421.71427    1.27747   1.15437   0.75585   0.17097  -0.54722  -1.36807  -2.27210  -3.24592  -4.27982  -5.36642  -6.49995  -7.67579  -8.89012 -10.13976 -11.42201 -12.73457 -14.07541 -15.44278 -16.83513 -18.25106
 422.35323    1.26718   1.14366   0.74436   0.15857  -0.56056  -1.38238  -2.28739  -3.26219  -4.29708  -5.38467  -6.51920  -7.69603  -8.91135 -10.16199 -11.44523 -12.75878 -14.10062 -15.46898 -16.86232 -18.27926
 422.99283    1.25740   1.13344   0.73327   0.14648  -0.57371  -1.39663  -2.30275  -3.27869  -4.31471  -5.40345  -6.53913  -7.71712  -8.93361 -10.18541 -11.46984 -12.78456 -14.12758 -15.49712 -16.89165 -18.30977
 423.63309    1.24822   1.12385   0.72298   0.13541  -0.58560  -1.40934  -2.31629  -3.29305  -4.32989  -5.41944  -6.55593  -7.73472  -8.95201 -10.20461 -11.48982 -12.80534 -14.14914 -15.51947 -16.91477 -18.33366
 424.27398    1.23934   1.11450   0.71277   0.12421  -0.59783  -1.42263  -2.33064  -3.30848  -4.34640  -5.43704  -6.57462  -7.75450  -8.97288 -10.22657 -11.51288 -12.82949 -14.17438 -15.54581 -16.94221 -18.36220
 424.91553    1.23105   1.10573   0.70314   0.11362  -0.60943  -1.43526  -2.34432  -3.32320  -4.36217  -5.45386  -6.59249  -7.77343  -8.99286 -10.24761 -11.53497 -12.85263 -14.19858 -15.57106 -16.96852 -18.38957
 425.55772    1.22327   1.09750   0.69408   0.10361  -0.62045  -1.44730  -2.35739  -3.33732  -4.37733  -5.47007  -6.60976  -7.79176  -9.01225 -10.26805 -11.55647 -12.87520 -14.22221 -15.59575 -16.99427 -18.41638
 426.20055    1.21591   1.08964   0.68533   0.09383  -0.63131  -1.45927  -2.37049  -3.35156  -4.39272  -5.48661  -6.62746  -7.81061  -9.03227 -10.28924 -11.57883 -12.89873 -14.24691 -15.62163 -17.02133 -18.44462
 426.84404    1.20903   1.08225   0.67697   0.08435  -0.64196  -1.47113  -2.38359  -3.36590  -4.40832  -5.50348  -6.64560  -7.83004  -9.05299 -10.31125 -11.60214 -12.92334 -14.27284 -15.64886 -17.04987 -18.47448
 427.48817    1.20266   1.07540   0.66930   0.07576  -0.65152  -1.48167  -2.39511  -3.37841  -4.42182  -5.51797  -6.66108  -7.84651  -9.07044 -10.32969 -11.62156 -12.94374 -14.29421 -15.67122 -17.07321 -18.49879
 428.13294    1.19676   1.06903   0.66210   0.06763  -0.66061  -1.49174  -2.40617  -3.39045  -4.43484  -5.53198  -6.67607  -7.86247  -9.08738 -10.34760 -11.64045 -12.96360 -14.31505 -15.69302 -17.09598 -18.52252
 428.77837    1.19128   1.06295   0.65498   0.05932  -0.67017  -1.50259  -2.41831  -3.40391  -4.44964  -5.54811  -6.69355  -7.88131  -9.10757 -10.36916 -11.66338 -12.98790 -14.34071 -15.72007 -17.12440 -18.55234
 429.42445    1.18631   1.05752   0.64872   0.05211  -0.67837  -1.51180  -2.42854  -3.41517  -4.46193  -5.56144  -6.70791  -7.89670  -9.12400 -10.38662 -11.68187 -13.00743 -14.36128 -15.74167 -17.14705 -18.57601
 430.07117    1.18180   1.05245   0.64270   0.04502  -0.68658  -1.52113  -2.43902  -3.42680  -4.47471  -5.57536  -6.72298  -7.91292  -9.14138 -10.40515 -11.70155 -13.02826 -14.38327 -15.76481 -17.17133 -18.60144
 430.71854    1.17773   1.04781   0.63704   0.03822  -0.69459  -1.53039  -2.44954  -3.43859  -4.48779  -5.58973  -6.73865  -7.92990  -9.15966 -10.42475 -11.72247 -13.05050 -14.40683 -15.78970 -17.19755 -18.62900
 431.36656    1.17411   1.04363   0.63198   0.03219  -0.70160  -1.53838  -2.45851  -3.44853  -4.49868  -5.60159  -6.75146  -7.94365  -9.17435 -10.44037 -11.73901 -13.06796 -14.42521 -15.80898 -17.21774 -18.65009
 432.01523    1.17103   1.04002   0.62740   0.02649  -0.70849  -1.54648  -2.46785  -3.45912  -4.51054  -5.61472  -6.76587  -7.95934  -9.19133 -10.45865 -11.75859 -13.08885 -14.44740 -15.83249 -17.24256 -18.67623
 432.66456    1.16833   1.03675   0.62316   0.02118  -0.71491  -1.55404  -2.47654  -3.46896  -4.52152  -5.62685  -6.77914  -7.97376  -9.20690 -10.47536 -11.77645 -13.10785 -14.46754 -15.85377 -17.26499 -18.69980
 433.31453    1.16605   1.03386   0.61915   0.01587  -0.72160  -1.56215  -2.48611  -3.48000  -4.53406  -5.64089  -6.79471  -7.99086  -9.22554 -10.49555 -11.79820 -13.13117 -14.49244 -15.88025 -17.29305 -18.72945
 433.96515    1.16434   1.03155   0.61583   0.01142  -0.72722  -1.56896  -2.49412  -3.48922  -4.54448  -5.65253  -6.80755  -8.00492  -9.24081 -10.51204 -11.81590 -13.15008 -14.51256 -15.90159 -17.31560 -18.75321
 434.61642    1.16291   1.02952   0.61287   0.00744  -0.73224  -1.57503  -2.50123  -3.49736  -4.55366  -5.66272  -6.81877  -8.01715  -9.25404 -10.52627 -11.83113 -13.16630 -14.52977 -15.91978 -17.33477 -18.77336
 435.26835    1.16201   1.02798   0.61018   0.00345  -0.73760  -1.58180  -2.50944  -3.50703  -4.56480  -5.67534  -6.83288  -8.03276  -9.27116 -10.54490 -11.85128 -13.18798 -14.55297 -15.94452 -17.36105 -18.80118
 435.92092    1.16158   1.02684   0.60792  -0.00004  -0.74235  -1.58782  -2.51674  -3.51561  -4.57466  -5.68649  -6.84530  -8.04646  -9.28614 -10.56116 -11.86881 -13.20677 -14.57304 -15.96585 -17.38365 -18.82505
 436.57415    1.16156   1.02620   0.60622  -0.00292  -0.74647  -1.59320  -2.52338  -3.52353  -4.58386  -5.69698  -6.85708  -8.05953  -9.30050 -10.57682 -11.88576 -13.22503 -14.59259 -15.98670 -17.40580 -18.84850
 437.22803    1.16200   1.02592   0.60487  -0.00542  -0.75014  -1.59804  -2.52940  -3.53070  -4.59219  -5.70645  -6.86769  -8.07127  -9.31337 -10.59080 -11.90086 -13.24123 -14.60991 -16.00511 -17.42531 -18.86910
 437.88257    1.16287   1.02610   0.60387  -0.00774  -0.75383  -1.60314  -2.53592  -3.53866  -4.60159  -5.71730  -6.88000  -8.08504  -9.32861 -10.60751 -11.91904 -13.26089 -14.63104 -16.02773 -17.44941 -18.89469
 438.53775    1.16414   1.02679   0.60367  -0.00892  -0.75600  -1.60629  -2.54004  -3.54376  -4.60764  -5.72430  -6.88794  -8.09392  -9.33841 -10.61823 -11.93067 -13.27343 -14.64448 -16.04206 -17.46463 -18.91079
 439.19359    1.16584   1.02775   0.60337  -0.01061  -0.75916  -1.61096  -2.54624  -3.55149  -4.61693  -5.73516  -6.90037  -8.10793  -9.35401 -10.63542 -11.94947 -13.29382 -14.66648 -16.06568 -17.48986 -18.93764
 439.85008    1.16803   1.02922   0.60373  -0.01147  -0.76126  -1.61432  -2.55086  -3.55737  -4.62407  -5.74355  -6.91002  -8.11883  -9.36616 -10.64882 -11.96411 -13.30972 -14.68362 -16.08405 -17.50947 -18.95849
 440.50723    1.17071   1.03115   0.60443  -0.01211  -0.76329  -1.61776  -2.55572  -3.56367  -4.63181  -5.75273  -6.92064  -8.13090  -9.37968 -10.66379 -11.98053 -13.32758 -14.70293 -16.10482 -17.53169 -18.98216
 441.16503    1.17370   1.03346   0.60576  -0.01184  -0.76410  -1.61963  -2.55865  -3.56765  -4.63683  -5.75878  -6.92772  -8.13898  -9.38877 -10.67387 -11.99161 -13.33964 -14.71598 -16.11884 -17.54668 -18.99811
 441.82348    1.17717   1.03601   0.60683  -0.01241  -0.76635  -1.62362  -2.56439  -3.57515  -4.64611  -5.76985  -6.94059  -8.15366  -9.40525 -10.69218 -12.01173 -13.36160 -14.73976 -16.14446 -17.57413 -19.02741
 442.48259    1.18109   1.03920   0.60892  -0.01149  -0.76664  -1.62512  -2.56710  -3.57908  -4.65124  -5.77619  -6.94812  -8.16239  -9.41517 -10.70329 -12.02403 -13.37507 -14.75441 -16.16029 -17.59114 -19.04558
 443.14236    1.18546   1.04271   0.61115  -0.01066  -0.76725  -1.62718  -2.57062  -3.58405  -4.65767  -5.78407  -6.95746  -8.17318  -9.42742 -10.71699 -12.03918 -13.39167 -14.77246 -16.17978 -17.61208 -19.06797
 443.80278    1.19014   1.04653   0.61378  -0.00929  -0.76714  -1.62833  -2.57303  -3.58770  -4.66255  -5.79018  -6.96478  -8.18171  -9.43714 -10.72789 -12.05127 -13.40494 -14.78689 -16.19538 -17.62883 -19.08588
 444.46386    1.19534   1.05087   0.61678  -0.00776  -0.76713  -1.62987  -2.57613  -3.59237  -4.66881  -5.79802  -6.97421  -8.19273  -9.44976 -10.74211 -12.06709 -13.42236 -14.80593 -16.21602 -17.65108 -19.10974
 445.12559    1.20088   1.05556   0.62028  -0.00550  -0.76612  -1.63009  -2.57756  -3.59501  -4.67263  -5.80301  -6.98036  -8.20004  -9.45821 -10.75169 -12.07778 -13.43417 -14.81884 -16.23003 -17.66618 -19.12591
 445.78798    1.20687   1.06076   0.62431  -0.00272  -0.76463  -1.62988  -2.57863  -3.59736  -4.67626  -5.80791  -6.98653  -8.20746  -9.46689 -10.76163 -12.08897 -13.44661 -14.83252 -16.24495 -17.68234 -19.14330
 446.45102    1.21325   1.06639   0.62881   0.00057  -0.76256  -1.62904  -2.57903  -3.59898  -4.67909  -5.81195  -6.99178  -8.21391  -9.47453 -10.77046 -12.09898 -13.45780 -14.84488 -16.25848 -17.69704 -19.15917
 447.11473    1.21957   1.07247   0.63608   0.00979  -0.75085  -1.61443  -2.56118  -3.57762  -4.65398  -5.78289  -6.95856  -8.17638  -9.43253 -10.72384 -12.04763 -13.40158 -14.78369 -16.19220 -17.62558 -19.08243
 447.77909    1.22724   1.07873   0.63893   0.00840  -0.75701  -1.62572  -2.57789  -3.59999  -4.68221  -5.81715  -6.99902  -8.22316  -9.48577 -10.78366 -12.11412 -13.47485 -14.86383 -16.27930 -17.71972 -19.18369
 448.44411    1.23482   1.08545   0.64440   0.01252  -0.75426  -1.62434  -2.57789  -3.60136  -4.68495  -5.82125  -7.00447  -8.22997  -9.49392 -10.79316 -12.12496 -13.48703 -14.87734 -16.29415 -17.73589 -19.20119
 449.10978    1.24285   1.09236   0.64982   0.01639  -0.75195  -1.62359  -2.57868  -3.60368  -4.68879  -5.82660  -7.01132  -8.23831  -9.50375 -10.80446 -12.13773 -13.50125 -14.89302 -16.31127 -17.75445 -19.22119
 449.77612    1.25118   1.09991   0.65636   0.02190  -0.74743  -1.62004  -2.57606  -3.60197  -4.68795  -5.82662  -7.01218  -8.23999  -9.50622 -10.80771 -12.14175 -13.50603 -14.89853 -16.31751 -17.76141 -19.22884
 450.44311    1.25998   1.10766   0.66280   0.02700  -0.74364  -1.61753  -2.57480  -3.60193  -4.68911  -5.82895  -7.01566  -8.24460  -9.51195 -10.81454 -12.14967 -13.51501 -14.90858 -16.32860 -17.77353 -19.24199
 451.11076    1.26913   1.11602   0.67022   0.03350  -0.73802  -1.61274  -2.57080  -3.59868  -4.68658  -5.82711  -7.01448  -8.24406  -9.51202 -10.81520 -12.15090 -13.51681 -14.91091 -16.33146 -17.77689 -19.24585
 451.77908    1.27873   1.12471   0.67780   0.03998  -0.73260  -1.60833  -2.56736  -3.59618  -4.68498  -5.82639  -7.01461  -8.24501  -9.51378 -10.81774 -12.15420 -13.52085 -14.91568 -16.33694 -17.78308 -19.25272
 452.44805    1.28863   1.13369   0.68576   0.04697  -0.72651  -1.60308  -2.56289  -3.59244  -4.68194  -5.82400  -7.01284  -8.24382  -9.51315 -10.81764 -12.15461 -13.52174 -14.91704 -16.33874 -17.78530 -19.25534
 453.11768    1.29900   1.14331   0.69464   0.05523  -0.71878  -1.59579  -2.55597  -3.58581  -4.67555  -5.81779  -7.00677  -8.23785  -9.50724 -10.81175 -12.14871 -13.51581 -14.91103 -16.33264 -17.77908 -19.24898
 453.78797    1.30965   1.15389   0.70559   0.06682  -0.70632  -1.58231  -2.54132  -3.56987  -4.65821  -5.79897  -6.98638  -8.21582  -9.48350 -10.78625 -12.12138 -13.48659 -14.87989 -16.29952 -17.74393 -19.21177
 454.45893    1.32072   1.16467   0.71638   0.07782  -0.69495  -1.57041  -2.52879  -3.55661  -4.64413  -5.78400  -6.97045  -8.19886  -9.46546 -10.76708 -12.10103 -13.46502 -14.85705 -16.27537 -17.71845 -19.18491
 455.13054    1.33219   1.17670   0.72971   0.09283  -0.67799  -1.55127  -2.50729  -3.53260  -4.61747  -5.75457  -6.93814  -8.16360  -9.42714 -10.72563 -12.05638 -13.41709 -14.80579 -16.22072 -17.66035 -19.12330
 455.80282    1.34408   1.18876   0.74241   0.10644  -0.66326  -1.53525  -2.48983  -3.51358  -4.59680  -5.73215  -6.91390  -8.13744  -9.39902 -10.69547 -12.02412 -13.38270 -14.76920 -16.18189 -17.61923 -19.07986
 456.47575    1.35635   1.20136   0.75596   0.12128  -0.64686  -1.51709  -2.46974  -3.49142  -4.57244  -5.70549  -6.88484  -8.10590  -9.36490 -10.65871 -11.98466 -13.34046 -14.72414 -16.13394 -17.56835 -19.02599
 457.14935    1.36904   1.21413   0.76933   0.13555  -0.63146  -1.50038  -2.45158  -3.47167  -4.55100  -5.68225  -6.85972  -8.07882  -9.33580 -10.62751 -11.95130 -13.30489 -14.68630 -16.09379 -17.52584 -18.98108
 457.82361    1.38200   1.22791   0.78486   0.15329  -0.61119  -1.47732  -2.42551  -3.44243  -4.51842  -5.64619  -6.82007  -8.03547  -9.28864 -10.57646 -11.89628 -13.24581 -14.62309 -16.02638 -17.45417 -18.90508
 458.49854    1.39532   1.24187   0.80039   0.17086  -0.59122  -1.45470  -2.40001  -3.41386  -4.48662  -5.61103  -6.78142  -7.99322  -9.24268 -10.52671 -11.84263 -13.18820 -14.56143 -15.96061 -17.38421 -18.83088
 459.17412    1.40914   1.25612   0.81567   0.18750  -0.57299  -1.43467  -2.37804  -3.38980  -4.46036  -5.58248  -6.75047  -7.95979  -9.20670 -10.48810 -11.80134 -13.14416 -14.51460 -15.91092 -17.33162 -18.77534
 459.85037    1.42329   1.27169   0.83396   0.20910  -0.54764  -1.40524  -2.34426  -3.35145  -4.41724  -5.53441  -6.69731  -7.90140  -9.14296 -10.41889 -11.72655 -13.06369 -14.42836 -15.81883 -17.23359 -18.67130
 460.52729    1.43772   1.28868   0.85524   0.23544  -0.51570  -1.36729  -2.29997  -3.30053  -4.35946  -5.46955  -6.62519  -7.82184  -9.05581 -10.32400 -11.62381 -12.95296 -14.30953 -15.69180 -17.09825 -18.52756
 461.20487    1.45276   1.30378   0.87075   0.25158  -0.49876  -1.34940  -2.28101  -3.28040  -4.33807  -5.44683  -6.60106  -7.79624  -9.02868 -10.29530 -11.59347 -12.92096 -14.27581 -15.65632 -17.06098 -18.48846
 461.88311    1.46795   1.32100   0.89131   0.27608  -0.46990  -1.31586  -2.24251  -3.23672  -4.28902  -5.39224  -6.54077  -7.73013  -8.95662 -10.21717 -11.50918 -12.83039 -14.17888 -15.55295 -16.95109 -18.37197
 462.56202    1.48365   1.33711   0.90846   0.29460  -0.44975  -1.29389  -2.21855  -3.21064  -4.26069  -5.36155  -6.50763  -7.69445  -8.91833 -10.17619 -11.46544 -12.78384 -14.12946 -15.50060 -16.89577 -18.31362
 463.24159    1.49966   1.35430   0.92766   0.31622  -0.42541  -1.26657  -2.18807  -3.17684  -4.22342  -5.32069  -6.46307  -7.64608  -8.86606 -10.11995 -11.40514 -12.71941 -14.06083 -15.42771 -16.81855 -18.23203
 463.92183    1.51605   1.37113   0.94552   0.33543  -0.40460  -1.24398  -2.16352  -3.15020  -4.19457  -5.28953  -6.42951  -7.61003  -8.82745 -10.07870 -11.36119 -12.67271 -14.01131 -15.37532 -16.76325 -18.17376
 464.60273    1.53279   1.38843   0.96395   0.35530  -0.38306  -1.22058  -2.13811  -3.12265  -4.16477  -5.25737  -6.39490  -7.57291  -8.78773 -10.03632 -11.31609 -12.62483 -13.96060 -15.32172 -16.70672 -18.11425
 465.28430    1.54989   1.40603   0.98268   0.37549  -0.36116  -1.19677  -2.11223  -3.09454  -4.13432  -5.22448  -6.35948  -7.53486  -8.74698  -9.99279 -11.26972 -12.57555 -13.90836 -15.26647 -16.64839 -18.05282
 465.96653    1.56740   1.42400   1.00163   0.39573  -0.33940  -1.17331  -2.08691  -3.06725  -4.10494  -5.19291  -6.32563  -7.49866  -8.70835  -9.95167 -11.22605 -12.52927 -13.85942 -15.21481 -16.59398 -17.99560
 466.64943    1.58523   1.44249   1.02140   0.41709  -0.31619  -1.14806  -2.05946  -3.03746  -4.07269  -5.15810  -6.28816  -7.45845  -8.66533  -9.90576 -11.17719 -12.47740 -13.80448 -15.15676 -16.53276 -17.93116
 467.33300    1.60342   1.46128   1.04145   0.43875  -0.29267  -1.12245  -2.03161  -3.00722  -4.03994  -5.12272  -6.25006  -7.41754  -8.62152  -9.85900 -11.12739 -12.42450 -13.74842 -15.09749 -16.47022 -17.86531
 468.01724    1.62193   1.48066   1.06247   0.46182  -0.26726  -1.09448  -2.00088  -2.97357  -4.00323  -5.08284  -6.20690  -7.37099  -8.57151  -9.80542 -11.07019 -12.36360 -13.68376 -15.02900 -16.39785 -17.78900
 468.70214    1.64083   1.50024   1.08345   0.48457  -0.24246  -1.06741  -1.97137  -2.94146  -3.96839  -5.04515  -6.16626  -7.32731  -8.52470  -9.75541 -11.01690 -12.30697 -13.62372 -14.96550 -16.33082 -17.71840
 469.38771    1.66004   1.52057   1.10572   0.50917  -0.21523  -1.03732  -1.93821  -2.90507  -3.92864  -5.00192  -6.11943  -7.27678  -8.47038  -9.69723 -10.95477 -12.24082 -13.55349 -14.89112 -16.25224 -17.63556
 470.07395    1.67953   1.54069   1.12715   0.53227  -0.19018  -1.01011  -1.90866  -2.87304  -3.89400  -4.96455  -6.07923  -7.23367  -8.42427  -9.64803 -10.90242 -12.18526 -13.49466 -14.82895 -16.18669 -17.56657
 470.76086    1.69941   1.56194   1.15083   0.55889  -0.16026  -0.97660  -1.87133  -2.83170  -3.84847  -4.91469  -6.02491  -7.17476  -8.36067  -9.57964 -10.82915 -12.10702 -13.41137 -14.74054 -16.09309 -17.46771
 471.44843    1.71976   1.58556   1.17919   0.59263  -0.12068  -0.93082  -1.81908  -2.77273  -3.78258  -4.84169  -5.94464  -7.08708  -8.26545  -9.47676 -10.71849 -11.98848 -13.28485 -14.60596 -15.95035 -17.31674
 472.13668    1.74041   1.60687   1.20156   0.61628  -0.09556  -0.90409  -1.79060  -2.74240  -3.75031  -4.80739  -5.90825  -7.04853  -8.22467  -9.43370 -10.67310 -11.94072 -13.23466 -14.55331 -15.89520 -17.25904
 472.82560    1.76136   1.62816   1.22346   0.63899  -0.07189  -0.87931  -1.76461  -2.71510  -3.72162  -4.77724  -5.87657  -7.01526  -8.18976  -9.39710 -10.63477 -11.90060 -13.19273 -14.50952 -15.84952 -17.21144
 473.51518    1.78274   1.64977   1.24550   0.66162  -0.04853  -0.85510  -1.73946  -2.68892  -3.69434  -4.74879  -5.84690  -6.98431  -8.15749  -9.36346 -10.59972 -11.86411 -13.15476 -14.47004 -15.80849 -17.16884
 474.20544    1.80441   1.67115   1.26648   0.68224  -0.02820  -0.83501  -1.71955  -2.66915  -3.67466  -4.72918  -5.82731  -6.96473  -8.13788  -9.34380 -10.57998 -11.84427 -13.13481 -14.44994 -15.78824 -17.14842
 474.89636    1.82650   1.69309   1.28824   0.70391  -0.00654  -0.81329  -1.69770  -2.64711  -3.65238  -4.70662  -5.80442  -6.94148  -8.11424  -9.31974 -10.55547 -11.81928 -13.10932 -14.42393 -15.76168 -17.12129
 475.58796    1.84878   1.71509   1.30990   0.72529   0.01465  -0.79221  -1.67668  -2.62609  -3.63132  -4.68547  -5.78315  -6.92005  -8.09262  -9.29790 -10.53339 -11.79693 -13.08667 -14.40097 -15.73839 -17.09764
 476.28023    1.87147   1.73748   1.33190   0.74695   0.03603  -0.77105  -1.65568  -2.60521  -3.61052  -4.66470  -5.76239  -6.89927  -8.07178  -9.27699 -10.51237 -11.77580 -13.06539 -14.37953 -15.71677 -17.07582
 476.97317    1.89455   1.76017   1.35404   0.76858   0.05721  -0.75026  -1.63524  -2.58507  -3.59064  -4.64506  -5.74294  -6.87999  -8.05265  -9.25798 -10.49346 -11.75697 -13.04662 -14.36080 -15.69807 -17.05713
 477.66678    1.91791   1.78328   1.37697   0.79145   0.08013  -0.72719  -1.61193  -2.56145  -3.56664  -4.62063  -5.71805  -6.85457  -8.02667  -9.23139 -10.46625 -11.72908 -13.01804 -14.33149 -15.66800 -17.02630
 478.36106    1.94149   1.80620   1.39900   0.81259   0.10042  -0.70772  -1.59323  -2.54350  -3.54942  -4.60410  -5.70218  -6.83935  -8.01208  -9.21742 -10.45286 -11.71628 -13.00580 -14.31980 -15.65685 -17.01567
 479.05601    1.96555   1.83002   1.42255   0.83596   0.12371  -0.68442  -1.56987  -2.52001  -3.52573  -4.58018  -5.67799  -6.81485  -7.98722  -9.19218 -10.42721 -11.69019 -12.97924 -14.29276 -15.62929 -16.98757
 479.75164    1.98981   1.85379   1.44574   0.85863   0.14593  -0.66258  -1.54834  -2.49874  -3.50469  -4.55932  -5.65726  -6.79423  -7.96669  -9.17169 -10.40675 -11.66973 -12.95876 -14.27224 -15.60871 -16.96691
 480.44794    2.01450   1.87788   1.46900   0.88104   0.16753  -0.64176  -1.52827  -2.47938  -3.48602  -4.54131  -5.63990  -6.77748  -7.95054  -9.15613 -10.39176 -11.65529 -12.94487 -14.25887 -15.59586 -16.95456
 481.14492    2.03942   1.90234   1.49310   0.90493   0.19135  -0.61791  -1.50428  -2.45518  -3.46153  -4.51647  -5.61466  -6.75179  -7.92435  -9.12940 -10.36445 -11.62737 -12.91629 -14.22961 -15.56589 -16.92385
 481.84257    2.06469   1.92729   1.51766   0.92918   0.21536  -0.59405  -1.48051  -2.43145  -3.43779  -4.49268  -5.59077  -6.72777  -7.90017  -9.10503 -10.33986 -11.60254 -12.89120 -14.20422 -15.54019 -16.89783
 482.54089    2.09024   1.95249   1.54255   0.95388   0.23999  -0.56939  -1.45575  -2.40651  -3.41261  -4.46721  -5.56496  -6.70158  -7.87355  -9.07795 -10.31228 -11.57442 -12.86252 -14.17497 -15.51032 -16.86732
 483.23989    2.11607   1.97799   1.56778   0.97897   0.26506  -0.54424  -1.43043  -2.38095  -3.38675  -4.44098  -5.53832  -6.67447  -7.84594  -9.04980 -10.28355 -11.54509 -12.83254 -14.14431 -15.47897 -16.83524
 483.93956    2.14223   2.00379   1.59323   1.00416   0.29009  -0.51927  -1.40545  -2.35590  -3.36156  -4.41561  -5.51272  -6.64861  -7.81978  -9.02330 -10.25668 -11.51782 -12.80485 -14.11617 -15.45034 -16.80612
 484.63990    2.16874   2.03009   1.61953   1.03065   0.31694  -0.49194  -1.37752  -2.32727  -3.33216  -4.38536  -5.48155  -6.61647  -7.78661  -8.98905 -10.22132 -11.48129 -12.76712 -14.07720 -15.41010 -16.76456
 485.34093    2.19557   2.05657   1.64570   1.05666   0.34291  -0.46592  -1.35135  -2.30088  -3.30548  -4.35834  -5.45414  -6.58862  -7.75827  -8.96019 -10.19190 -11.45128 -12.73648 -14.04591 -15.37813 -16.73189
 486.04262    2.22257   2.08367   1.67338   1.08521   0.37256  -0.43497  -1.31896  -2.26692  -3.26984  -4.32093  -5.41486  -6.54740  -7.71504  -8.91488 -10.14444 -11.40162 -12.68457 -13.99170 -15.32157 -16.67294
 486.74500    2.24996   2.11178   1.70283   1.11635   0.40565  -0.39971  -1.28137  -2.22685  -3.22716  -4.27552  -5.36664  -6.49626  -7.66092  -8.85769 -10.08412 -11.33810 -12.61780 -13.92161 -15.24812 -16.59607
 487.44805    2.27766   2.14069   1.73377   1.14975   0.44184  -0.36049  -1.23890  -2.18096  -3.17771  -4.22238  -5.30969  -6.43540  -7.59604  -8.78872 -10.01097 -11.26070 -12.53607 -13.83550 -15.15755 -16.50099
 488.15177    2.30565   2.16933   1.76371   1.18136   0.47541  -0.32475  -1.20080  -2.14036  -3.13447  -4.17638  -5.26084  -6.38360  -7.54120  -8.73077  -9.94984 -11.19631 -12.46837 -13.76442 -15.08305 -16.42301

# Fitted data
 383.94459    2.92467   2.81643   2.45480   1.91406   1.25022   0.47618  -0.37105  -1.28238  -2.26079  -3.29045  -4.36566  -5.48257  -6.63633  -7.82480  -9.04691 -10.29699 -11.57681 -12.88328 -14.21435 -15.56576
 384.46563    2.88571   2.77773   2.41619   1.87558   1.21143   0.43770  -0.40973  -1.32162  -2.30009  -3.32978  -4.40513  -5.52218  -6.67615  -7.86485  -9.08709 -10.33744 -11.61744 -12.92406 -14.25524 -15.60698
 384.98666    2.84727   2.73953   2.37805   1.83753   1.17304   0.39955  -0.44811  -1.36058  -2.33916  -3.36891  -4.44445  -5.56169  -6.71592  -7.90488  -9.12730 -10.37797 -11.65819 -12.96499 -14.29634 -15.64846
 385.50770    2.80935   2.70183   2.34037   1.79990   1.13504   0.36176  -0.48618  -1.39926  -2.37799  -3.40786  -4.48363  -5.60109  -6.75561  -7.94489  -9.16753 -10.41856 -11.69904 -13.00608 -14.33764 -15.69018
 386.02873    2.77195   2.66462   2.30316   1.76270   1.09744   0.32431  -0.52394  -1.43766  -2.41658  -3.44661  -4.52264  -5.64038  -6.79523  -7.98486  -9.20777 -10.45920 -11.73998 -13.04730 -14.37912 -15.73211
 386.54977    2.73507   2.62790   2.26641   1.72592   1.06024   0.28720  -0.56139  -1.47577  -2.45492  -3.48515  -4.56150  -5.67954  -6.83477  -8.02479  -9.24801 -10.49988 -11.78100 -13.08864 -14.42076 -15.77425
 387.07081    2.69870   2.59168   2.23012   1.68956   1.02342   0.25045  -0.59852  -1.51359  -2.49301  -3.52348  -4.60018  -5.71857  -6.87421  -8.06467  -9.28823 -10.54057 -11.82209 -13.13009 -14.46255 -15.81657
 387.59184    2.66283   2.55594   2.19429   1.65362   0.98701   0.21404  -0.63534  -1.55111  -2.53085  -3.56161  -4.63869  -5.75747  -6.91356  -8.10448  -9.32844 -10.58128 -11.86322 -13.17163 -14.50448 -15.85906
 388.11288    2.62748   2.52069   2.15891   1.61811   0.95098   0.17798  -0.67184  -1.58834  -2.56843  -3.59951  -4.67702  -5.79622  -6.95279  -8.14422  -9.36860 -10.62200 -11.90440 -13.21325 -14.54653 -15.90171
 388.63391    2.59262   2.48592   2.12398   1.58301   0.91535   0.14228  -0.70802  -1.62528  -2.60575  -3.63720  -4.71516  -5.83482  -6.99191  -8.18388  -9.40873 -10.66270 -11.94560 -13.25493 -14.58868 -15.94450
 389.15495    2.55826   2.45163   2.08951   1.54833   0.88012   0.10692  -0.74388  -1.66192  -2.64281  -3.67465  -4.75311  -5.87327  -7.03091  -8.22344  -9.44880 -10.70338 -11.98682 -13.29667 -14.63092 -15.98741
 389.67599    2.52440   2.41781   2.05549   1.51407   0.84528   0.07192  -0.77942  -1.69825  -2.67960  -3.71188  -4.79086  -5.91155  -7.06977  -8.26291  -9.48881 -10.74403 -12.02804 -13.33845 -14.67324 -16.03043
 390.19702    2.49103   2.38447   2.02191   1.48022   0.81082   0.03727  -0.81464  -1.73428  -2.71611  -3.74887  -4.82841  -5.94966  -7.10850  -8.30228  -9.52874 -10.78464 -12.06926 -13.38025 -14.71563 -16.07354
 390.71806    2.45815   2.35160   1.98878   1.44679   0.77677   0.00297  -0.84953  -1.77001  -2.75236  -3.78562  -4.86575  -5.98759  -7.14708  -8.34152  -9.56859 -10.82520 -12.11045 -13.42207 -14.75806 -16.11672
 391.23909    2.42576   2.31920   1.95609   1.41376   0.74310  -0.03098  -0.88409  -1.80542  -2.78832  -3.82213  -4.90288  -6.02534  -7.18551  -8.38065  -9.60835 -10.86569 -12.15161 -13.46389 -14.80052 -16.15998
 391.76013    2.39385   2.28726   1.92384   1.38115   0.70982  -0.06457  -0.91833  -1.84053  -2.82401  -3.85839  -4.93979  -6.06290  -7.22378  -8.41964  -9.64801 -10.90611 -12.19273 -13.50569 -14.84300 -16.20327
 392.28117    2.36242   2.25578   1.89203   1.34896   0.67694  -0.09780  -0.95223  -1.87532  -2.85941  -3.89439  -4.97647  -6.10027  -7.26188  -8.45849  -9.68756 -10.94644 -12.23379 -13.54747 -14.88550 -16.24660
 392.80220    2.33146   2.22477   1.86066   1.31717   0.64444  -0.13068  -0.98581  -1.90980  -2.89452  -3.93014  -5.01293  -6.13744  -7.29980  -8.49719  -9.72699 -10.98668 -12.27479 -13.58922 -14.92798 -16.28996
 393.32324    2.30098   2.19421   1.82972   1.28578   0.61234  -0.16321  -1.01905  -1.94396  -2.92935  -3.96563  -5.04915  -6.17440  -7.33754  -8.53573  -9.76629 -11.02682 -12.31571 -13.63092 -14.97045 -16.33331
 393.84427    2.27097   2.16410   1.79922   1.25481   0.58062  -0.19537  -1.05196  -1.97780  -2.96388  -4.00086  -5.08513  -6.21114  -7.37510  -8.57411  -9.80545 -11.06685 -12.35655 -13.67255 -15.01289 -16.37666
 394.36531    2.24143   2.13445   1.76915   1.22424   0.54929  -0.22719  -1.08453  -2.01132  -2.99812  -4.03582  -5.12087  -6.24767  -7.41246  -8.61232  -9.84447 -11.10675 -12.39729 -13.71412 -15.05528 -16.41999
 394.88635    2.21235   2.10525   1.73951   1.19408   0.51836  -0.25864  -1.11677  -2.04452  -3.03205  -4.07050  -5.15636  -6.28397  -7.44962  -8.65036  -9.88334 -11.14652 -12.43791 -13.75560 -15.09761 -16.46328
 395.40738    2.18374   2.07650   1.71029   1.16432   0.48780  -0.28973  -1.14867  -2.07739  -3.06569  -4.10491  -5.19160  -6.32004  -7.48656  -8.68820  -9.92204 -11.18615 -12.47842 -13.79699 -15.13987 -16.50652
 395.92842    2.15558   2.04819   1.68150   1.13496   0.45764  -0.32047  -1.18023  -2.10994  -3.09902  -4.13904  -5.22658  -6.35588  -7.52330  -8.72585  -9.96057 -11.22562 -12.51881 -13.83827 -15.18206 -16.54969
 396.44945    2.12788   2.02032   1.65314   1.10601   0.42786  -0.35085  -1.21145  -2.14215  -3.13205  -4.17289  -5.26129  -6.39147  -7.55981  -8.76330  -9.99892 -11.26494 -12.55905 -13.87944 -15.22415 -16.59280
 396.97049    2.10063   1.99289   1.62519   1.07745   0.39847  -0.38087  -1.24233  -2.17404  -3.16477  -4.20645  -5.29574  -6.42682  -7.59610  -8.80054 -10.03708 -11.30409 -12.59914 -13.92048 -15.26613 -16.63581
 397.49152    2.07383   1.96590   1.59767   1.04929   0.36946  -0.41053  -1.27286  -2.20560  -3.19717  -4.23972  -5.32992  -6.46192  -7.63215  -8.83756 -10.07505 -11.34306 -12.63908 -13.96138 -15.30800 -16.67873
 398.01256    2.04748   1.93934   1.57056   1.02153   0.34084  -0.43983  -1.30306  -2.23682  -3.22926  -4.27269  -5.36382  -6.49676  -7.66796  -8.87437 -10.11281 -11.38184 -12.67885 -14.00213 -15.34973 -16.72153
 398.53360    2.02158   1.91321   1.54387   0.99417   0.31261  -0.46877  -1.33291  -2.26771  -3.26104  -4.30537  -5.39745  -6.53134  -7.70353  -8.91094 -10.15037 -11.42043 -12.71844 -14.04272 -15.39133 -16.76420
 399.05463    1.99611   1.88752   1.51759   0.96720   0.28475  -0.49735  -1.36241  -2.29825  -3.29249  -4.33775  -5.43078  -6.56565  -7.73885  -8.94728 -10.18770 -11.45881 -12.75784 -14.08314 -15.43278 -16.80674
 399.57567    1.97109   1.86225   1.49172   0.94063   0.25728  -0.52557  -1.39157  -2.32846  -3.32362  -4.36982  -5.46384  -6.59969  -7.77391  -8.98337 -10.22481 -11.49698 -12.79704 -14.12339 -15.47406 -16.84913
 400.09670    1.94650   1.83740   1.46627   0.91445   0.23020  -0.55343  -1.42038  -2.35833  -3.35443  -4.40159  -5.49659  -6.63345  -7.80870  -9.01922 -10.26169 -11.53493 -12.83604 -14.16344 -15.51517 -16.89136
 400.61774    1.92234   1.81298   1.44122   0.88866   0.20349  -0.58093  -1.44884  -2.38786  -3.38491  -4.43304  -5.52906  -6.66693  -7.84323  -9.05481 -10.29832 -11.57266 -12.87483 -14.20329 -15.55609 -16.93341
 401.13878    1.89862   1.78898   1.41658   0.86326   0.17717  -0.60806  -1.47695  -2.41705  -3.41506  -4.46419  -5.56122  -6.70012  -7.87748  -9.09014 -10.33471 -11.61014 -12.91339 -14.24294 -15.59682 -16.97528
 401.65981    1.87532   1.76539   1.39235   0.83825   0.15122  -0.63484  -1.50471  -2.44589  -3.44488  -4.49501  -5.59308  -6.73302  -7.91146  -9.12520 -10.37084 -11.64738 -12.95172 -14.28236 -15.63734 -17.01696
 402.18085    1.85245   1.74222   1.36851   0.81363   0.12566  -0.66125  -1.53212  -2.47438  -3.47437  -4.52552  -5.62463  -6.76563  -7.94514  -9.15998 -10.40671 -11.68437 -12.98981 -14.32155 -15.67765 -17.05842
 402.70188    1.83000   1.71946   1.34508   0.78940   0.10048  -0.68730  -1.55918  -2.50253  -3.50352  -4.55570  -5.65587  -6.79793  -7.97854  -9.19449 -10.44231 -11.72110 -13.02765 -14.36051 -15.71773 -17.09967
 403.22292    1.80797   1.69712   1.32205   0.76555   0.07567  -0.71299  -1.58589  -2.53032  -3.53233  -4.58556  -5.68679  -6.82994  -8.01164  -9.22871 -10.47763 -11.75756 -13.06523 -14.39922 -15.75757 -17.14069
 403.74396    1.78635   1.67518   1.29942   0.74209   0.05125  -0.73831  -1.61224  -2.55777  -3.56080  -4.61509  -5.71740  -6.86163  -8.04444  -9.26263 -10.51267 -11.79375 -13.10255 -14.43767 -15.79717 -17.18147
 404.26499    1.76515   1.65365   1.27718   0.71901   0.02720  -0.76327  -1.63824  -2.58486  -3.58893  -4.64429  -5.74768  -6.89300  -8.07694  -9.29626 -10.54743 -11.82965 -13.13959 -14.47586 -15.83651 -17.22200
 404.78603    1.74437   1.63252   1.25533   0.69632   0.00353  -0.78787  -1.66388  -2.61160  -3.61672  -4.67316  -5.77763  -6.92406  -8.10912  -9.32958 -10.58188 -11.86527 -13.17635 -14.51378 -15.87559 -17.26227
 405.30706    1.72399   1.61179   1.23388   0.67400  -0.01977  -0.81211  -1.68916  -2.63799  -3.64416  -4.70168  -5.80726  -6.95480  -8.14099  -9.36260 -10.61604 -11.90058 -13.21282 -14.55141 -15.91439 -17.30227
 405.82810    1.70402   1.59146   1.21282   0.65207  -0.04268  -0.83598  -1.71409  -2.66402  -3.67125  -4.72987  -5.83655  -6.98521  -8.17254  -9.39529 -10.64988 -11.93560 -13.24899 -14.58874 -15.95290 -17.34198
 406.34914    1.68445   1.57153   1.19214   0.63051  -0.06523  -0.85949  -1.73866  -2.68969  -3.69800  -4.75772  -5.86551  -7.01529  -8.20376  -9.42767 -10.68341 -11.97030 -13.28486 -14.62578 -15.99112 -17.38141
 406.87017    1.66528   1.55199   1.17185   0.60934  -0.08740  -0.88264  -1.76288  -2.71501  -3.72439  -4.78522  -5.89413  -7.04504  -8.23466  -9.45972 -10.71662 -12.00468 -13.32041 -14.66251 -16.02904 -17.42053
 407.39121    1.64652   1.53284   1.15195   0.58854  -0.10919  -0.90542  -1.78673  -2.73997  -3.75043  -4.81237  -5.92240  -7.07445  -8.26521  -9.49144 -10.74950 -12.03874 -13.35564 -14.69892 -16.06664 -17.45934
 407.91224    1.62815   1.51408   1.13243   0.56811  -0.13062  -0.92784  -1.81022  -2.76456  -3.77611  -4.83918  -5.95033  -7.10351  -8.29543  -9.52283 -10.78205 -12.07247 -13.39055 -14.73501 -16.10392 -17.49784
 408.43328    1.61017   1.49572   1.11329   0.54806  -0.15167  -0.94990  -1.83336  -2.78880  -3.80144  -4.86563  -5.97791  -7.13223  -8.32531  -9.55387 -10.81426 -12.10586 -13.42511 -14.77077 -16.14087 -17.53600
 408.95431    1.59259   1.47773   1.09454   0.52838  -0.17235  -0.97160  -1.85613  -2.81267  -3.82640  -4.89173  -6.00514  -7.16060  -8.35483  -9.58456 -10.84612 -12.13890 -13.45934 -14.80618 -16.17749 -17.57382
 409.47535    1.57539   1.46013   1.07616   0.50908  -0.19266  -0.99293  -1.87854  -2.83618  -3.85101  -4.91747  -6.03201  -7.18862  -8.38401  -9.61490 -10.87764 -12.17160 -13.49321 -14.84124 -16.21375 -17.61129
 409.99639    1.55858   1.44292   1.05815   0.49014  -0.21259  -1.01390  -1.90060  -2.85932  -3.87525  -4.94285  -6.05852  -7.21628  -8.41282  -9.64489 -10.90880 -12.20394 -13.52673 -14.87595 -16.24966 -17.64841
 410.51742    1.54216   1.42608   1.04052   0.47158  -0.23216  -1.03450  -1.92228  -2.88210  -3.89913  -4.96787  -6.08468  -7.24358  -8.44128  -9.67451 -10.93959 -12.23591 -13.55988 -14.91030 -16.28521 -17.68516
 411.03846    1.52611   1.40961   1.02327   0.45338  -0.25136  -1.05474  -1.94361  -2.90452  -3.92265  -4.99252  -6.11047  -7.27051  -8.46937  -9.70377 -10.97002 -12.26752 -13.59267 -14.94427 -16.32038 -17.72153
 411.55949    1.51045   1.39353   1.00638   0.43555  -0.27019  -1.07462  -1.96457  -2.92656  -3.94579  -5.01681  -6.13589  -7.29708  -8.49709  -9.73265 -11.00008 -12.29875 -13.62507 -14.97786 -16.35518 -17.75752
 412.08053    1.49516   1.37781   0.98987   0.41809  -0.28866  -1.09413  -1.98517  -2.94824  -3.96857  -5.04073  -6.16094  -7.32328  -8.52444  -9.76116 -11.02976 -12.32959 -13.65709 -15.01107 -16.38958 -17.79312
 412.60157    1.48025   1.36247   0.97372   0.40099  -0.30675  -1.11329  -2.00540  -2.96954  -3.99098  -5.06428  -6.18562  -7.34910  -8.55141  -9.78929 -11.05905 -12.36006 -13.68873 -15.04389 -16.42359 -17.82832
 413.12260    1.46571   1.34749   0.95794   0.38425  -0.32449  -1.13208  -2.02527  -2.99048  -4.01302  -5.08746  -6.20992  -7.37454  -8.57800  -9.81703 -11.08796 -12.39012 -13.71996 -15.07630 -16.45719 -17.86310
 413.64364    1.45154   1.33289   0.94252   0.36788  -0.34185  -1.15050  -2.04478  -3.01105  -4.03469  -5.11026  -6.23385  -7.39960  -8.60420  -9.84439 -11.11647 -12.41979 -13.75079 -15.10831 -16.49038 -17.89747
 414.16467    1.43774   1.31864   0.92747   0.35187  -0.35885  -1.16857  -2.06391  -3.03124  -4.05598  -5.13269  -6.25740  -7.42428  -8.63002  -9.87135 -11.14459 -12.44906 -13.78122 -15.13990 -16.52316 -17.93141
 414.68571    1.42430   1.30476   0.91278   0.33622  -0.37549  -1.18627  -2.08269  -3.05107  -4.07689  -5.15474  -6.28056  -7.44857  -8.65544  -9.89791 -11.17230 -12.47792 -13.81122 -15.17107 -16.55550 -17.96492
 415.20675    1.41123   1.29124   0.89844   0.32093  -0.39177  -1.20361  -2.10109  -3.07051  -4.09743  -5.17640  -6.30334  -7.47247  -8.68047  -9.92407 -11.19961 -12.50636 -13.84081 -15.20181 -16.58742 -17.99798
 415.72778    1.39851   1.27807   0.88447   0.30600  -0.40768  -1.22058  -2.11913  -3.08959  -4.11759  -5.19769  -6.32573  -7.49598  -8.70509  -9.94982 -11.22650 -12.53438 -13.86997 -15.23212 -16.61889 -18.03060
 416.24882    1.38616   1.26527   0.87085   0.29143  -0.42323  -1.23720  -2.13680  -3.10829  -4.13737  -5.21859  -6.34773  -7.51909  -8.72932  -9.97516 -11.25297 -12.56197 -13.89870 -15.26199 -16.64991 -18.06276
 416.76985    1.37416   1.25282   0.85758   0.27721  -0.43842  -1.25345  -2.15411  -3.12661  -4.15677  -5.23910  -6.36934  -7.54180  -8.75313 -10.00009 -11.27902 -12.58914 -13.92698 -15.29141 -16.68048 -18.09445
 417.29089    1.36251   1.24072   0.84467   0.26334  -0.45325  -1.26934  -2.17105  -3.14456  -4.17579  -5.25923  -6.39055  -7.56411  -8.77654 -10.02460 -11.30465 -12.61587 -13.95483 -15.32038 -16.71059 -18.12568
 417.81193    1.35122   1.22897   0.83212   0.24983  -0.46773  -1.28487  -2.18762  -3.16213  -4.19443  -5.27897  -6.41137  -7.58602  -8.79953 -10.04868 -11.32984 -12.64216 -13.98222 -15.34889 -16.74023 -18.15642
 418.33296    1.34028   1.21757   0.81991   0.23667  -0.48184  -1.30003  -2.20382  -3.17933  -4.21268  -5.29831  -6.43178  -7.60751  -8.82211 -10.07234 -11.35460 -12.66800 -14.00916 -15.37694 -16.76939 -18.18667
 418.85400    1.32968   1.20651   0.80805   0.22386  -0.49560  -1.31484  -2.21965  -3.19614  -4.23054  -5.31727  -6.45180  -7.62860  -8.84426 -10.09557 -11.37892 -12.69339 -14.03563 -15.40451 -16.79807 -18.21644
 419.37503    1.31943   1.19580   0.79653   0.21141  -0.50900  -1.32929  -2.23512  -3.21258  -4.24802  -5.33582  -6.47141  -7.64927  -8.86600 -10.11837 -11.40279 -12.71832 -14.06164 -15.43160 -16.82626 -18.24570
 419.89607    1.30953   1.18543   0.78536   0.19930  -0.52204  -1.34337  -2.25021  -3.22864  -4.26511  -5.35399  -6.49062  -7.66953  -8.88730 -10.14072 -11.42622 -12.74280 -14.08718 -15.45822 -16.85396 -18.27445
 420.41711    1.29996   1.17541   0.77454   0.18754  -0.53473  -1.35709  -2.26494  -3.24432  -4.28182  -5.37175  -6.50941  -7.68937  -8.90818 -10.16264 -11.44919 -12.76681 -14.11224 -15.48434 -16.88116 -18.30269
 420.93814    1.29073   1.16572   0.76405   0.17612  -0.54706  -1.37046  -2.27930  -3.25961  -4.29813  -5.38911  -6.52780  -7.70878  -8.92862 -10.18411 -11.47171 -12.79035 -14.13682 -15.50997 -16.90785 -18.33041
 421.45918    1.28184   1.15637   0.75391   0.16505  -0.55904  -1.38346  -2.29328  -3.27453  -4.31405  -5.40608  -6.54578  -7.72778  -8.94863 -10.20514 -11.49376 -12.81342 -14.16091 -15.53510 -16.93402 -18.35760
 421.98021    1.27329   1.14735   0.74411   0.15433  -0.57067  -1.39611  -2.30690  -3.28907  -4.32959  -5.42264  -6.56334  -7.74635  -8.96820 -10.22571 -11.51536 -12.83601 -14.18451 -15.55972 -16.95968 -18.38425
 422.50125    1.26506   1.13867   0.73464   0.14395  -0.58194  -1.40839  -2.32015  -3.30322  -4.34472  -5.43880  -6.58048  -7.76449  -8.98733 -10.24583 -11.53648 -12.85812 -14.20762 -15.58383 -16.98481 -18.41036
 423.02228    1.25717   1.13032   0.72551   0.13391  -0.59287  -1.42032  -2.33303  -3.31699  -4.35947  -5.45455  -6.59721  -7.78220  -9.00601 -10.26549 -11.55713 -12.87974 -14.23022 -15.60743 -17.00941 -18.43593
 423.54332    1.24961   1.12230   0.71671   0.12421  -0.60344  -1.43188  -2.34554  -3.33038  -4.37382  -5.46990  -6.61352  -7.79947  -9.02425 -10.28468 -11.57731 -12.90087 -14.25232 -15.63050 -17.03347 -18.46095
 424.06436    1.24237   1.11460   0.70825   0.11485  -0.61366  -1.44309  -2.35768  -3.34339  -4.38778  -5.48483  -6.62941  -7.81632  -9.04204 -10.30342 -11.59700 -12.92150 -14.27390 -15.65305 -17.05699 -18.48540
 424.58539    1.23545   1.10723   0.70012   0.10583  -0.62354  -1.45394  -2.36945  -3.35601  -4.40134  -5.49936  -6.64487  -7.83272  -9.05937 -10.32168 -11.61622 -12.94164 -14.29498 -15.67507 -17.07997 -18.50929
 425.10643    1.22886   1.10019   0.69232   0.09715  -0.63306  -1.46443  -2.38085  -3.36825  -4.41450  -5.51348  -6.65991  -7.84868  -9.07625 -10.33948 -11.63494 -12.96127 -14.31553 -15.69655 -17.10239 -18.53261
 425.62746    1.22259   1.09347   0.68484   0.08881  -0.64224  -1.47457  -2.39188  -3.38011  -4.42727  -5.52719  -6.67452  -7.86421  -9.09268 -10.35680 -11.65318 -12.98039 -14.33556 -15.71749 -17.12425 -18.55535
 426.14850    1.21664   1.08706   0.67770   0.08080  -0.65107  -1.48435  -2.40254  -3.39158  -4.43963  -5.54048  -6.68871  -7.87929  -9.10864 -10.37364 -11.67092 -12.99901 -14.35505 -15.73788 -17.14555 -18.57751
 426.66954    1.21100   1.08098   0.67088   0.07312  -0.65956  -1.49377  -2.41283  -3.40266  -4.45160  -5.55336  -6.70246  -7.89392  -9.12414 -10.39001 -11.68817 -13.01711 -14.37402 -15.75773 -17.16627 -18.59908
 427.19057    1.20568   1.07521   0.66438   0.06578  -0.66770  -1.50283  -2.42275  -3.41336  -4.46317  -5.56583  -6.71578  -7.90810  -9.13918 -10.40589 -11.70492 -13.03469 -14.39245 -15.77701 -17.18643 -18.62005
 427.71161    1.20067   1.06976   0.65820   0.05877  -0.67550  -1.51154  -2.43230  -3.42368  -4.47434  -5.57787  -6.72867  -7.92184  -9.15375 -10.42129 -11.72116 -13.05175 -14.41034 -15.79574 -17.20600 -18.64043
 428.23264    1.19597   1.06462   0.65235   0.05209  -0.68296  -1.51989  -2.44148  -3.43361  -4.48510  -5.58950  -6.74113  -7.93512  -9.16784 -10.43620 -11.73689 -13.06828 -14.42768 -15.81390 -17.22499 -18.66020
 428.75368    1.19159   1.05980   0.64681   0.04574  -0.69007  -1.52789  -2.45029  -3.44315  -4.49547  -5.60072  -6.75315  -7.94795  -9.18147 -10.45062 -11.75212 -13.08428 -14.44448 -15.83150 -17.24339 -18.67936
 429.27472    1.18750   1.05528   0.64160   0.03972  -0.69684  -1.53553  -2.45873  -3.45231  -4.50543  -5.61151  -6.76473  -7.96033  -9.19462 -10.46454 -11.76683 -13.09975 -14.46072 -15.84852 -17.26119 -18.69791
 429.79575    1.18372   1.05107   0.63670   0.03403  -0.70327  -1.54282  -2.46680  -3.46108  -4.51499  -5.62188  -6.77588  -7.97224  -9.20730 -10.47797 -11.78103 -13.11469 -14.47640 -15.86496 -17.27840 -18.71583
 430.31679    1.18025   1.04717   0.63211   0.02866  -0.70936  -1.54975  -2.47450  -3.46946  -4.52414  -5.63183  -6.78658  -7.98370  -9.21950 -10.49090 -11.79471 -13.12908 -14.49153 -15.88082 -17.29500 -18.73313
 430.83782    1.17707   1.04357   0.62784   0.02362  -0.71511  -1.55633  -2.48183  -3.47746  -4.53290  -5.64136  -6.79684  -7.99470  -9.23121 -10.50333 -11.80787 -13.14293 -14.50609 -15.89609 -17.31100 -18.74980
 431.35886    1.17420   1.04028   0.62388   0.01891  -0.72052  -1.56256  -2.48879  -3.48507  -4.54124  -5.65046  -6.80666  -8.00523  -9.24245 -10.51525 -11.82050 -13.15624 -14.52008 -15.91078 -17.32638 -18.76584
 431.87990    1.17162   1.03728   0.62023   0.01451  -0.72560  -1.56843  -2.49538  -3.49229  -4.54918  -5.65914  -6.81604  -8.01530  -9.25319 -10.52667 -11.83260 -13.16900 -14.53350 -15.92487 -17.34115 -18.78123
 432.40093    1.16934   1.03459   0.61689   0.01044  -0.73034  -1.57395  -2.50160  -3.49913  -4.55672  -5.66739  -6.82497  -8.02491  -9.26346 -10.53758 -11.84418 -13.18120 -14.54635 -15.93836 -17.35529 -18.79598
 432.92197    1.16735   1.03220   0.61386   0.00669  -0.73474  -1.57912  -2.50745  -3.50558  -4.56385  -5.67522  -6.83345  -8.03404  -9.27323 -10.54798 -11.85522 -13.19285 -14.55862 -15.95125 -17.36881 -18.81008
 433.44300    1.16565   1.03010   0.61114   0.00326  -0.73881  -1.58394  -2.51293  -3.51164  -4.57057  -5.68262  -6.84148  -8.04271  -9.28251 -10.55787 -11.86572 -13.20394 -14.57030 -15.96354 -17.38170 -18.82353
 433.96404    1.16425   1.02829   0.60872   0.00015  -0.74255  -1.58841  -2.51804  -3.51731  -4.57688  -5.68959  -6.84907  -8.05091  -9.29130 -10.56724 -11.87569 -13.21446 -14.58140 -15.97521 -17.39396 -18.83631
 434.48507    1.16313   1.02678   0.60660  -0.00264  -0.74595  -1.59252  -2.52279  -3.52260  -4.58279  -5.69613  -6.85621  -8.05863  -9.29960 -10.57609 -11.88512 -13.22443 -14.59191 -15.98628 -17.40557 -18.84844
 435.00611    1.16229   1.02556   0.60479  -0.00512  -0.74902  -1.59629  -2.52716  -3.52749  -4.58829  -5.70224  -6.86289  -8.06589  -9.30740 -10.58443 -11.89400 -13.23382 -14.60183 -15.99672 -17.41655 -18.85990
 435.52715    1.16175   1.02463   0.60328  -0.00728  -0.75175  -1.59971  -2.53117  -3.53200  -4.59338  -5.70793  -6.86912  -8.07266  -9.31470 -10.59224 -11.90234 -13.24265 -14.61116 -16.00655 -17.42688 -18.87068
 436.04818    1.16148   1.02399   0.60207  -0.00913  -0.75416  -1.60277  -2.53480  -3.53613  -4.59806  -5.71318  -6.87490  -8.07896  -9.32150 -10.59953 -11.91012 -13.25090 -14.61989 -16.01575 -17.43656 -18.88079
 436.56922    1.16150   1.02364   0.60116  -0.01066  -0.75624  -1.60549  -2.53807  -3.53986  -4.60234  -5.71800  -6.88023  -8.08478  -9.32780 -10.60630 -11.91736 -13.25858 -14.62801 -16.02433 -17.44559 -18.89022
 437.09025    1.16180   1.02357   0.60054  -0.01188  -0.75798  -1.60786  -2.54098  -3.54321  -4.60620  -5.72239  -6.88510  -8.09013  -9.33359 -10.61253 -11.92405 -13.26568 -14.63554 -16.03227 -17.45396 -18.89897
 437.61129    1.16237   1.02378   0.60022  -0.01279  -0.75940  -1.60989  -2.54351  -3.54616  -4.60965  -5.72634  -6.88951  -8.09499  -9.33888 -10.61824 -11.93018 -13.27220 -14.64245 -16.03959 -17.46166 -18.90702
 438.13233    1.16322   1.02427   0.60019  -0.01339  -0.76050  -1.61156  -2.54568  -3.54873  -4.61269  -5.72986  -6.89346  -8.09937  -9.34367 -10.62341 -11.93575 -13.27813 -14.64876 -16.04626 -17.46871 -18.91439
 438.65336    1.16434   1.02505   0.60046  -0.01368  -0.76126  -1.61289  -2.54747  -3.55092  -4.61533  -5.73295  -6.89696  -8.10327  -9.34795 -10.62805 -11.94076 -13.28348 -14.65445 -16.05230 -17.47508 -18.92106
 439.17440    1.16574   1.02610   0.60102  -0.01367  -0.76170  -1.61387  -2.54891  -3.55271  -4.61755  -5.73560  -6.90000  -8.10668  -9.35171 -10.63216 -11.94522 -13.28824 -14.65953 -16.05769 -17.48079 -18.92703
 439.69543    1.16741   1.02744   0.60187  -0.01334  -0.76182  -1.61451  -2.54997  -3.55412  -4.61936  -5.73782  -6.90258  -8.10961  -9.35497 -10.63573 -11.94910 -13.29241 -14.66399 -16.06243 -17.48582 -18.93230
 440.21647    1.16935   1.02904   0.60300  -0.01271  -0.76161  -1.61480  -2.55067  -3.55514  -4.62076  -5.73960  -6.90469  -8.11205  -9.35772 -10.63876 -11.95242 -13.29599 -14.66783 -16.06653 -17.49017 -18.93686
 440.73751    1.17155   1.03093   0.60443  -0.01178  -0.76108  -1.61475  -2.55100  -3.55577  -4.62175  -5.74094  -6.90635  -8.11401  -9.35995 -10.64125 -11.95518 -13.29897 -14.67104 -16.06997 -17.49384 -18.94072
 441.25854    1.17402   1.03308   0.60614  -0.01054  -0.76023  -1.61435  -2.55097  -3.55601  -4.62232  -5.74185  -6.90754  -8.11548  -9.36166 -10.64319 -11.95736 -13.30136 -14.67363 -16.07276 -17.49683 -18.94385
 441.77958    1.17676   1.03551   0.60814  -0.00899  -0.75905  -1.61361  -2.55057  -3.55587  -4.62249  -5.74231  -6.90827  -8.11645  -9.36286 -10.64460 -11.95897 -13.30314 -14.67559 -16.07489 -17.49913 -18.94628
 442.30061    1.17975   1.03820   0.61042  -0.00715  -0.75756  -1.61253  -2.54980  -3.55534  -4.62224  -5.74235  -6.90853  -8.11694  -9.36355 -10.64546 -11.96001 -13.30432 -14.67692 -16.07637 -17.50074 -18.94798
 442.82165    1.18301   1.04117   0.61298  -0.00501  -0.75574  -1.61110  -2.54867  -3.55442  -4.62158  -5.74194  -6.90833  -8.11693  -9.36371 -10.64577 -11.96047 -13.30490 -14.67762 -16.07717 -17.50165 -18.94895
 443.34269    1.18653   1.04440   0.61582  -0.00256  -0.75361  -1.60934  -2.54718  -3.55311  -4.62051  -5.74109  -6.90767  -8.11643  -9.36335 -10.64553 -11.96036 -13.30487 -14.67768 -16.07731 -17.50187 -18.94920
 443.86372    1.19031   1.04789   0.61895   0.00018  -0.75116  -1.60723  -2.54532  -3.55142  -4.61903  -5.73981  -6.90654  -8.11544  -9.36247 -10.64474 -11.95967 -13.30424 -14.67710 -16.07679 -17.50138 -18.94872
 444.38476    1.19434   1.05165   0.62235   0.00322  -0.74839  -1.60478  -2.54310  -3.54934  -4.61713  -5.73808  -6.90494  -8.11395  -9.36107 -10.64341 -11.95839 -13.30299 -14.67589 -16.07559 -17.50020 -18.94751
 444.90579    1.19863   1.05567   0.62603   0.00656  -0.74530  -1.60199  -2.54051  -3.54687  -4.61482  -5.73591  -6.90288  -8.11197  -9.35915 -10.64151 -11.95653 -13.30113 -14.67402 -16.07372 -17.49831 -18.94556
 445.42683    1.20317   1.05996   0.62998   0.01019  -0.74190  -1.59886  -2.53756  -3.54402  -4.61210  -5.73331  -6.90034  -8.10949  -9.35670 -10.63907 -11.95409 -13.29866 -14.67152 -16.07117 -17.49571 -18.94287
 445.94787    1.20796   1.06450   0.63422   0.01412  -0.73819  -1.59539  -2.53425  -3.54078  -4.60897  -5.73026  -6.89734  -8.10652  -9.35372 -10.63607 -11.95107 -13.29557 -14.66837 -16.06794 -17.49240 -18.93944
 446.46890    1.21300   1.06930   0.63872   0.01834  -0.73416  -1.59158  -2.53057  -3.53715  -4.60542  -5.72677  -6.89387  -8.10305  -9.35022 -10.63251 -11.94745 -13.29186 -14.66457 -16.06404 -17.48838 -18.93526
 446.98994    1.21829   1.07436   0.64350   0.02285  -0.72982  -1.58744  -2.52653  -3.53314  -4.60146  -5.72285  -6.88993  -8.09907  -9.34619 -10.62840 -11.94325 -13.28754 -14.66012 -16.05945 -17.48364 -18.93033
 447.51097    1.22383   1.07967   0.64854   0.02765  -0.72517  -1.58296  -2.52213  -3.52875  -4.59709  -5.71848  -6.88552  -8.09460  -9.34162 -10.62372 -11.93846 -13.28259 -14.65501 -16.05417 -17.47818 -18.92466
 448.03201    1.22961   1.08523   0.65386   0.03275  -0.72020  -1.57814  -2.51737  -3.52396  -4.59230  -5.71366  -6.88064  -8.08963  -9.33653 -10.61849 -11.93307 -13.27702 -14.64925 -16.04821 -17.47201 -18.91823
 448.55304    1.23564   1.09105   0.65945   0.03813  -0.71493  -1.57299  -2.51225  -3.51880  -4.58710  -5.70841  -6.87528  -8.08416  -9.33091 -10.61269 -11.92709 -13.27083 -14.64284 -16.04156 -17.46511 -18.91104
 449.07408    1.24191   1.09712   0.66530   0.04380  -0.70935  -1.56750  -2.50676  -3.51324  -4.58149  -5.70271  -6.86946  -8.07818  -9.32476 -10.60633 -11.92052 -13.26401 -14.63576 -16.03421 -17.45748 -18.90310
 449.59512    1.24842   1.10344   0.67142   0.04976  -0.70346  -1.56167  -2.50092  -3.50731  -4.57547  -5.69657  -6.86316  -8.07171  -9.31807 -10.59941 -11.91335 -13.25656 -14.62803 -16.02617 -17.44912 -18.89439
 450.11615    1.25517   1.11001   0.67781   0.05600  -0.69726  -1.55551  -2.49472  -3.50098  -4.56903  -5.68999  -6.85640  -8.06473  -9.31085 -10.59192 -11.90558 -13.24848 -14.61963 -16.01744 -17.44004 -18.88492
 450.63719    1.26216   1.11682   0.68445   0.06253  -0.69075  -1.54902  -2.48815  -3.49428  -4.56218  -5.68296  -6.84915  -8.05724  -9.30310 -10.58386 -11.89722 -13.23977 -14.61057 -16.00800 -17.43022 -18.87468
 451.15822    1.26938   1.12388   0.69137   0.06935  -0.68394  -1.54220  -2.48123  -3.48719  -4.55492  -5.67550  -6.84144  -8.04926  -9.29481 -10.57524 -11.88825 -13.23043 -14.60084 -15.99787 -17.41967 -18.86368
 451.67926    1.27684   1.13119   0.69854   0.07645  -0.67682  -1.53504  -2.47395  -3.47971  -4.54725  -5.66758  -6.83325  -8.04076  -9.28599 -10.56605 -11.87868 -13.22045 -14.59044 -15.98704 -17.40838 -18.85190
 452.20030    1.28453   1.13873   0.70597   0.08383  -0.66940  -1.52755  -2.46631  -3.47186  -4.53916  -5.65923  -6.82459  -8.03177  -9.27662 -10.55629 -11.86852 -13.20984 -14.57938 -15.97550 -17.39635 -18.83936
 452.72133    1.29246   1.14652   0.71366   0.09149  -0.66168  -1.51973  -2.45831  -3.46362  -4.53066  -5.65043  -6.81545  -8.02226  -9.26672 -10.54597 -11.85774 -13.19860 -14.56765 -15.96326 -17.38358 -18.82603
 453.24237    1.30062   1.15455   0.72161   0.09943  -0.65365  -1.51158  -2.44996  -3.45499  -4.52175  -5.64119  -6.80584  -8.01226  -9.25628 -10.53507 -11.84637 -13.18671 -14.55524 -15.95031 -17.37007 -18.81193
 453.76340    1.30900   1.16282   0.72982   0.10765  -0.64532  -1.50310  -2.44125  -3.44599  -4.51243  -5.63150  -6.79576  -8.00174  -9.24531 -10.52360 -11.83438 -13.17419 -14.54216 -15.93665 -17.35581 -18.79705
 454.28444    1.31762   1.17132   0.73828   0.11615  -0.63669  -1.49429  -2.43218  -3.43660  -4.50269  -5.62138  -6.78519  -7.99072  -9.23379 -10.51155 -11.82180 -13.16103 -14.52841 -15.92228 -17.34081 -18.78138
 454.80548    1.32646   1.18006   0.74699   0.12492  -0.62776  -1.48515  -2.42276  -3.42683  -4.49255  -5.61080  -6.77416  -7.97919  -9.22173 -10.49894 -11.80860 -13.14722 -14.51397 -15.90720 -17.32506 -18.76494
 455.32651    1.33552   1.18904   0.75596   0.13397  -0.61854  -1.47568  -2.41298  -3.41668  -4.48199  -5.59979  -6.76265  -7.96715  -9.20914 -10.48574 -11.79479 -13.13277 -14.49887 -15.89140 -17.30855 -18.74770
 455.84755    1.34481   1.19825   0.76518   0.14330  -0.60901  -1.46589  -2.40285  -3.40615  -4.47102  -5.58833  -6.75066  -7.95460  -9.19600 -10.47198 -11.78038 -13.11768 -14.48308 -15.87489 -17.29130 -18.72968
 456.36858    1.35432   1.20769   0.77465   0.15290  -0.59919  -1.45577  -2.39236  -3.39524  -4.45964  -5.57642  -6.73820  -7.94154  -9.18232 -10.45764 -11.76535 -13.10194 -14.46661 -15.85766 -17.27329 -18.71087
 456.88962    1.36405   1.21736   0.78438   0.16277  -0.58907  -1.44532  -2.38152  -3.38395  -4.44784  -5.56407  -6.72526  -7.92798  -9.16809 -10.44272 -11.74972 -13.08556 -14.44946 -15.83972 -17.25453 -18.69127
 457.41066    1.37401   1.22726   0.79435   0.17292  -0.57865  -1.43455  -2.37032  -3.37228  -4.43564  -5.55128  -6.71184  -7.91390  -9.15333 -10.42722 -11.73347 -13.06853 -14.43163 -15.82105 -17.23500 -18.67087
 457.93169    1.38418   1.23740   0.80456   0.18334  -0.56794  -1.42346  -2.35878  -3.36023  -4.42303  -5.53805  -6.69795  -7.89932  -9.13802 -10.41115 -11.71660 -13.05085 -14.41311 -15.80167 -17.21473 -18.64968
 458.45273    1.39457   1.24775   0.81503   0.19403  -0.55694  -1.41204  -2.34688  -3.34779  -4.41000  -5.52437  -6.68358  -7.88422  -9.12216 -10.39450 -11.69913 -13.03252 -14.39391 -15.78156 -17.19369 -18.62770
 458.97376    1.40517   1.25834   0.82573   0.20498  -0.54564  -1.40030  -2.33462  -3.33499  -4.39657  -5.51024  -6.66874  -7.86862  -9.10577 -10.37727 -11.68104 -13.01355 -14.37402 -15.76073 -17.17188 -18.60491
 459.49480    1.41599   1.26915   0.83669   0.21621  -0.53405  -1.38823  -2.32202  -3.32180  -4.38272  -5.49568  -6.65341  -7.85250  -9.08882 -10.35946 -11.66233 -12.99392 -14.35344 -15.73917 -17.14932 -18.58132
 460.01583    1.42702   1.28018   0.84788   0.22770  -0.52217  -1.37584  -2.30907  -3.30823  -4.36847  -5.48067  -6.63762  -7.83588  -9.07133 -10.34107 -11.64301 -12.97364 -14.33218 -15.71688 -17.12599 -18.55694
 460.53687    1.43826   1.29144   0.85932   0.23946  -0.51000  -1.36314  -2.29576  -3.29429  -4.35381  -5.46521  -6.62134  -7.81874  -9.05330 -10.32210 -11.62307 -12.95271 -14.31022 -15.69387 -17.10189 -18.53175
 461.05791    1.44971   1.30291   0.87100   0.25149  -0.49754  -1.35011  -2.28211  -3.27997  -4.33874  -5.44932  -6.60459  -7.80109  -9.03472 -10.30254 -11.60251 -12.93112 -14.28758 -15.67013 -17.07703 -18.50575
 461.57894    1.46138   1.31461   0.88292   0.26378  -0.48479  -1.33676  -2.26811  -3.26528  -4.32325  -5.43298  -6.58736  -7.78293  -9.01559 -10.28241 -11.58133 -12.90888 -14.26424 -15.64567 -17.05140 -18.47895
 462.09998    1.47325   1.32653   0.89507   0.27633  -0.47175  -1.32309  -2.25376  -3.25020  -4.30736  -5.41619  -6.56965  -7.76426  -8.99592 -10.26170 -11.55954 -12.88598 -14.24021 -15.62047 -17.02500 -18.45134
 462.62101    1.48532   1.33866   0.90746   0.28914  -0.45843  -1.30910  -2.23906  -3.23476  -4.29107  -5.39897  -6.55147  -7.74507  -8.97570 -10.24040 -11.53712 -12.86243 -14.21549 -15.59453 -16.99783 -18.42292
 463.14205    1.49761   1.35101   0.92009   0.30222  -0.44482  -1.29480  -2.22401  -3.21893  -4.27436  -5.38130  -6.53281  -7.72538  -8.95494 -10.21852 -11.51409 -12.83822 -14.19007 -15.56787 -16.96988 -18.39369
 463.66309    1.51009   1.36357   0.93296   0.31556  -0.43092  -1.28018  -2.20862  -3.20274  -4.25725  -5.36319  -6.51367  -7.70517  -8.93362 -10.19605 -11.49043 -12.81336 -14.16396 -15.54047 -16.94116 -18.36365
 464.18412    1.52278   1.37635   0.94606   0.32916  -0.41674  -1.26524  -2.19288  -3.18617  -4.23973  -5.34464  -6.49406  -7.68445  -8.91176 -10.17300 -11.46616 -12.78783 -14.13715 -15.51234 -16.91167 -18.33280
 464.70516    1.53567   1.38934   0.95939   0.34301  -0.40228  -1.24998  -2.17679  -3.16922  -4.22180  -5.32564  -6.47397  -7.66321  -8.88935 -10.14937 -11.44126 -12.76165 -14.10965 -15.48347 -16.88140 -18.30113
 465.22619    1.54876   1.40254   0.97295   0.35713  -0.38753  -1.23442  -2.16036  -3.15190  -4.20347  -5.30620  -6.45340  -7.64147  -8.86639 -10.12515 -11.41574 -12.73481 -14.08144 -15.45386 -16.85036 -18.26865
 465.74723    1.56205   1.41596   0.98675   0.37150  -0.37251  -1.21853  -2.14358  -3.13421  -4.18473  -5.28632  -6.43236  -7.61921  -8.84289 -10.10035 -11.38959 -12.70731 -14.05254 -15.42352 -16.81853 -18.23535
 466.26827    1.57554   1.42958   1.00077   0.38612  -0.35720  -1.20234  -2.12646  -3.11615  -4.16558  -5.26600  -6.41084  -7.59644  -8.81883 -10.07497 -11.36283 -12.67915 -14.02294 -15.39244 -16.78593 -18.20123
 466.78930    1.58923   1.44341   1.01503   0.40101  -0.34161  -1.18583  -2.10900  -3.09771  -4.14603  -5.24524  -6.38884  -7.57316  -8.79423 -10.04899 -11.33544 -12.65032 -13.99265 -15.36062 -16.75255 -18.16630
 467.31034    1.60311   1.45745   1.02951   0.41614  -0.32574  -1.16900  -2.09119  -3.07891  -4.12607  -5.22404  -6.36637  -7.54937  -8.76908 -10.02244 -11.30742 -12.62084 -13.96165 -15.32806 -16.71839 -18.13055
 467.83137    1.61718   1.47169   1.04422   0.43153  -0.30959  -1.15187  -2.07304  -3.05973  -4.10571  -5.20239  -6.34342  -7.52506  -8.74338  -9.99529 -11.27879 -12.59070 -13.92995 -15.29476 -16.68345 -18.09397
 468.35241    1.63145   1.48614   1.05915   0.44717  -0.29317  -1.13442  -2.05455  -3.04018  -4.08495  -5.18031  -6.32000  -7.50024  -8.71713  -9.96757 -11.24953 -12.55989 -13.89755 -15.26071 -16.64772 -18.05658
 468.87345    1.64591   1.50079   1.07431   0.46306  -0.27646  -1.11667  -2.03572  -3.02026  -4.06378  -5.15779  -6.29610  -7.47491  -8.69033  -9.93925 -11.21964 -12.52842 -13.86445 -15.22593 -16.61121 -18.01836
 469.39448    1.66056   1.51564   1.08969   0.47921  -0.25948  -1.09861  -2.01655  -2.99998  -4.04221  -5.13482  -6.27172  -7.44907  -8.66299  -9.91035 -11.18913 -12.49629 -13.83064 -15.19040 -16.57392 -17.97932
 469.91552    1.67540   1.53070   1.10530   0.49560  -0.24223  -1.08023  -1.99704  -2.97932  -4.02023  -5.11142  -6.24687  -7.42271  -8.63509  -9.88086 -11.15799 -12.46349 -13.79613 -15.15413 -16.53585 -17.93945
 470.43655    1.69043   1.54596   1.12113   0.51224  -0.22470  -1.06155  -1.97719  -2.95830  -3.99785  -5.08758  -6.22154  -7.39584  -8.60665  -9.85079 -11.12623 -12.43003 -13.76092 -15.11712 -16.49699 -17.89876
 470.95759    1.70565   1.56141   1.13717   0.52913  -0.20690  -1.04256  -1.95700  -2.93691  -3.97507  -5.06329  -6.19574  -7.36846  -8.57765  -9.82013 -11.09384 -12.39590 -13.72501 -15.07936 -16.45734 -17.85725
 471.47863    1.72105   1.57706   1.15344   0.54626  -0.18883  -1.02327  -1.93647  -2.91515  -3.95189  -5.03857  -6.16946  -7.34057  -8.54811  -9.78888 -11.06082 -12.36112 -13.68839 -15.04086 -16.41690 -17.81490
 471.99966    1.73664   1.59291   1.16993   0.56364  -0.17048  -1.00367  -1.91561  -2.89303  -3.92831  -5.01341  -6.14271  -7.31217  -8.51802  -9.75704 -11.02718 -12.32566 -13.65107 -15.00161 -16.37568 -17.77173
 472.52070    1.75241   1.60896   1.18663   0.58127  -0.15187  -0.98376  -1.89440  -2.87054  -3.90433  -4.98782  -6.11549  -7.28325  -8.48738  -9.72462 -10.99292 -12.28954 -13.61304 -14.96161 -16.33367 -17.72774
 473.04173    1.76836   1.62520   1.20355   0.59914  -0.13298  -0.96355  -1.87287  -2.84769  -3.87994  -4.96178  -6.08779  -7.25383  -8.45619  -9.69161 -10.95802 -12.25276 -13.57431 -14.92087 -16.29088 -17.68291
 473.56277    1.78449   1.64164   1.22068   0.61725  -0.11382  -0.94304  -1.85099  -2.82447  -3.85516  -4.93531  -6.05961  -7.22389  -8.42445  -9.65802 -10.92250 -12.21531 -13.53487 -14.87939 -16.24729 -17.63726
 474.08380    1.80081   1.65826   1.23803   0.63561  -0.09440  -0.92222  -1.82879  -2.80088  -3.82998  -4.90840  -6.03097  -7.19344  -8.39217  -9.62384 -10.88636 -12.17720 -13.49472 -14.83715 -16.20292 -17.59077
 474.60484    1.81730   1.67508   1.25560   0.65420  -0.07471  -0.90110  -1.80624  -2.77694  -3.80439  -4.88106  -6.00185  -7.16248  -8.35933  -9.58907 -10.84958 -12.13842 -13.45387 -14.79417 -16.15775 -17.54346
 475.12588    1.83398   1.69209   1.27337   0.67304  -0.05475  -0.87968  -1.78337  -2.75263  -3.77841  -4.85328  -5.97225  -7.13101  -8.32595  -9.55371 -10.81218 -12.09897 -13.41232 -14.75044 -16.11180 -17.49531
 475.64691    1.85083   1.70929   1.29136   0.69212  -0.03452  -0.85796  -1.76016  -2.72795  -3.75204  -4.82506  -5.94219  -7.09903  -8.29202  -9.51777 -10.77416 -12.05886 -13.37005 -14.70596 -16.06505 -17.44633
 476.16795    1.86785   1.72668   1.30956   0.71143  -0.01403  -0.83593  -1.73662  -2.70292  -3.72526  -4.79641  -5.91165  -7.06654  -8.25754  -9.48124 -10.73550 -12.01808 -13.32708 -14.66073 -16.01752 -17.39653
 476.68898    1.88506   1.74426   1.32797   0.73098   0.00672  -0.81361  -1.71274  -2.67752  -3.69809  -4.76733  -5.88064  -7.03354  -8.22251  -9.44412 -10.69622 -11.97664 -13.28340 -14.61476 -15.96919 -17.34589
 477.21002    1.90243   1.76202   1.34658   0.75077   0.02774  -0.79099  -1.68854  -2.65177  -3.67052  -4.73780  -5.84916  -7.00003  -8.18693  -9.40642 -10.65631 -11.93453 -13.23902 -14.56804 -15.92007 -17.29441
 477.73106    1.91998   1.77997   1.36541   0.77080   0.04902  -0.76807  -1.66401  -2.62565  -3.64255  -4.70785  -5.81721  -6.96601  -8.15081  -9.36813 -10.61578 -11.89175 -13.19393 -14.52056 -15.87016 -17.24211
 478.25209    1.93770   1.79810   1.38444   0.79106   0.07056  -0.74486  -1.63914  -2.59918  -3.61420  -4.67746  -5.78479  -6.93148  -8.11414  -9.32926 -10.57462 -11.84831 -13.14813 -14.47234 -15.81945 -17.18897
 478.77313    1.95559   1.81641   1.40368   0.81155   0.09237  -0.72135  -1.61395  -2.57234  -3.58544  -4.64664  -5.75189  -6.89644  -8.07692  -9.28979 -10.53283 -11.80420 -13.10162 -14.42337 -15.76796 -17.13500
 479.29416    1.97365   1.83491   1.42312   0.83228   0.11443  -0.69754  -1.58843  -2.54515  -3.55629  -4.61539  -5.71853  -6.86090  -8.03916  -9.24975 -10.49042 -11.75942 -13.05441 -14.37365 -15.71567 -17.08019
 479.81520    1.99188   1.85359   1.44277   0.85324   0.13675  -0.67344  -1.56258  -2.51760  -3.52675  -4.58370  -5.68470  -6.82485  -8.00085  -9.20911 -10.44738 -11.71398 -13.00649 -14.32318 -15.66259 -17.02455
 480.33624    2.01028   1.87245   1.46262   0.87443   0.15934  -0.64904  -1.53641  -2.48970  -3.49682  -4.55158  -5.65039  -6.78828  -7.96199  -9.16789 -10.40371 -11.66787 -12.95786 -14.27196 -15.60871 -16.96807
 480.85727    2.02884   1.89149   1.48267   0.89585   0.18218  -0.62435  -1.50990  -2.46143  -3.46649  -4.51904  -5.61562  -6.75122  -7.92259  -9.12609 -10.35942 -11.62110 -12.90853 -14.21998 -15.55405 -16.91076
 481.37831    2.04757   1.91071   1.50292   0.91751   0.20527  -0.59937  -1.48308  -2.43282  -3.43577  -4.48606  -5.58038  -6.71364  -7.88264  -9.08370 -10.31450 -11.57366 -12.85848 -14.16726 -15.49858 -16.85262
 481.89934    2.06646   1.93010   1.52337   0.93939   0.22863  -0.57409  -1.45593  -2.40384  -3.40466  -4.45265  -5.54468  -6.67556  -7.84214  -9.04073 -10.26895 -11.52555 -12.80773 -14.11379 -15.44233 -16.79364
 482.42038    2.08552   1.94968   1.54403   0.96150   0.25223  -0.54852  -1.42845  -2.37451  -3.37316  -4.41881  -5.50850  -6.63697  -7.80110  -8.99717 -10.22278 -11.47678 -12.75628 -14.05957 -15.38528 -16.73383
 482.94142    2.10474   1.96942   1.56488   0.98383   0.27610  -0.52267  -1.40065  -2.34483  -3.34126  -4.38454  -5.47186  -6.59787  -7.75952  -8.95302 -10.17598 -11.42734 -12.70411 -14.00460 -15.32744 -16.67318
 483.46245    2.12412   1.98935   1.58593   1.00640   0.30021  -0.49652  -1.37252  -2.31480  -3.30898  -4.34984  -5.43475  -6.55827  -7.71739  -8.90830 -10.12856 -11.37724 -12.65124 -13.94888 -15.26881 -16.61169
 483.98349    2.14366   2.00944   1.60717   1.02919   0.32458  -0.47008  -1.34408  -2.28441  -3.27631  -4.31472  -5.39718  -6.51817  -7.67472  -8.86299 -10.08051 -11.32647 -12.59766 -13.89241 -15.20938 -16.54937
 484.50452    2.16336   2.02971   1.62861   1.05220   0.34920  -0.44336  -1.31531  -2.25367  -3.24325  -4.27917  -5.35913  -6.47756  -7.63150  -8.81709 -10.03184 -11.27504 -12.54337 -13.83519 -15.14915 -16.48622
 485.02556    2.18322   2.05015   1.65025   1.07544   0.37408  -0.41635  -1.28622  -2.22259  -3.20980  -4.24319  -5.32063  -6.43644  -7.58774  -8.77061  -9.98254 -11.22294 -12.48838 -13.77722 -15.08814 -16.42223
 485.54659    2.20324   2.07076   1.67208   1.09890   0.39920  -0.38905  -1.25682  -2.19115  -3.17597  -4.20678  -5.28166  -6.39482  -7.54343  -8.72355  -9.93262 -11.17018 -12.43268 -13.71850 -15.02633 -16.35740
 486.06763    2.22342   2.09154   1.69410   1.12258   0.42457  -0.36146  -1.22709  -2.15936  -3.14175  -4.16995  -5.24222  -6.35270  -7.49859  -8.67591  -9.88208 -11.11675 -12.37628 -13.65903 -14.96373 -16.29174
 486.58867    2.24375   2.11249   1.71631   1.14648   0.45019  -0.33359  -1.19704  -2.12722  -3.10714  -4.13269  -5.20233  -6.31008  -7.45320  -8.62769  -9.83091 -11.06266 -12.31916 -13.59882 -14.90033 -16.22524
 487.10970    2.26423   2.13361   1.73872   1.17061   0.47606  -0.30543  -1.16668  -2.09473  -3.07215  -4.09501  -5.16196  -6.26695  -7.40727  -8.57888  -9.77912 -11.00790 -12.26135 -13.53785 -14.83614 -16.15791
 487.63074    2.28487   2.15489   1.76132   1.19495   0.50218  -0.27699  -1.13600  -2.06189  -3.03677  -4.05691  -5.12114  -6.22332  -7.36080  -8.52949  -9.72671 -10.95248 -12.20282 -13.47613 -14.77116 -16.08974
 488.15177    2.30566   2.17634   1.78410   1.21952   0.52854  -0.24827  -1.10500  -2.02871  -3.00101  -4.01838  -5.07985  -6.17919  -7.31379  -8.47952  -9.67367 -10.89640 -12.14359 -13.41367 -14.70539 -16.02074

# Minimas
 436.27755    1.16146 
 436.95786    1.02356 
 437.91861    0.60017 
 438.88396   -0.01371 
 439.62084   -0.76182 
 440.39717   -1.61482 
 440.94990   -2.55103 
 441.32540   -3.55601 
 441.72769   -4.62249 
 442.07682   -5.74239 
 442.33758   -6.90854 
 442.55504   -8.11700 
 442.72447   -9.36372 
 442.85724  -10.64577 
 442.97892  -11.96050 
 443.05819  -13.30496 
 443.13193  -14.67773 
 443.19285  -16.07734 
 443.24428  -17.50188 
 443.26062  -18.94921 

