        0.000000000000000       436.277546435381112
       10.000000000000000       436.284512987476546
       20.000000000000000       436.320901056296123
       30.000000000000000       436.379846609961703
       40.000000000000000       436.449985491739938
       50.000000000000000       436.525386144698132
       60.000000000000000       436.610192791495763
       70.000000000000000       436.693966201697947
       80.000000000000000       436.779654793300892
       90.000000000000000       436.871629910770423
      100.000000000000000       436.957861676083951
      110.000000000000000       437.055319878986552
      120.000000000000000       437.143968788155917
      130.000000000000000       437.246535521316787
      140.000000000000000       437.341234593837726
      150.000000000000000       437.420024497158863
      160.000000000000000       437.539494507742461
      170.000000000000000       437.628456912166769
      180.000000000000000       437.720851987943263
      190.000000000000000       437.834522424418594
      200.000000000000000       437.918608152643458
      210.000000000000000       438.029711066120342
      220.000000000000000       438.110072264789096
      230.000000000000000       438.214188776065498
      240.000000000000000       438.292827066900998
      250.000000000000000       438.391188835248499
      260.000000000000000       438.486820486130739
      270.000000000000000       438.598082386129647
      280.000000000000000       438.643047015576940
      290.000000000000000       438.731497709490156
      300.000000000000000       438.883960073564253
      310.000000000000000       438.895296010880031
      320.000000000000000       439.017426682131884
      330.000000000000000       439.089856252199979
      340.000000000000000       439.143904456159760
      350.000000000000000       439.280191530882917
      360.000000000000000       439.386038901602547
      370.000000000000000       439.419922246557405
      380.000000000000000       439.479042760016455
      390.000000000000000       439.557978456384319
      400.000000000000000       439.620839316173658
      410.000000000000000       439.649705705342797
      420.000000000000000       439.781277241064117
      430.000000000000000       439.833155311076951
      440.000000000000000       439.907444746652516
      450.000000000000000       439.998343349815457
      460.000000000000000       440.009349569653750
      470.000000000000000       440.112454839410077
      480.000000000000000       440.234854289100895
      490.000000000000000       440.267507282760391
      500.000000000000000       440.397168756187227
      510.000000000000000       440.407167712272212
      520.000000000000000       440.518550162755162
      530.000000000000000       440.376536938031791
      540.000000000000000       440.546440502226687
      550.000000000000000       440.693661475072190
      560.000000000000000       440.681359461236468
      570.000000000000000       440.730284254140770
      580.000000000000000       440.802459605680838
      590.000000000000000       440.854672900498542
      600.000000000000000       440.949897242526049
      610.000000000000000       440.868218967206246
      620.000000000000000       441.017500692579972
      630.000000000000000       440.916357771985474
      640.000000000000000       441.053968810507229
      650.000000000000000       441.156531709488377
      660.000000000000000       441.129922468064933
      670.000000000000000       441.280166722673926
      680.000000000000000       441.321693632849758
      690.000000000000000       441.326540426200040
      700.000000000000000       441.325404337792349
      710.000000000000000       441.406719186922317
      720.000000000000000       441.527413252178519
      730.000000000000000       441.468153272227596
      740.000000000000000       441.527200834212749
      750.000000000000000       441.541034720437722
      760.000000000000000       441.621526317113876
      770.000000000000000       441.611719328051834
      780.000000000000000       441.616890192771564
      790.000000000000000       441.713233981891904
      800.000000000000000       441.727692370392390
      810.000000000000000       440.966729644872203
      820.000000000000000       440.852043718906089
      830.000000000000000       440.899633631791346
      840.000000000000000       441.930920707479515
      850.000000000000000       441.951071827540318
      860.000000000000000       441.987245596700916
      870.000000000000000       441.943053146068223
      880.000000000000000       442.000104224501683
      890.000000000000000       442.021327158299414
      900.000000000000000       442.076819116422541
      910.000000000000000       442.100556552368914
      920.000000000000000       442.120272249123616
      930.000000000000000       442.118664210757061
      940.000000000000000       442.195093778200146
      950.000000000000000       442.249488556286110
      960.000000000000000       442.261230153591157
      970.000000000000000       442.256650619782988
      980.000000000000000       442.299357210199560
      990.000000000000000       442.359352536539518
     1000.000000000000000       442.337578153220420
     1010.000000000000000       442.388140339006554
     1020.000000000000000       442.380305978857450
     1030.000000000000000       442.390912088754249
     1040.000000000000000       442.430250090242282
     1050.000000000000000       442.438851471206021
     1060.000000000000000       442.486166574754520
     1070.000000000000000       442.489460626240430
     1080.000000000000000       442.497990611469788
     1090.000000000000000       442.520983165999723
     1100.000000000000000       442.555038492518690
     1110.000000000000000       442.565641160629980
     1120.000000000000000       442.599422629268588
     1130.000000000000000       442.595275306665087
     1140.000000000000000       442.665233771273165
     1150.000000000000000       442.648751408370799
     1160.000000000000000       442.652061319625489
     1170.000000000000000       442.677284174443571
     1180.000000000000000       442.664548643692569
     1190.000000000000000       442.699726180464836
     1200.000000000000000       442.724468045398453
     1210.000000000000000       442.731086949371843
     1220.000000000000000       442.746715158243603
     1230.000000000000000       442.767467109070139
     1240.000000000000000       442.791027512653500
     1250.000000000000000       442.798101296990012
     1260.000000000000000       442.813514825637185
     1270.000000000000000       442.836823224999364
     1280.000000000000000       442.856040371549625
     1290.000000000000000       442.864677550153885
     1300.000000000000000       442.857237320983586
     1310.000000000000000       442.902113393966147
     1320.000000000000000       442.893061845512875
     1330.000000000000000       442.897200684280847
     1340.000000000000000       442.927605421424403
     1350.000000000000000       442.915048519111451
     1360.000000000000000       442.941451987499306
     1370.000000000000000       442.939431882050712
     1380.000000000000000       442.949072951282119
     1390.000000000000000       442.967670266857681
     1400.000000000000000       442.978923008509071
     1410.000000000000000       442.987086360957733
     1420.000000000000000       443.019410265015040
     1430.000000000000000       443.008219197246660
     1440.000000000000000       443.007979316996739
     1450.000000000000000       443.031081304088104
     1460.000000000000000       443.028906001597534
     1470.000000000000000       443.029414592979492
     1480.000000000000000       443.055700055985994
     1490.000000000000000       443.069478782131398
     1500.000000000000000       443.058189085307845
     1510.000000000000000       443.085036808561654
     1520.000000000000000       443.090940674568799
     1530.000000000000000       443.094324782370961
     1540.000000000000000       443.106839450180246
     1550.000000000000000       443.110054597901126
     1560.000000000000000       443.121336259907878
     1570.000000000000000       443.103948915946319
     1580.000000000000000       443.138417027102378
     1590.000000000000000       443.133724242932544
     1600.000000000000000       443.131930657401085
     1610.000000000000000       443.137576960378340
     1620.000000000000000       443.153677504954885
     1630.000000000000000       443.181987878240193
     1640.000000000000000       443.169558161942859
     1650.000000000000000       443.178049381273297
     1660.000000000000000       443.173239315127660
     1670.000000000000000       443.174838293646587
     1680.000000000000000       443.182448325643293
     1690.000000000000000       443.185846116808762
     1700.000000000000000       443.192853318494485
     1710.000000000000000       443.191163550124600
     1720.000000000000000       443.211274147158292
     1730.000000000000000       443.204140715550750
     1740.000000000000000       443.229421363838924
     1750.000000000000000       443.219649489110964
     1760.000000000000000       443.223909503362279
     1770.000000000000000       443.224201275477299
     1780.000000000000000       443.233583435869207
     1790.000000000000000       443.232511293217158
     1800.000000000000000       443.244284463729912
     1810.000000000000000       443.237628485969083
     1820.000000000000000       443.243801767736215
     1830.000000000000000       443.246750088950876
     1840.000000000000000       443.254985846612897
     1850.000000000000000       443.251987860315012
     1860.000000000000000       443.265647422583811
     1870.000000000000000       443.267198079391562
     1880.000000000000000       443.260065034603258
     1890.000000000000000       443.249747418121501
     1900.000000000000000       443.260618976751061
     1910.000000000000000       443.270406877934761
     1920.000000000000000       443.278165365770917
     1930.000000000000000       443.272421459416819
     1940.000000000000000       443.274446821051413
     1950.000000000000000       443.291668609487772
     1960.000000000000000       443.279802164945465
     1970.000000000000000       443.299014119249534
     1980.000000000000000       443.306427218216527
     1990.000000000000000       443.294184040692471
