   0.000000000000000    0.000000000000000
  10.000000000000000    9.890798915675939
  20.000000000000000   40.241267414452722
  30.000000000000000   71.519690506415571
  40.000000000000000   99.141118089190812
  50.000000000000000  122.711245059054534
  60.000000000000000  142.706317783820481
  70.000000000000000  159.742764843371617
  80.000000000000000  174.493080768405633
  90.000000000000000  187.110442060155151
 100.000000000000000  198.123999370490282
 110.000000000000000  207.755788059559478
 120.000000000000000  215.894006109796862
 130.000000000000000  223.525377270055344
 140.000000000000000  230.782231049820780
 150.000000000000000  236.577894177269741
 160.000000000000000  241.079546841755359
 170.000000000000000  246.032131763471511
 180.000000000000000  250.547239634660627
 190.000000000000000  254.003633892644700
 200.000000000000000  257.498984848282930
 210.000000000000000  259.184670796116563
 220.000000000000000  262.152086281288177
 230.000000000000000  266.609130118611574
 240.000000000000000  268.790321102852204
 250.000000000000000  268.038865107018580
 260.000000000000000  269.184019328454099
 270.000000000000000  272.918097766127687
 280.000000000000000  274.248300939730257
 290.000000000000000  275.379305073915191
 300.000000000000000  276.974227982252216
 310.000000000000000  277.641284260241491
 320.000000000000000  278.649391515946263
 330.000000000000000  280.066592901907427
 340.000000000000000  280.913499858700050
 350.000000000000000  281.926865283798861
 360.000000000000000  281.737239378525146
 370.000000000000000  284.192824861521672
 380.000000000000000  287.573868960780374
 390.000000000000000  288.261401577308902
 400.000000000000000  283.447273574759436
 410.000000000000000  283.228473633963404
 420.000000000000000  285.535462728375023
 430.000000000000000  284.121721266752331
 440.000000000000000  289.953000567537288
 450.000000000000000  292.783032814673845
 460.000000000000000  288.877813449521341
 470.000000000000000  284.400712594770368
 480.000000000000000  287.754577349221506
 490.000000000000000  289.967486728267261
 500.000000000000000  288.006013947724739
 510.000000000000000  288.893446191232215
 520.000000000000000  288.987850709734630
 530.000000000000000  288.334169159391479
 540.000000000000000  288.352110825773821
 550.000000000000000  289.271489164559796
 560.000000000000000  288.356158510550983
 570.000000000000000  288.938183533450513
 580.000000000000000  290.199129676350708
 590.000000000000000  289.832023580221687
 600.000000000000000  288.786959190879372
 610.000000000000000  289.454391511377423
 620.000000000000000  289.787327493112969
 630.000000000000000  289.369024997183317
 640.000000000000000  289.652473034659351
 650.000000000000000  290.564639346399758
 660.000000000000000  289.995797532065126
 670.000000000000000  289.115419064292894
 680.000000000000000  290.225604966667731
 690.000000000000000  289.970917058586735
 700.000000000000000  290.462020228843130
 710.000000000000000  290.662598931416994
 720.000000000000000  289.816049326572966
 730.000000000000000  290.303718543942466
 740.000000000000000  290.295876653818311
 750.000000000000000  290.550912182518914
 760.000000000000000  290.105324143644339
 770.000000000000000  289.699420548555736
 780.000000000000000  290.431542912719408
 790.000000000000000  290.524953124899127
 800.000000000000000  290.550832515862510
 810.000000000000000  290.343975993901211
 820.000000000000000  290.417615604549496
 830.000000000000000  290.192970633563220
 840.000000000000000  290.143127692937355
 850.000000000000000  290.624143933617916
 860.000000000000000  290.345921191345496
 870.000000000000000  290.414068649705712
 880.000000000000000  290.569793501919435
 890.000000000000000  290.106158274277050
 900.000000000000000  290.256777232671197
 910.000000000000000  290.492158843776451
 920.000000000000000  290.413059935931813
 930.000000000000000  290.270329064108410
 940.000000000000000  290.111841074901236
 950.000000000000000  290.339782037047598
 960.000000000000000  290.751635037543053
 970.000000000000000  290.372678221483966
 980.000000000000000  290.268200167159250
 990.000000000000000  290.131164422919426
1000.000000000000000  290.041357640444744
1010.000000000000000  290.526517305363427
1020.000000000000000  290.315507514828255
1030.000000000000000  290.229849653983365
1040.000000000000000  290.546266864829533
1050.000000000000000  290.077234873714360
1060.000000000000000  290.228894398706984
1070.000000000000000  290.575375664486614
1080.000000000000000  290.319089971161134
1090.000000000000000  290.103807263637805
1100.000000000000000  290.249852741432790
1110.000000000000000  290.408746971140260
1120.000000000000000  290.322518217681818
1130.000000000000000  290.208549608358169
1140.000000000000000  289.710730354450504
1150.000000000000000  290.162942710405446
1160.000000000000000  290.491991426198581
1170.000000000000000  290.131855648206567
1180.000000000000000  290.024888559469218
1190.000000000000000  290.217025903610022
1200.000000000000000  290.376462902281844
1210.000000000000000  290.046881916024574
1220.000000000000000  290.381527667139608
1230.000000000000000  290.317540149296121
1240.000000000000000  289.735435252078048
1250.000000000000000  290.427185384511347
1260.000000000000000  290.590610779713700
1270.000000000000000  289.858936279157604
1280.000000000000000  290.018938043729634
1290.000000000000000  290.143959895999330
1300.000000000000000  289.822140070354124
1310.000000000000000  289.951885033851227
1320.000000000000000  290.541148163931553
1330.000000000000000  290.310729799444630
1340.000000000000000  289.761054717407717
1350.000000000000000  290.277361344552276
1360.000000000000000  290.416872616536978
1370.000000000000000  289.944466179882113
1380.000000000000000  289.877308688979156
1390.000000000000000  290.082451443439311
1400.000000000000000  289.870626156631545
1410.000000000000000  290.183276017044307
1420.000000000000000  290.294407230191553
1430.000000000000000  289.655814062293075
1440.000000000000000  290.035529808592742
1450.000000000000000  290.278430325545003
1460.000000000000000  289.902232985315607
1470.000000000000000  289.957000443241157
1480.000000000000000  290.079863663942035
1490.000000000000000  290.195187473603198
1500.000000000000000  290.135699761384217
1510.000000000000000  289.829149211436629
1520.000000000000000  289.936735147127251
1530.000000000000000  289.781334808784038
1540.000000000000000  289.675711209338601
1550.000000000000000  290.261418697439638
1560.000000000000000  290.079654522813712
1570.000000000000000  289.913760106142206
1580.000000000000000  290.055101635088022
1590.000000000000000  290.156565805093862
1600.000000000000000  290.177438969381058
1610.000000000000000  289.718017588734540
1620.000000000000000  289.787722216985969
1630.000000000000000  289.762956057073779
1640.000000000000000  290.049659766803188
1650.000000000000000  290.256227373468050
1660.000000000000000  289.720916956461167
1670.000000000000000  289.849089892789380
1680.000000000000000  289.905343314290974
1690.000000000000000  289.951728234073869
1700.000000000000000  290.170806996498470
1710.000000000000000  290.148694741705242
1720.000000000000000  289.924091995946867
1730.000000000000000  289.780783864660521
1740.000000000000000  290.028504132206081
1750.000000000000000  290.041455417804173
1760.000000000000000  289.975292080074553
1770.000000000000000  289.763905333481716
1780.000000000000000  289.356389716044532
1790.000000000000000  289.934077795399389
1800.000000000000000  290.195137835529579
1810.000000000000000  290.024150646294686
1820.000000000000000  289.858410970934017
1830.000000000000000  289.834841266750857
1840.000000000000000  290.057725291836164
1850.000000000000000  289.957411122701046
1860.000000000000000  289.647593139167270
1870.000000000000000  289.929860272033807
1880.000000000000000  289.958122917618482
1890.000000000000000  289.683095248371615
1900.000000000000000  289.865578533720452
1910.000000000000000  289.958493050105858
1920.000000000000000  289.885448616709255
1930.000000000000000  289.879786383273938
1940.000000000000000  289.895942131179538
1950.000000000000000  289.847434204487115
1960.000000000000000  289.881194755755416
1970.000000000000000  289.924810122556778
1980.000000000000000  290.283665868269679
1990.000000000000000  289.641203806414865
