   0.000000000000000    0.000000000000000
  10.000000000000000    0.000459323171534
  20.000000000000000    0.001124880332443
  30.000000000000000    0.001513545276785
  40.000000000000000    0.001757995496213
  50.000000000000000    0.001927754136265
  60.000000000000000    0.002057294160033
  70.000000000000000    0.002162350504949
  80.000000000000000    0.002252316316480
  90.000000000000000    0.002330887101804
 100.000000000000000    0.002400029450776
 110.000000000000000    0.002461060063071
 120.000000000000000    0.002514756558699
 130.000000000000000    0.002562102224376
 140.000000000000000    0.002602723190756
 150.000000000000000    0.002637040876086
 160.000000000000000    0.002666688999223
 170.000000000000000    0.002692823019857
 180.000000000000000    0.002712473632874
 190.000000000000000    0.002729531109124
 200.000000000000000    0.002742327096933
 210.000000000000000    0.002752065873414
 220.000000000000000    0.002763998960081
 230.000000000000000    0.002767169299279
 240.000000000000000    0.002766149957130
 250.000000000000000    0.002764297331299
 260.000000000000000    0.002771383771275
 270.000000000000000    0.002768897550346
 280.000000000000000    0.002763697364614
 290.000000000000000    0.002758995980918
 300.000000000000000    0.002752091410427
 310.000000000000000    0.002743192096687
 320.000000000000000    0.002736435962784
 330.000000000000000    0.002725582808834
 340.000000000000000    0.002714655407508
 350.000000000000000    0.002702124576050
 360.000000000000000    0.002688412253288
 370.000000000000000    0.002679593885467
 380.000000000000000    0.002654265614762
 390.000000000000000    0.002627858735318
 400.000000000000000    0.002598802226022
 410.000000000000000    0.002603639252690
 420.000000000000000    0.002577788180565
 430.000000000000000    0.002571111501306
 440.000000000000000    0.002555863613393
 450.000000000000000    0.002513631819457
 460.000000000000000    0.002480115363949
 470.000000000000000    0.002463981670179
 480.000000000000000    0.002462736774848
 490.000000000000000    0.002424975766765
 500.000000000000000    0.002409926542614
 510.000000000000000    0.002386783067136
 520.000000000000000    0.002366685169100
 530.000000000000000    0.002343899441794
 540.000000000000000    0.002329838518983
 550.000000000000000    0.002308080521417
 560.000000000000000    0.002288319324752
 570.000000000000000    0.002274572897490
 580.000000000000000    0.002251459038329
 590.000000000000000    0.002228991192114
 600.000000000000000    0.002209464666336
 610.000000000000000    0.002196091049652
 620.000000000000000    0.002172222801699
 630.000000000000000    0.002157103218526
 640.000000000000000    0.002137350901758
 650.000000000000000    0.002120801592027
 660.000000000000000    0.002094300963038
 670.000000000000000    0.002083063998070
 680.000000000000000    0.002064518220141
 690.000000000000000    0.002044851436282
 700.000000000000000    0.002029052113003
 710.000000000000000    0.002005833791003
 720.000000000000000    0.001988844438968
 730.000000000000000    0.001973370695824
 740.000000000000000    0.001952777937514
 750.000000000000000    0.001937896726354
 760.000000000000000    0.001915551685214
 770.000000000000000    0.001905061864356
 780.000000000000000    0.001886830755800
 790.000000000000000    0.001870403607633
 800.000000000000000    0.001851758968883
 810.000000000000000    0.001835494830897
 820.000000000000000    0.001819113233061
 830.000000000000000    0.001802590529113
 840.000000000000000    0.001788666477386
 850.000000000000000    0.001773030764522
 860.000000000000000    0.001755063732641
 870.000000000000000    0.001742343803607
 880.000000000000000    0.001724106513472
 890.000000000000000    0.001710252856645
 900.000000000000000    0.001696724842078
 910.000000000000000    0.001681820833887
 920.000000000000000    0.001666384936442
 930.000000000000000    0.001652534313220
 940.000000000000000    0.001638782272844
 950.000000000000000    0.001626790714180
 960.000000000000000    0.001611161762432
 970.000000000000000    0.001595418477406
 980.000000000000000    0.001583725303045
 990.000000000000000    0.001569295509963
1000.000000000000000    0.001559240966548
1010.000000000000000    0.001546014834643
1020.000000000000000    0.001531410139342
1030.000000000000000    0.001520515962184
1040.000000000000000    0.001507033085148
1050.000000000000000    0.001493181748321
1060.000000000000000    0.001484666891877
1070.000000000000000    0.001469551231170
1080.000000000000000    0.001457701661047
1090.000000000000000    0.001445407713146
1100.000000000000000    0.001435996482161
1110.000000000000000    0.001422438336923
1120.000000000000000    0.001411570860716
1130.000000000000000    0.001399104224934
1140.000000000000000    0.001389619854409
1150.000000000000000    0.001382611880116
1160.000000000000000    0.001368638014909
1170.000000000000000    0.001358323837169
1180.000000000000000    0.001348337504880
1190.000000000000000    0.001339364806177
1200.000000000000000    0.001327538389467
1210.000000000000000    0.001317019929226
1220.000000000000000    0.001308898321305
1230.000000000000000    0.001294966539340
1240.000000000000000    0.001287653012601
1250.000000000000000    0.001280232511005
1260.000000000000000    0.001265599027301
1270.000000000000000    0.001256466859184
1280.000000000000000    0.001250009400774
1290.000000000000000    0.001239318600745
1300.000000000000000    0.001231635767303
1310.000000000000000    0.001224678737456
1320.000000000000000    0.001215749458235
1330.000000000000000    0.001202393485338
1340.000000000000000    0.001196097796153
1350.000000000000000    0.001189061864614
1360.000000000000000    0.001177142681007
1370.000000000000000    0.001168617197921
1380.000000000000000    0.001162164211105
1390.000000000000000    0.001154565623511
1400.000000000000000    0.001145934240541
1410.000000000000000    0.001140883391471
1420.000000000000000    0.001128847835328
1430.000000000000000    0.001122599937994
1440.000000000000000    0.001118039563423
1450.000000000000000    0.001107596372381
1460.000000000000000    0.001100329064888
1470.000000000000000    0.001094353463590
1480.000000000000000    0.001086594080346
1490.000000000000000    0.001079311461086
1500.000000000000000    0.001070318659581
1510.000000000000000    0.001063817843791
1520.000000000000000    0.001058539008163
1530.000000000000000    0.001050914012268
1540.000000000000000    0.001047580928681
1550.000000000000000    0.001041350637094
1560.000000000000000    0.001031246445893
1570.000000000000000    0.001027223122438
1580.000000000000000    0.001019211365872
1590.000000000000000    0.001013607121106
1600.000000000000000    0.001004491848671
1610.000000000000000    0.000998700608646
1620.000000000000000    0.000995195181194
1630.000000000000000    0.000988703032772
1640.000000000000000    0.000985606559616
1650.000000000000000    0.000975802409506
1660.000000000000000    0.000970268817234
1670.000000000000000    0.000967024953913
1680.000000000000000    0.000960068339688
1690.000000000000000    0.000956237137587
1700.000000000000000    0.000948829997111
1710.000000000000000    0.000942410548377
1720.000000000000000    0.000935340561410
1730.000000000000000    0.000931736872730
1740.000000000000000    0.000926530803550
1750.000000000000000    0.000919986516120
1760.000000000000000    0.000914693031689
1770.000000000000000    0.000909046314962
1780.000000000000000    0.000906448652722
1790.000000000000000    0.000905944207536
1800.000000000000000    0.000896358751747
1810.000000000000000    0.000892670586404
1820.000000000000000    0.000885283548416
1830.000000000000000    0.000883713356745
1840.000000000000000    0.000876728429109
1850.000000000000000    0.000872450465645
1860.000000000000000    0.000866794752109
1870.000000000000000    0.000866464245264
1880.000000000000000    0.000857398895210
1890.000000000000000    0.000856756516702
1900.000000000000000    0.000851241956193
1910.000000000000000    0.000848393313415
1920.000000000000000    0.000841802862421
1930.000000000000000    0.000839928880689
1940.000000000000000    0.000833503416782
1950.000000000000000    0.000831485887260
1960.000000000000000    0.000825762206602
1970.000000000000000    0.000823383272005
1980.000000000000000    0.000817194251924
1990.000000000000000    0.000810316716531
