# Volume points
 295.32619    1.05046   0.96886   0.69559   0.29090  -0.20810  -0.77989  -1.41068  -2.09102  -2.81401  -3.57444  -4.36821  -5.19204  -6.04321  -6.91948  -7.81892  -8.73989  -9.68097 -10.64090 -11.61858 -12.61302
 296.22841    1.02579   0.94364   0.66932   0.26341  -0.23689  -0.80999  -1.44213  -2.12382  -2.84817  -3.60997  -4.40511  -5.23031  -6.08286  -6.96051  -7.86133  -8.78368  -9.72614 -10.68745 -11.66651 -12.66235
 297.13246    1.00255   0.91986   0.64453   0.23744  -0.26409  -0.83846  -1.47187  -2.15485  -2.88049  -3.64358  -4.44001  -5.26651  -6.12035  -6.99929  -7.90140  -8.82505  -9.76880 -10.73140 -11.71176 -12.70888
 298.03835    0.98076   0.89752   0.62115   0.21288  -0.28990  -0.86554  -1.50024  -2.18450  -2.91143  -3.67581  -4.47354  -5.30132  -6.15646  -7.03668  -7.94008  -8.86502  -9.81006 -10.77395 -11.75559 -12.75399
 298.94609    0.96041   0.87662   0.59916   0.18961  -0.31452  -0.89155  -1.52765  -2.21334  -2.94171  -3.70753  -4.50671  -5.33595  -6.19254  -7.07423  -7.97910  -8.90551  -9.85201 -10.81738 -11.80049 -12.80038
 299.85566    0.94146   0.85706   0.57847   0.16763  -0.33787  -0.91629  -1.55380  -2.24091  -2.97070  -3.73795  -4.53856  -5.36923  -6.22726  -7.11038  -8.01668  -8.94452  -9.89246 -10.85926 -11.84382 -12.84514
 300.76707    0.92392   0.83891   0.55920   0.14709  -0.35973  -0.93950  -1.57837  -2.26684  -2.99800  -3.76662  -4.56860  -5.40063  -6.26003  -7.14452  -8.05219  -8.98139  -9.93070 -10.89886 -11.88477 -12.88745
 301.68033    0.90779   0.82224   0.54149   0.12818  -0.37990  -0.96096  -1.60114  -2.29092  -3.02340  -3.79333  -4.59663  -5.42999  -6.29070  -7.17651  -8.08550  -9.01603  -9.96665 -10.93614 -11.92337 -12.92737
 302.59544    0.89299   0.80670   0.52469   0.10996  -0.39959  -0.98214  -1.62382  -2.31511  -3.04909  -3.82053  -4.62534  -5.46020  -6.32242  -7.20973  -8.12022  -9.05225 -10.00437 -10.97535 -11.96408 -12.96957
 303.51239    0.87957   0.79263   0.50944   0.09338  -0.41757  -1.00154  -1.64466  -2.33739  -3.07282  -3.84571  -4.65196  -5.48828  -6.35194  -7.24070  -8.15264  -9.08611 -10.03969 -11.01211 -12.00228 -13.00922
 304.43120    0.86754   0.78008   0.49585   0.07860  -0.43359  -1.01884  -1.66325  -2.35727  -3.09400  -3.86819  -4.67574  -5.51335  -6.37832  -7.26838  -8.18162  -9.11639 -10.07126 -11.04498 -12.03645 -13.04469
 305.35186    0.85684   0.76874   0.48334   0.06476  -0.44883  -1.03549  -1.68132  -2.37678  -3.11495  -3.89058  -4.69957  -5.53863  -6.40504  -7.29654  -8.21122  -9.14743 -10.10374 -11.07890 -12.07181 -13.08148
 306.27437    0.84744   0.75842   0.47155   0.05134  -0.46394  -1.05231  -1.69986  -2.39705  -3.13694  -3.91430  -4.72502  -5.56580  -6.43394  -7.32717  -8.24357  -9.18150 -10.13953 -11.11642 -12.11104 -13.12243
 307.19874    0.83938   0.74969   0.46164   0.04012  -0.47651  -1.06625  -1.71518  -2.41373  -3.15499  -3.93372  -4.74580  -5.58794  -6.45742  -7.35200  -8.26975  -9.20902 -10.16839 -11.14661 -12.14257 -13.15529
 308.12497    0.83263   0.74232   0.45309   0.03023  -0.48779  -1.07895  -1.72931  -2.42930  -3.17201  -3.95218  -4.76571  -5.60929  -6.48023  -7.37626  -8.29545  -9.23617 -10.19699 -11.17666 -12.17406 -13.18823
 309.05305    0.82711   0.73584   0.44511   0.02061  -0.49910  -1.09196  -1.74402  -2.44572  -3.19012  -3.97199  -4.78720  -5.63248  -6.50509  -7.40280  -8.32367  -9.26606 -10.22854 -11.20987 -12.20894 -13.22476
 309.98300    0.82286   0.73075   0.43864   0.01264  -0.50860  -1.10301  -1.75662  -2.45985  -3.20579  -3.98918  -4.80592  -5.65270  -6.52683  -7.42604  -8.34840  -9.29228 -10.25626 -11.23906 -12.23961 -13.25690
 310.91481    0.81995   0.72714   0.43377   0.00633  -0.51642  -1.11236  -1.76751  -2.47230  -3.21980  -4.00476  -4.82307  -5.67142  -6.54712  -7.44790  -8.37184  -9.31730 -10.28284 -11.26723 -12.26934 -13.28821
 311.84849    0.81825   0.72464   0.42995   0.00106  -0.52316  -1.12060  -1.77724  -2.48352  -3.23250  -4.01893  -4.83871  -5.68853  -6.56568  -7.46791  -8.39329  -9.34019 -10.30717 -11.29299 -12.29653 -13.31683
 312.78403    0.81775   0.72306   0.42669  -0.00400  -0.53008  -1.12938  -1.78789  -2.49604  -3.24688  -4.03517  -4.85680  -5.70846  -6.58746  -7.49153  -8.41876  -9.36749 -10.33630 -11.32394 -12.32930 -13.35142
 313.72145    0.81852   0.72295   0.42516  -0.00709  -0.53477  -1.13568  -1.79580  -2.50556  -3.25801  -4.04790  -4.87112  -5.72438  -6.60496  -7.51062  -8.43942  -9.38972 -10.36010 -11.34931 -12.35623 -13.37990
 314.66073    0.82045   0.72394   0.42478  -0.00890  -0.53801  -1.14032  -1.80182  -2.51293  -3.26671  -4.05790  -4.88242  -5.73695  -6.61879  -7.52568  -8.45570  -9.40721 -10.37879 -11.36918 -12.37728 -13.40211
 315.60189    0.82366   0.72625   0.42555  -0.00986  -0.54077  -1.14491  -1.80826  -2.52123  -3.27688  -4.06995  -4.89635  -5.75276  -6.63648  -7.54526  -8.47718  -9.43058 -10.40406 -11.39634 -12.40634 -13.43307
 316.54492    0.82802   0.72947   0.42719  -0.00986  -0.54240  -1.14815  -1.81309  -2.52763  -3.28482  -4.07941  -4.90731  -5.76521  -6.65040  -7.56063  -8.49398  -9.44882 -10.42370 -11.41739 -12.42878 -13.45689
 317.48983    0.83364   0.73413   0.43032  -0.00839  -0.54263  -1.15010  -1.81676  -2.53301  -3.29191  -4.08822  -4.91782  -5.77742  -6.66431  -7.57624  -8.51128  -9.46780 -10.44437 -11.43973 -12.45280 -13.48258
 318.43662    0.84040   0.74020   0.43546  -0.00420  -0.53935  -1.14767  -1.81514  -2.53215  -3.29178  -4.08878  -4.91904  -5.77927  -6.66677  -7.57928  -8.51488  -9.47193 -10.44902 -11.44489 -12.45843 -13.48868
 319.38529    0.84820   0.74675   0.44072  -0.00011  -0.53629  -1.14554  -1.81382  -2.53158  -3.29188  -4.08947  -4.92027  -5.78099  -6.66892  -7.58182  -8.51777  -9.47513 -10.45249 -11.44859 -12.46235 -13.49277
 320.33584    0.85726   0.75492   0.44749   0.00518  -0.53249  -1.14323  -1.81299  -2.53220  -3.29393  -4.09295  -4.92517  -5.78728  -6.67660  -7.59087  -8.52819  -9.48691 -10.46561 -11.46305 -12.47813 -13.50988
 321.28828    0.86745   0.76376   0.45447   0.01020  -0.52945  -1.14214  -1.81385  -2.53500  -3.29865  -4.09958  -4.93368  -5.79768  -6.68886  -7.60499  -8.54416  -9.50471 -10.48525 -11.48451 -12.50141 -13.53496
 322.24260    0.87870   0.77501   0.46609   0.02245  -0.51634  -1.12801  -1.79854  -2.51837  -3.28060  -4.08000  -4.91250  -5.77480  -6.66422  -7.57852  -8.51578  -9.47439 -10.45291 -11.45012 -12.46491 -13.49630
 323.19881    0.89108   0.78709   0.47816   0.03475  -0.50362  -1.11468  -1.78446  -2.50343  -3.26469  -4.06303  -4.89438  -5.75546  -6.64359  -7.55653  -8.49238  -9.44951 -10.42651 -11.42215 -12.43532 -13.46506
 324.15691    0.90456   0.80092   0.49300   0.05099  -0.48568  -1.09482  -1.76247  -2.47914  -3.23796  -4.03373  -4.86239  -5.72069  -6.60593  -7.51591  -8.44871  -9.40272 -10.37653 -11.36891 -12.37877 -13.40513
 325.11690    0.91911   0.81594   0.50919   0.06874  -0.46605  -1.07307  -1.73840  -2.45258  -3.20875  -4.00174  -4.82750  -5.68279  -6.56493  -7.47171  -8.40124  -9.35190 -10.32229 -11.31118 -12.31748 -13.34023
 326.07878    0.93481   0.83211   0.52629   0.08707  -0.44627  -1.05163  -1.71514  -2.42736  -3.18145  -3.97225  -4.79574  -5.64866  -6.52836  -7.43262  -8.35956  -9.30758 -10.27526 -11.26139 -12.26489 -13.28478
 327.04256    0.95155   0.84823   0.54194   0.10243  -0.43103  -1.03636  -1.69972  -2.41169  -3.16543  -3.95581  -4.77880  -5.63115  -6.51023  -7.41381  -8.34003  -9.28727 -10.25413 -11.23939 -12.24198 -13.26093

# Fitted data
 295.32619    1.05047   0.96828   0.69517   0.29166  -0.21242  -0.78665  -1.42082  -2.10157  -2.82840  -3.59060  -4.38629  -5.21324  -6.06517  -6.94376  -7.84608  -8.76861  -9.71187 -10.67498 -11.65438 -12.65163
 295.48477    1.04602   0.96380   0.69055   0.28680  -0.21718  -0.79132  -1.42544  -2.10631  -2.83305  -3.59529  -4.39100  -5.21791  -6.06993  -6.94853  -7.85082  -8.77339  -9.71666 -10.67971 -11.65914 -12.65635
 295.64336    1.04161   0.95937   0.68598   0.28198  -0.22192  -0.79597  -1.43004  -2.11104  -2.83771  -3.59999  -4.39574  -5.22262  -6.07474  -6.95335  -7.85562  -8.77824  -9.72153 -10.68453 -11.66399 -12.66118
 295.80194    1.03726   0.95498   0.68145   0.27719  -0.22662  -0.80060  -1.43464  -2.11578  -2.84237  -3.60471  -4.40050  -5.22736  -6.07959  -6.95822  -7.86049  -8.78316  -9.72647 -10.68944 -11.66895 -12.66611
 295.96052    1.03295   0.95063   0.67695   0.27245  -0.23130  -0.80521  -1.43923  -2.12051  -2.84705  -3.60945  -4.40529  -5.23214  -6.08448  -6.96314  -7.86541  -8.78814  -9.73150 -10.69443 -11.67400 -12.67116
 296.11910    1.02869   0.94633   0.67250   0.26775  -0.23595  -0.80980  -1.44381  -2.12524  -2.85173  -3.61420  -4.41010  -5.23695  -6.08941  -6.96811  -7.87039  -8.79319  -9.73660 -10.69951 -11.67914 -12.67631
 296.27768    1.02447   0.94207   0.66809   0.26309  -0.24056  -0.81438  -1.44839  -2.12996  -2.85642  -3.61897  -4.41493  -5.24179  -6.09438  -6.97313  -7.87543  -8.79831  -9.74177 -10.70468 -11.68438 -12.68156
 296.43627    1.02030   0.93786   0.66372   0.25847  -0.24514  -0.81893  -1.45295  -2.13468  -2.86111  -3.62375  -4.41978  -5.24667  -6.09938  -6.97819  -7.88052  -8.80349  -9.74701 -10.70993 -11.68970 -12.68690
 296.59485    1.01618   0.93368   0.65939   0.25389  -0.24970  -0.82347  -1.45750  -2.13939  -2.86581  -3.62854  -4.42466  -5.25157  -6.10442  -6.98329  -7.88567  -8.80873  -9.75232 -10.71525 -11.69511 -12.69235
 296.75343    1.01210   0.92956   0.65511   0.24934  -0.25422  -0.82799  -1.46205  -2.14410  -2.87051  -3.63335  -4.42955  -5.25650  -6.10950  -6.98844  -7.89086  -8.81403  -9.75770 -10.72065 -11.70061 -12.69789
 296.91201    1.00807   0.92547   0.65086   0.24484  -0.25871  -0.83248  -1.46658  -2.14881  -2.87522  -3.63817  -4.43447  -5.26146  -6.11461  -6.99364  -7.89611  -8.81938  -9.76314 -10.72613 -11.70619 -12.70352
 297.07059    1.00409   0.92143   0.64665   0.24038  -0.26317  -0.83696  -1.47110  -2.15350  -2.87994  -3.64299  -4.43940  -5.26645  -6.11975  -6.99887  -7.90141  -8.82480  -9.76865 -10.73168 -11.71185 -12.70924
 297.22917    1.00015   0.91743   0.64249   0.23596  -0.26760  -0.84142  -1.47561  -2.15819  -2.88465  -3.64783  -4.44434  -5.27146  -6.12492  -7.00414  -7.90675  -8.83026  -9.77422 -10.73730 -11.71759 -12.71505
 297.38776    0.99626   0.91348   0.63836   0.23158  -0.27200  -0.84585  -1.48010  -2.16287  -2.88937  -3.65267  -4.44930  -5.27649  -6.13012  -7.00944  -7.91214  -8.83578  -9.77985 -10.74300 -11.72340 -12.72094
 297.54634    0.99241   0.90957   0.63428   0.22724  -0.27637  -0.85027  -1.48459  -2.16754  -2.89408  -3.65752  -4.45428  -5.28155  -6.13535  -7.01478  -7.91757  -8.84135  -9.78554 -10.74875 -11.72929 -12.72692
 297.70492    0.98861   0.90570   0.63023   0.22294  -0.28071  -0.85466  -1.48905  -2.17221  -2.89880  -3.66238  -4.45927  -5.28663  -6.14061  -7.02016  -7.92305  -8.84697  -9.79128 -10.75458 -11.73526 -12.73298
 297.86350    0.98485   0.90188   0.62623   0.21868  -0.28501  -0.85903  -1.49351  -2.17686  -2.90352  -3.66725  -4.46427  -5.29173  -6.14590  -7.02557  -7.92856  -8.85263  -9.79708 -10.76046 -11.74129 -12.73911
 298.02208    0.98114   0.89809   0.62227   0.21445  -0.28928  -0.86338  -1.49795  -2.18150  -2.90823  -3.67212  -4.46929  -5.29685  -6.15120  -7.03101  -7.93412  -8.85834  -9.80293 -10.76641 -11.74739 -12.74533
 298.18067    0.97747   0.89436   0.61834   0.21027  -0.29352  -0.86771  -1.50238  -2.18614  -2.91295  -3.67699  -4.47431  -5.30199  -6.15653  -7.03648  -7.93971  -8.86410  -9.80883 -10.77242 -11.75355 -12.75161
 298.33925    0.97385   0.89066   0.61446   0.20613  -0.29773  -0.87201  -1.50679  -2.19076  -2.91766  -3.68187  -4.47935  -5.30715  -6.16189  -7.04198  -7.94534  -8.86990  -9.81478 -10.77848 -11.75978 -12.75797
 298.49783    0.97027   0.88700   0.61062   0.20203  -0.30191  -0.87629  -1.51119  -2.19537  -2.92237  -3.68675  -4.48439  -5.31232  -6.16726  -7.04751  -7.95101  -8.87574  -9.82078 -10.78460 -11.76607 -12.76439
 298.65641    0.96674   0.88339   0.60682   0.19797  -0.30605  -0.88055  -1.51557  -2.19997  -2.92708  -3.69163  -4.48944  -5.31751  -6.17266  -7.05307  -7.95670  -8.88161  -9.82682 -10.79078 -11.77242 -12.77088
 298.81499    0.96325   0.87982   0.60306   0.19395  -0.31016  -0.88478  -1.51993  -2.20456  -2.93178  -3.69651  -4.49450  -5.32271  -6.17807  -7.05864  -7.96243  -8.88753  -9.83291 -10.79700 -11.77883 -12.77744
 298.97357    0.95981   0.87630   0.59934   0.18996  -0.31424  -0.88899  -1.52428  -2.20913  -2.93647  -3.70139  -4.49957  -5.32792  -6.18350  -7.06425  -7.96819  -8.89348  -9.83904 -10.80328 -11.78529 -12.78406
 299.13216    0.95641   0.87281   0.59565   0.18602  -0.31829  -0.89318  -1.52861  -2.21369  -2.94116  -3.70627  -4.50464  -5.33315  -6.18895  -7.06987  -7.97398  -8.89947  -9.84521 -10.80960 -11.79181 -12.79074
 299.29074    0.95306   0.86937   0.59201   0.18212  -0.32230  -0.89734  -1.53292  -2.21823  -2.94584  -3.71115  -4.50971  -5.33838  -6.19441  -7.07552  -7.97980  -8.90548  -9.85142 -10.81597 -11.79838 -12.79748
 299.44932    0.94975   0.86597   0.58841   0.17826  -0.32628  -0.90147  -1.53721  -2.22276  -2.95052  -3.71603  -4.51479  -5.34363  -6.19988  -7.08118  -7.98564  -8.91153  -9.85766 -10.82238 -11.80499 -12.80427
 299.60790    0.94648   0.86261   0.58485   0.17444  -0.33023  -0.90559  -1.54148  -2.22728  -2.95519  -3.72091  -4.51987  -5.34888  -6.20537  -7.08687  -7.99150  -8.91761  -9.86394 -10.82883 -11.81166 -12.81112
 299.76648    0.94326   0.85930   0.58133   0.17065  -0.33414  -0.90967  -1.54574  -2.23177  -2.95985  -3.72578  -4.52495  -5.35415  -6.21087  -7.09257  -7.99739  -8.92372  -9.87026 -10.83533 -11.81837 -12.81802
 299.92507    0.94008   0.85602   0.57785   0.16691  -0.33802  -0.91373  -1.54998  -2.23626  -2.96449  -3.73065  -4.53003  -5.35942  -6.21638  -7.09829  -8.00331  -8.92985  -9.87660 -10.84186 -11.82512 -12.82497
 300.08365    0.93694   0.85279   0.57441   0.16321  -0.34187  -0.91777  -1.55419  -2.24072  -2.96913  -3.73551  -4.53511  -5.36469  -6.22190  -7.10402  -8.00924  -8.93601  -9.88298 -10.84843 -11.83192 -12.83197
 300.24223    0.93385   0.84960   0.57101   0.15954  -0.34569  -0.92177  -1.55839  -2.24517  -2.97376  -3.74036  -4.54019  -5.36997  -6.22743  -7.10976  -8.01519  -8.94220  -9.88938 -10.85504 -11.83875 -12.83901
 300.40081    0.93080   0.84645   0.56765   0.15592  -0.34947  -0.92576  -1.56256  -2.24960  -2.97838  -3.74521  -4.54526  -5.37525  -6.23296  -7.11552  -8.02116  -8.94840  -9.89582 -10.86167 -11.84563 -12.84610
 300.55939    0.92780   0.84334   0.56433   0.15234  -0.35321  -0.92971  -1.56672  -2.25401  -2.98299  -3.75005  -4.55034  -5.38054  -6.23850  -7.12128  -8.02714  -8.95462  -9.90227 -10.86834 -11.85253 -12.85323
 300.71797    0.92484   0.84028   0.56105   0.14879  -0.35693  -0.93364  -1.57085  -2.25841  -2.98758  -3.75488  -4.55541  -5.38582  -6.24405  -7.12706  -8.03314  -8.96087  -9.90875 -10.87504 -11.85947 -12.86039
 300.87656    0.92192   0.83725   0.55781   0.14529  -0.36061  -0.93754  -1.57496  -2.26278  -2.99216  -3.75971  -4.56047  -5.39111  -6.24959  -7.13285  -8.03915  -8.96713  -9.91525 -10.88176 -11.86645 -12.86760
 301.03514    0.91904   0.83427   0.55461   0.14182  -0.36425  -0.94141  -1.57905  -2.26714  -2.99673  -3.76452  -4.56553  -5.39640  -6.25514  -7.13864  -8.04517  -8.97340  -9.92177 -10.88851 -11.87345 -12.87483
 301.19372    0.91621   0.83133   0.55145   0.13840  -0.36786  -0.94526  -1.58312  -2.27147  -3.00128  -3.76932  -4.57058  -5.40168  -6.26070  -7.14443  -8.05121  -8.97970  -9.92831 -10.89529 -11.88048 -12.88211
 301.35230    0.91342   0.82843   0.54833   0.13501  -0.37144  -0.94907  -1.58716  -2.27578  -3.00582  -3.77411  -4.57563  -5.40696  -6.26625  -7.15024  -8.05725  -8.98600  -9.93487 -10.90209 -11.88754 -12.88941
 301.51088    0.91067   0.82557   0.54525   0.13167  -0.37498  -0.95286  -1.59118  -2.28007  -3.01034  -3.77889  -4.58066  -5.41224  -6.27180  -7.15604  -8.06330  -8.99231  -9.94144 -10.90890 -11.89462 -12.89674
 301.66947    0.90797   0.82275   0.54221   0.12836  -0.37849  -0.95662  -1.59517  -2.28434  -3.01484  -3.78366  -4.58569  -5.41751  -6.27735  -7.16185  -8.06936  -8.99864  -9.94803 -10.91574 -11.90172 -12.90410
 301.82805    0.90531   0.81997   0.53920   0.12510  -0.38196  -0.96035  -1.59914  -2.28859  -3.01933  -3.78841  -4.59071  -5.42278  -6.28290  -7.16765  -8.07542  -9.00497  -9.95463 -10.92259 -11.90885 -12.91148
 301.98663    0.90268   0.81723   0.53624   0.12187  -0.38540  -0.96405  -1.60309  -2.29282  -3.02380  -3.79315  -4.59571  -5.42804  -6.28844  -7.17346  -8.08149  -9.01131  -9.96124 -10.92946 -11.91599 -12.91889
 302.14521    0.90011   0.81454   0.53332   0.11868  -0.38881  -0.96773  -1.60701  -2.29702  -3.02825  -3.79787  -4.60071  -5.43330  -6.29398  -7.17927  -8.08756  -9.01766  -9.96785 -10.93634 -11.92315 -12.92631
 302.30379    0.89757   0.81188   0.53043   0.11554  -0.39217  -0.97137  -1.61090  -2.30120  -3.03269  -3.80258  -4.60569  -5.43854  -6.29951  -7.18507  -8.09363  -9.02401  -9.97448 -10.94324 -11.93033 -12.93376
 302.46237    0.89508   0.80927   0.52759   0.11243  -0.39551  -0.97498  -1.61477  -2.30535  -3.03710  -3.80727  -4.61066  -5.44378  -6.30503  -7.19087  -8.09970  -9.03036  -9.98111 -10.95014 -11.93751 -12.94122
 302.62096    0.89262   0.80669   0.52478   0.10936  -0.39881  -0.97856  -1.61862  -2.30948  -3.04149  -3.81194  -4.61561  -5.44900  -6.31055  -7.19666  -8.10576  -9.03672  -9.98775 -10.95705 -11.94471 -12.94870
 302.77954    0.89021   0.80416   0.52202   0.10633  -0.40207  -0.98211  -1.62243  -2.31359  -3.04587  -3.81660  -4.62055  -5.45422  -6.31605  -7.20245  -8.11183  -9.04307  -9.99439 -10.96397 -11.95192 -12.95619
 302.93812    0.88784   0.80166   0.51929   0.10334  -0.40530  -0.98563  -1.62622  -2.31767  -3.05022  -3.82124  -4.62548  -5.45942  -6.32155  -7.20823  -8.11789  -9.04942 -10.00103 -10.97090 -11.95914 -12.96369
 303.09670    0.88552   0.79921   0.51661   0.10039  -0.40849  -0.98912  -1.62998  -2.32172  -3.05455  -3.82585  -4.63038  -5.46461  -6.32703  -7.21400  -8.12395  -9.05577 -10.00766 -10.97782 -11.96636 -12.97120
 303.25528    0.88323   0.79680   0.51396   0.09748  -0.41165  -0.99258  -1.63372  -2.32575  -3.05886  -3.83045  -4.63527  -5.46978  -6.33250  -7.21976  -8.13000  -9.06212 -10.01430 -10.98475 -11.97358 -12.97872
 303.41387    0.88099   0.79442   0.51135   0.09461  -0.41477  -0.99601  -1.63742  -2.32975  -3.06314  -3.83503  -4.64014  -5.47494  -6.33796  -7.22551  -8.13604  -9.06846 -10.02094 -10.99168 -11.98081 -12.98625
 303.57245    0.87878   0.79209   0.50878   0.09178  -0.41786  -0.99941  -1.64110  -2.33372  -3.06740  -3.83958  -4.64500  -5.48009  -6.34340  -7.23125  -8.14207  -9.07479 -10.02757 -10.99861 -11.98804 -12.99377
 303.73103    0.87662   0.78980   0.50625   0.08899  -0.42091  -1.00277  -1.64475  -2.33766  -3.07164  -3.84411  -4.64983  -5.48521  -6.34883  -7.23698  -8.14809  -9.08111 -10.03419 -11.00553 -11.99527 -13.00130
 303.88961    0.87450   0.78754   0.50376   0.08624  -0.42392  -1.00610  -1.64837  -2.34158  -3.07585  -3.84862  -4.65464  -5.49032  -6.35424  -7.24269  -8.15410  -9.08743 -10.04081 -11.01245 -12.00250 -13.00883
 304.04819    0.87242   0.78533   0.50131   0.08352  -0.42690  -1.00940  -1.65196  -2.34547  -3.08004  -3.85311  -4.65943  -5.49541  -6.35964  -7.24839  -8.16010  -9.09373 -10.04741 -11.01937 -12.00972 -13.01636
 304.20677    0.87038   0.78315   0.49890   0.08085  -0.42984  -1.01266  -1.65552  -2.34933  -3.08420  -3.85757  -4.66420  -5.50048  -6.36501  -7.25406  -8.16608  -9.10002 -10.05401 -11.02627 -12.01693 -13.02388
 304.36536    0.86838   0.78102   0.49652   0.07822  -0.43275  -1.01590  -1.65905  -2.35316  -3.08834  -3.86201  -4.66894  -5.50553  -6.37037  -7.25973  -8.17205  -9.10629 -10.06059 -11.03317 -12.02414 -13.03140
 304.52394    0.86642   0.77893   0.49419   0.07562  -0.43562  -1.01910  -1.66255  -2.35696  -3.09244  -3.86642  -4.67366  -5.51055  -6.37570  -7.26537  -8.17800  -9.11256 -10.06716 -11.04005 -12.03133 -13.03891
 304.68252    0.86450   0.77687   0.49189   0.07307  -0.43845  -1.02226  -1.66602  -2.36073  -3.09652  -3.87081  -4.67836  -5.51556  -6.38102  -7.27099  -8.18393  -9.11880 -10.07372 -11.04692 -12.03852 -13.04641
 304.84110    0.86262   0.77485   0.48963   0.07055  -0.44125  -1.02539  -1.66945  -2.36447  -3.10058  -3.87517  -4.68303  -5.52054  -6.38631  -7.27659  -8.18984  -9.12503 -10.08026 -11.05378 -12.04569 -13.05390
 304.99968    0.86078   0.77288   0.48742   0.06807  -0.44401  -1.02849  -1.67286  -2.36817  -3.10460  -3.87950  -4.68767  -5.52550  -6.39157  -7.28217  -8.19574  -9.13123 -10.08678 -11.06062 -12.05285 -13.06137
 305.15827    0.85898   0.77094   0.48524   0.06563  -0.44673  -1.03156  -1.67623  -2.37185  -3.10859  -3.88380  -4.69229  -5.53043  -6.39682  -7.28773  -8.20161  -9.13742 -10.09328 -11.06745 -12.05999 -13.06884
 305.31685    0.85722   0.76904   0.48310   0.06324  -0.44942  -1.03459  -1.67957  -2.37549  -3.11256  -3.88808  -4.69688  -5.53534  -6.40203  -7.29326  -8.20746  -9.14358 -10.09976 -11.07425 -12.06711 -13.07628
 305.47543    0.85551   0.76718   0.48099   0.06088  -0.45207  -1.03758  -1.68288  -2.37910  -3.11649  -3.89232  -4.70144  -5.54022  -6.40722  -7.29877  -8.21328  -9.14973 -10.10622 -11.08104 -12.07421 -13.08371
 305.63401    0.85383   0.76536   0.47893   0.05856  -0.45468  -1.04054  -1.68615  -2.38268  -3.12039  -3.89654  -4.70598  -5.54507  -6.41239  -7.30425  -8.21908  -9.15584 -10.11266 -11.08780 -12.08130 -13.09111
 305.79259    0.85219   0.76358   0.47691   0.05628  -0.45726  -1.04347  -1.68939  -2.38623  -3.12426  -3.90072  -4.71048  -5.54989  -6.41752  -7.30970  -8.22485  -9.16194 -10.11907 -11.09454 -12.08836 -13.09849
 305.95118    0.85059   0.76184   0.47492   0.05404  -0.45979  -1.04636  -1.69260  -2.38974  -3.12810  -3.90488  -4.71495  -5.55469  -6.42263  -7.31513  -8.23060  -9.16800 -10.12545 -11.10125 -12.09539 -13.10585
 306.10976    0.84903   0.76013   0.47297   0.05183  -0.46230  -1.04921  -1.69577  -2.39322  -3.13191  -3.90900  -4.71939  -5.55945  -6.42770  -7.32052  -8.23632  -9.17404 -10.13181 -11.10794 -12.10240 -13.11319
 306.26834    0.84751   0.75847   0.47106   0.04967  -0.46476  -1.05203  -1.69891  -2.39666  -3.13568  -3.91309  -4.72380  -5.56418  -6.43275  -7.32589  -8.24200  -9.18004 -10.13813 -11.11460 -12.10938 -13.12050
 306.42692    0.84603   0.75684   0.46919   0.04755  -0.46719  -1.05481  -1.70201  -2.40007  -3.13942  -3.91714  -4.72818  -5.56888  -6.43776  -7.33122  -8.24766  -9.18602 -10.14443 -11.12123 -12.11633 -13.12778
 306.58550    0.84458   0.75525   0.46736   0.04546  -0.46958  -1.05756  -1.70508  -2.40344  -3.14313  -3.92116  -4.73252  -5.57355  -6.44274  -7.33652  -8.25328  -9.19196 -10.15069 -11.12782 -12.12325 -13.13502
 306.74408    0.84318   0.75370   0.46557   0.04342  -0.47193  -1.06027  -1.70811  -2.40678  -3.14680  -3.92515  -4.73683  -5.57818  -6.44769  -7.34179  -8.25888  -9.19787 -10.15693 -11.13439 -12.13013 -13.14224
 306.90267    0.84181   0.75219   0.46381   0.04141  -0.47424  -1.06294  -1.71111  -2.41008  -3.15044  -3.92910  -4.74110  -5.58278  -6.45260  -7.34702  -8.26443  -9.20375 -10.16312 -11.14092 -12.13698 -13.14942
 307.06125    0.84049   0.75072   0.46210   0.03944  -0.47652  -1.06558  -1.71407  -2.41334  -3.15404  -3.93302  -4.74534  -5.58735  -6.45747  -7.35222  -8.26995  -9.20959 -10.16929 -11.14742 -12.14380 -13.15657
 307.21983    0.83920   0.74928   0.46042   0.03751  -0.47876  -1.06818  -1.71699  -2.41657  -3.15760  -3.93690  -4.74954  -5.59188  -6.46231  -7.35738  -8.27544  -9.21540 -10.17541 -11.15387 -12.15058 -13.16368
 307.37841    0.83795   0.74789   0.45878   0.03562  -0.48096  -1.07074  -1.71988  -2.41976  -3.16113  -3.94074  -4.75370  -5.59637  -6.46711  -7.36250  -8.28089  -9.22116 -10.18150 -11.16029 -12.15732 -13.17075
 307.53699    0.83674   0.74653   0.45718   0.03377  -0.48312  -1.07326  -1.72273  -2.42291  -3.16462  -3.94455  -4.75783  -5.60082  -6.47187  -7.36758  -8.28629  -9.22689 -10.18754 -11.16668 -12.16402 -13.17777
 307.69558    0.83557   0.74521   0.45561   0.03196  -0.48525  -1.07575  -1.72554  -2.42602  -3.16807  -3.94832  -4.76192  -5.60524  -6.47660  -7.37263  -8.29166  -9.23257 -10.19355 -11.17301 -12.17068 -13.18476
 307.85416    0.83444   0.74393   0.45409   0.03019  -0.48733  -1.07820  -1.72832  -2.42910  -3.17148  -3.95204  -4.76596  -5.60961  -6.48128  -7.37763  -8.29699  -9.23822 -10.19951 -11.17931 -12.17729 -13.19170
 308.01274    0.83334   0.74268   0.45260   0.02845  -0.48938  -1.08061  -1.73106  -2.43214  -3.17486  -3.95573  -4.76997  -5.61395  -6.48592  -7.38259  -8.30228  -9.24382 -10.20543 -11.18556 -12.18386 -13.19860
 308.17132    0.83229   0.74148   0.45115   0.02676  -0.49139  -1.08298  -1.73376  -2.43513  -3.17819  -3.95938  -4.77394  -5.61824  -6.49052  -7.38751  -8.30752  -9.24937 -10.21130 -11.19177 -12.19039 -13.20545
 308.32990    0.83127   0.74031   0.44974   0.02510  -0.49336  -1.08532  -1.73642  -2.43809  -3.18149  -3.96299  -4.77787  -5.62249  -6.49508  -7.39238  -8.31271  -9.25489 -10.21713 -11.19793 -12.19686 -13.21225
 308.48848    0.83029   0.73917   0.44836   0.02348  -0.49530  -1.08761  -1.73904  -2.44101  -3.18475  -3.96656  -4.78175  -5.62670  -6.49959  -7.39721  -8.31787  -9.26035 -10.22291 -11.20404 -12.20329 -13.21900
 308.64707    0.82934   0.73808   0.44703   0.02191  -0.49719  -1.08987  -1.74162  -2.44389  -3.18796  -3.97009  -4.78560  -5.63087  -6.50406  -7.40200  -8.32297  -9.26577 -10.22864 -11.21010 -12.20966 -13.22570
 308.80565    0.82844   0.73702   0.44573   0.02037  -0.49905  -1.09208  -1.74416  -2.44672  -3.19114  -3.97357  -4.78940  -5.63499  -6.50848  -7.40674  -8.32803  -9.27114 -10.23433 -11.21611 -12.21598 -13.23234
 308.96423    0.82757   0.73600   0.44447   0.01886  -0.50087  -1.09426  -1.74666  -2.44952  -3.19427  -3.97701  -4.79315  -5.63907  -6.51286  -7.41143  -8.33304  -9.27646 -10.23996 -11.22207 -12.22225 -13.23893
 309.12281    0.82674   0.73502   0.44325   0.01740  -0.50265  -1.09640  -1.74913  -2.45227  -3.19736  -3.98041  -4.79686  -5.64310  -6.51719  -7.41607  -8.33800  -9.28172 -10.24553 -11.22798 -12.22846 -13.24547
 309.28139    0.82595   0.73408   0.44207   0.01598  -0.50439  -1.09850  -1.75155  -2.45498  -3.20041  -3.98376  -4.80053  -5.64709  -6.52147  -7.42066  -8.34291  -9.28694 -10.25106 -11.23383 -12.23462 -13.25194
 309.43998    0.82519   0.73317   0.44092   0.01459  -0.50609  -1.10056  -1.75393  -2.45765  -3.20341  -3.98707  -4.80415  -5.65103  -6.52570  -7.42521  -8.34777  -9.29210 -10.25653 -11.23962 -12.24072 -13.25836
 309.59856    0.82447   0.73230   0.43981   0.01325  -0.50775  -1.10257  -1.75627  -2.46028  -3.20637  -3.99034  -4.80772  -5.65492  -6.52989  -7.42970  -8.35257  -9.29721 -10.26194 -11.24535 -12.24675 -13.26471
 309.75714    0.82379   0.73147   0.43874   0.01194  -0.50937  -1.10455  -1.75857  -2.46287  -3.20929  -3.99356  -4.81125  -5.65876  -6.53402  -7.43414  -8.35733  -9.30226 -10.26730 -11.25103 -12.25273 -13.27100
 309.91572    0.82315   0.73067   0.43771   0.01067  -0.51096  -1.10649  -1.76082  -2.46541  -3.21216  -3.99673  -4.81472  -5.66256  -6.53810  -7.43852  -8.36202  -9.30726 -10.27259 -11.25664 -12.25865 -13.27722
 310.07430    0.82254   0.72991   0.43671   0.00944  -0.51250  -1.10838  -1.76304  -2.46791  -3.21499  -3.99986  -4.81815  -5.66630  -6.54213  -7.44286  -8.36666  -9.31219 -10.27783 -11.26220 -12.26450 -13.28338
 310.23288    0.82197   0.72919   0.43575   0.00825  -0.51401  -1.11024  -1.76521  -2.47036  -3.21777  -4.00294  -4.82153  -5.66999  -6.54611  -7.44714  -8.37125  -9.31707 -10.28301 -11.26769 -12.27028 -13.28947
 310.39147    0.82143   0.72850   0.43483   0.00710  -0.51547  -1.11205  -1.76734  -2.47277  -3.22050  -4.00597  -4.82487  -5.67363  -6.55003  -7.45136  -8.37577  -9.32189 -10.28812 -11.27311 -12.27600 -13.29550
 310.55005    0.82094   0.72785   0.43395   0.00598  -0.51690  -1.11383  -1.76943  -2.47513  -3.22319  -4.00895  -4.82815  -5.67722  -6.55390  -7.45552  -8.38024  -9.32665 -10.29317 -11.27847 -12.28165 -13.30145
 310.70863    0.82047   0.72724   0.43310   0.00491  -0.51829  -1.11556  -1.77147  -2.47745  -3.22583  -4.01188  -4.83138  -5.68075  -6.55771  -7.45963  -8.38465  -9.33134 -10.29816 -11.28377 -12.28723 -13.30733
 310.86721    0.82005   0.72667   0.43229   0.00387  -0.51964  -1.11725  -1.77347  -2.47973  -3.22843  -4.01477  -4.83455  -5.68424  -6.56147  -7.46368  -8.38900  -9.33598 -10.30308 -11.28899 -12.29274 -13.31314
 311.02579    0.81966   0.72613   0.43152   0.00287  -0.52094  -1.11889  -1.77543  -2.48196  -3.23098  -4.01760  -4.83768  -5.68766  -6.56517  -7.46767  -8.39328  -9.34054 -10.30793 -11.29415 -12.29817 -13.31887
 311.18438    0.81931   0.72562   0.43079   0.00191  -0.52221  -1.12050  -1.77734  -2.48414  -3.23347  -4.02039  -4.84075  -5.69103  -6.56881  -7.47160  -8.39750  -9.34505 -10.31271 -11.29923 -12.30354 -13.32452
 311.34296    0.81899   0.72516   0.43009   0.00099  -0.52344  -1.12206  -1.77921  -2.48627  -3.23593  -4.02312  -4.84377  -5.69435  -6.57240  -7.47547  -8.40166  -9.34948 -10.31743 -11.30424 -12.30883 -13.33010
 311.50154    0.81871   0.72472   0.42943   0.00010  -0.52463  -1.12358  -1.78103  -2.48836  -3.23833  -4.02580  -4.84674  -5.69761  -6.57592  -7.47927  -8.40575  -9.35385 -10.32207 -11.30918 -12.31404 -13.33560
 311.66012    0.81847   0.72433   0.42881  -0.00074  -0.52578  -1.12506  -1.78281  -2.49041  -3.24068  -4.02843  -4.84965  -5.70081  -6.57939  -7.48302  -8.40978  -9.35815 -10.32665 -11.31405 -12.31917 -13.34101
 311.81870    0.81826   0.72397   0.42823  -0.00155  -0.52689  -1.12650  -1.78455  -2.49240  -3.24298  -4.03101  -4.85250  -5.70395  -6.58279  -7.48670  -8.41374  -9.36238 -10.33115 -11.31883 -12.32423 -13.34635
 311.97728    0.81809   0.72365   0.42768  -0.00232  -0.52796  -1.12789  -1.78624  -2.49435  -3.24523  -4.03353  -4.85530  -5.70704  -6.58613  -7.49031  -8.41764  -9.36654 -10.33558 -11.32354 -12.32920 -13.35160
 312.13587    0.81795   0.72336   0.42717  -0.00305  -0.52899  -1.12924  -1.78788  -2.49625  -3.24743  -4.03600  -4.85805  -5.71007  -6.58941  -7.49386  -8.42146  -9.37063 -10.33993 -11.32818 -12.33409 -13.35676
 312.29445    0.81785   0.72311   0.42669  -0.00374  -0.52998  -1.13054  -1.78948  -2.49810  -3.24958  -4.03842  -4.86073  -5.71303  -6.59263  -7.49735  -8.42522  -9.37464 -10.34420 -11.33273 -12.33890 -13.36184
 312.45303    0.81778   0.72290   0.42626  -0.00439  -0.53093  -1.13181  -1.79103  -2.49990  -3.25168  -4.04078  -4.86336  -5.71594  -6.59578  -7.50076  -8.42891  -9.37858 -10.34840 -11.33720 -12.34363 -13.36683
 312.61161    0.81775   0.72272   0.42586  -0.00501  -0.53184  -1.13303  -1.79253  -2.50165  -3.25372  -4.04308  -4.86593  -5.71878  -6.59887  -7.50411  -8.43252  -9.38245 -10.35252 -11.34159 -12.34827 -13.37174
 312.77019    0.81776   0.72257   0.42549  -0.00558  -0.53270  -1.13420  -1.79399  -2.50336  -3.25571  -4.04534  -4.86844  -5.72156  -6.60189  -7.50739  -8.43606  -9.38624 -10.35657 -11.34590 -12.35282 -13.37655
 312.92878    0.81780   0.72247   0.42517  -0.00612  -0.53353  -1.13533  -1.79540  -2.50501  -3.25765  -4.04753  -4.87089  -5.72428  -6.60485  -7.51060  -8.43953  -9.38995 -10.36053 -11.35012 -12.35729 -13.38126
 313.08736    0.81787   0.72239   0.42488  -0.00662  -0.53432  -1.13642  -1.79677  -2.50662  -3.25954  -4.04967  -4.87329  -5.72693  -6.60774  -7.51374  -8.44292  -9.39359 -10.36441 -11.35426 -12.36166 -13.38589
 313.24594    0.81798   0.72236   0.42462  -0.00709  -0.53507  -1.13746  -1.79808  -2.50817  -3.26137  -4.05175  -4.87562  -5.72952  -6.61056  -7.51681  -8.44624  -9.39715 -10.36820 -11.35831 -12.36595 -13.39042
 313.40452    0.81813   0.72236   0.42441  -0.00751  -0.53577  -1.13846  -1.79935  -2.50967  -3.26315  -4.05377  -4.87789  -5.73205  -6.61332  -7.51981  -8.44949  -9.40063 -10.37192 -11.36227 -12.37014 -13.39485
 313.56310    0.81831   0.72239   0.42423  -0.00790  -0.53644  -1.13941  -1.80057  -2.51112  -3.26487  -4.05574  -4.88010  -5.73451  -6.61600  -7.52273  -8.45265  -9.40402 -10.37554 -11.36615 -12.37424 -13.39919
 313.72168    0.81852   0.72246   0.42409  -0.00825  -0.53707  -1.14032  -1.80175  -2.51253  -3.26654  -4.05765  -4.88224  -5.73690  -6.61862  -7.52558  -8.45574  -9.40734 -10.37909 -11.36993 -12.37825 -13.40343
 313.88027    0.81877   0.72256   0.42398  -0.00856  -0.53765  -1.14118  -1.80287  -2.51388  -3.26816  -4.05949  -4.88433  -5.73923  -6.62116  -7.52836  -8.45875  -9.41057 -10.38254 -11.37362 -12.38216 -13.40757
 314.03885    0.81906   0.72270   0.42391  -0.00883  -0.53819  -1.14200  -1.80395  -2.51517  -3.26971  -4.06128  -4.88635  -5.74149  -6.62364  -7.53106  -8.46168  -9.41372 -10.38591 -11.37722 -12.38597 -13.41160
 314.19743    0.81937   0.72288   0.42388  -0.00906  -0.53870  -1.14277  -1.80498  -2.51642  -3.27121  -4.06301  -4.88830  -5.74368  -6.62604  -7.53368  -8.46454  -9.41678 -10.38919 -11.38072 -12.38968 -13.41554
 314.35601    0.81973   0.72309   0.42388  -0.00926  -0.53916  -1.14350  -1.80595  -2.51761  -3.27266  -4.06468  -4.89020  -5.74581  -6.62837  -7.53623  -8.46730  -9.41976 -10.39238 -11.38413 -12.39330 -13.41936
 314.51459    0.82011   0.72333   0.42392  -0.00942  -0.53958  -1.14418  -1.80688  -2.51875  -3.27405  -4.06629  -4.89202  -5.74786  -6.63062  -7.53870  -8.46999  -9.42265 -10.39548 -11.38745 -12.39681 -13.42309
 314.67318    0.82053   0.72361   0.42400  -0.00954  -0.53996  -1.14482  -1.80776  -2.51984  -3.27538  -4.06783  -4.89379  -5.74984  -6.63281  -7.54109  -8.47260  -9.42546 -10.39848 -11.39067 -12.40023 -13.42670
 314.83176    0.82099   0.72392   0.42411  -0.00962  -0.54030  -1.14541  -1.80859  -2.52087  -3.27665  -4.06932  -4.89548  -5.75176  -6.63491  -7.54341  -8.47512  -9.42818 -10.40139 -11.39378 -12.40354 -13.43021
 314.99034    0.82148   0.72427   0.42426  -0.00967  -0.54060  -1.14595  -1.80937  -2.52185  -3.27786  -4.07074  -4.89711  -5.75360  -6.63695  -7.54564  -8.47755  -9.43080 -10.40421 -11.39680 -12.40674 -13.43361
 315.14892    0.82200   0.72466   0.42445  -0.00967  -0.54086  -1.14645  -1.81009  -2.52278  -3.27902  -4.07210  -4.89867  -5.75537  -6.63890  -7.54779  -8.47990  -9.43334 -10.40694 -11.39972 -12.40984 -13.43690
 315.30750    0.82256   0.72507   0.42467  -0.00964  -0.54107  -1.14690  -1.81077  -2.52365  -3.28011  -4.07339  -4.90017  -5.75707  -6.64078  -7.54986  -8.48217  -9.43578 -10.40956 -11.40254 -12.41284 -13.44008
 315.46608    0.82315   0.72553   0.42493  -0.00958  -0.54125  -1.14730  -1.81140  -2.52447  -3.28115  -4.07462  -4.90159  -5.75869  -6.64258  -7.55185  -8.48434  -9.43814 -10.41209 -11.40526 -12.41572 -13.44314
 315.62467    0.82377   0.72601   0.42522  -0.00947  -0.54138  -1.14766  -1.81197  -2.52523  -3.28213  -4.07579  -4.90295  -5.76024  -6.64431  -7.55375  -8.48643  -9.44040 -10.41452 -11.40787 -12.41850 -13.44609
 315.78325    0.82443   0.72653   0.42555  -0.00933  -0.54147  -1.14797  -1.81250  -2.52594  -3.28304  -4.07690  -4.90424  -5.76172  -6.64595  -7.55557  -8.48843  -9.44257 -10.41686 -11.41037 -12.42116 -13.44892
 315.94183    0.82512   0.72709   0.42592  -0.00914  -0.54152  -1.14823  -1.81297  -2.52659  -3.28390  -4.07793  -4.90545  -5.76312  -6.64752  -7.55731  -8.49034  -9.44464 -10.41909 -11.41277 -12.42372 -13.45164
 316.10041    0.82584   0.72768   0.42632  -0.00892  -0.54153  -1.14845  -1.81339  -2.52719  -3.28469  -4.07891  -4.90660  -5.76445  -6.64900  -7.55896  -8.49216  -9.44661 -10.42122 -11.41507 -12.42616 -13.45423
 316.25899    0.82660   0.72830   0.42676  -0.00867  -0.54150  -1.14862  -1.81376  -2.52773  -3.28543  -4.07981  -4.90768  -5.76570  -6.65041  -7.56053  -8.49389  -9.44849 -10.42325 -11.41725 -12.42849 -13.45671
 316.41758    0.82739   0.72896   0.42724  -0.00837  -0.54143  -1.14874  -1.81408  -2.52822  -3.28610  -4.08065  -4.90869  -5.76687  -6.65173  -7.56201  -8.49552  -9.45027 -10.42518 -11.41933 -12.43071 -13.45907
 316.57616    0.82822   0.72965   0.42775  -0.00804  -0.54131  -1.14881  -1.81434  -2.52864  -3.28671  -4.08143  -4.90962  -5.76797  -6.65297  -7.56340  -8.49706  -9.45196 -10.42700 -11.42130 -12.43281 -13.46131
 316.73474    0.82907   0.73038   0.42829  -0.00767  -0.54115  -1.14884  -1.81455  -2.52902  -3.28726  -4.08213  -4.91048  -5.76899  -6.65413  -7.56470  -8.49851  -9.45354 -10.42872 -11.42315 -12.43479 -13.46342
 316.89332    0.82996   0.73113   0.42888  -0.00726  -0.54095  -1.14882  -1.81471  -2.52933  -3.28775  -4.08277  -4.91127  -5.76993  -6.65521  -7.56592  -8.49987  -9.45503 -10.43033 -11.42489 -12.43665 -13.46541
 317.05190    0.83089   0.73193   0.42949  -0.00682  -0.54071  -1.14875  -1.81482  -2.52959  -3.28817  -4.08335  -4.91199  -5.77079  -6.65620  -7.56704  -8.50112  -9.45641 -10.43184 -11.42652 -12.43840 -13.46727
 317.21049    0.83184   0.73276   0.43015  -0.00634  -0.54043  -1.14863  -1.81487  -2.52979  -3.28853  -4.08385  -4.91263  -5.77157  -6.65710  -7.56808  -8.50229  -9.45769 -10.43323 -11.42804 -12.44002 -13.46901
 317.36907    0.83283   0.73362   0.43084  -0.00582  -0.54011  -1.14846  -1.81487  -2.52993  -3.28882  -4.08428  -4.91319  -5.77227  -6.65793  -7.56902  -8.50335  -9.45887 -10.43452 -11.42944 -12.44153 -13.47061
 317.52765    0.83385   0.73451   0.43156  -0.00526  -0.53974  -1.14825  -1.81481  -2.53001  -3.28905  -4.08465  -4.91369  -5.77289  -6.65866  -7.56987  -8.50432  -9.45994 -10.43570 -11.43072 -12.44291 -13.47209
 317.68623    0.83490   0.73544   0.43232  -0.00467  -0.53933  -1.14798  -1.81470  -2.53004  -3.28922  -4.08494  -4.91410  -5.77343  -6.65931  -7.57063  -8.50519  -9.46091 -10.43677 -11.43189 -12.44417 -13.47344
 317.84481    0.83599   0.73640   0.43312  -0.00403  -0.53888  -1.14767  -1.81454  -2.53000  -3.28932  -4.08517  -4.91445  -5.77389  -6.65987  -7.57130  -8.50596  -9.46178 -10.43773 -11.43294 -12.44530 -13.47466
 318.00339    0.83711   0.73739   0.43395  -0.00337  -0.53839  -1.14731  -1.81432  -2.52991  -3.28936  -4.08532  -4.91471  -5.77426  -6.66035  -7.57187  -8.50663  -9.46254 -10.43857 -11.43386 -12.44631 -13.47575
 318.16198    0.83826   0.73842   0.43482  -0.00266  -0.53785  -1.14690  -1.81404  -2.52976  -3.28933  -4.08540  -4.91490  -5.77455  -6.66073  -7.57235  -8.50719  -9.46319 -10.43930 -11.43467 -12.44719 -13.47670
 318.32056    0.83944   0.73948   0.43572  -0.00192  -0.53728  -1.14644  -1.81372  -2.52955  -3.28923  -4.08541  -4.91501  -5.77476  -6.66103  -7.57273  -8.50766  -9.46373 -10.43992 -11.43536 -12.44794 -13.47751
 318.47914    0.84065   0.74058   0.43666  -0.00113  -0.53666  -1.14593  -1.81333  -2.52928  -3.28907  -4.08535  -4.91505  -5.77489  -6.66124  -7.57302  -8.50803  -9.46417 -10.44042 -11.43592 -12.44856 -13.47819
 318.63772    0.84190   0.74170   0.43764  -0.00032  -0.53600  -1.14537  -1.81290  -2.52895  -3.28884  -4.08522  -4.91500  -5.77493  -6.66135  -7.57321  -8.50829  -9.46449 -10.44081 -11.43637 -12.44906 -13.47874
 318.79630    0.84318   0.74287   0.43865   0.00054  -0.53529  -1.14476  -1.81240  -2.52856  -3.28855  -4.08502  -4.91488  -5.77488  -6.66138  -7.57330  -8.50844  -9.46471 -10.44108 -11.43668 -12.44942 -13.47914
 318.95489    0.84449   0.74406   0.43969   0.00143  -0.53455  -1.14410  -1.81185  -2.52811  -3.28819  -4.08474  -4.91468  -5.77475  -6.66132  -7.57330  -8.50850  -9.46482 -10.44123 -11.43687 -12.44965 -13.47941
 319.11347    0.84583   0.74529   0.44077   0.00236  -0.53376  -1.14339  -1.81125  -2.52760  -3.28776  -4.08439  -4.91440  -5.77453  -6.66116  -7.57319  -8.50844  -9.46481 -10.44126 -11.43694 -12.44975 -13.47953
 319.27205    0.84720   0.74654   0.44189   0.00333  -0.53293  -1.14264  -1.81059  -2.52702  -3.28726  -4.08396  -4.91403  -5.77423  -6.66091  -7.57299  -8.50829  -9.46469 -10.44117 -11.43688 -12.44972 -13.47952
 319.43063    0.84861   0.74784   0.44304   0.00433  -0.53206  -1.14183  -1.80987  -2.52639  -3.28670  -4.08346  -4.91359  -5.77384  -6.66057  -7.57269  -8.50802  -9.46446 -10.44097 -11.43669 -12.44955 -13.47936
 319.58921    0.85004   0.74916   0.44422   0.00537  -0.53114  -1.14097  -1.80909  -2.52570  -3.28606  -4.08289  -4.91307  -5.77336  -6.66013  -7.57229  -8.50765  -9.46411 -10.44064 -11.43637 -12.44924 -13.47906
 319.74779    0.85151   0.75052   0.44544   0.00645  -0.53019  -1.14006  -1.80826  -2.52494  -3.28536  -4.08224  -4.91247  -5.77279  -6.65960  -7.57178  -8.50717  -9.46365 -10.44019 -11.43592 -12.44879 -13.47861
 319.90638    0.85301   0.75191   0.44670   0.00757  -0.52919  -1.13910  -1.80738  -2.52412  -3.28459  -4.08152  -4.91178  -5.77213  -6.65898  -7.57118  -8.50658  -9.46307 -10.43962 -11.43534 -12.44821 -13.47802
 320.06496    0.85454   0.75333   0.44799   0.00872  -0.52814  -1.13809  -1.80643  -2.52324  -3.28374  -4.08072  -4.91101  -5.77139  -6.65826  -7.57047  -8.50588  -9.46237 -10.43892 -11.43463 -12.44749 -13.47728
 320.22354    0.85610   0.75479   0.44931   0.00991  -0.52706  -1.13703  -1.80543  -2.52230  -3.28283  -4.07984  -4.91016  -5.77055  -6.65744  -7.56966  -8.50506  -9.46156 -10.43810 -11.43379 -12.44663 -13.47639
 320.38212    0.85769   0.75628   0.45068   0.01113  -0.52593  -1.13592  -1.80437  -2.52129  -3.28185  -4.07889  -4.90923  -5.76962  -6.65653  -7.56875  -8.50414  -9.46063 -10.43715 -11.43281 -12.44563 -13.47535
 320.54070    0.85932   0.75780   0.45207   0.01239  -0.52476  -1.13475  -1.80325  -2.52022  -3.28080  -4.07786  -4.90821  -5.76861  -6.65552  -7.56773  -8.50311  -9.45958 -10.43608 -11.43170 -12.44449 -13.47417
 320.69929    0.86097   0.75935   0.45350   0.01369  -0.52355  -1.13354  -1.80208  -2.51909  -3.27968  -4.07676  -4.90711  -5.76750  -6.65441  -7.56660  -8.50196  -9.45841 -10.43488 -11.43045 -12.44320 -13.47283
 320.85787    0.86266   0.76093   0.45497   0.01503  -0.52229  -1.13228  -1.80084  -2.51790  -3.27848  -4.07557  -4.90592  -5.76630  -6.65320  -7.56538  -8.50070  -9.45713 -10.43355 -11.42906 -12.44177 -13.47134
 321.01645    0.86437   0.76255   0.45647   0.01640  -0.52099  -1.13096  -1.79955  -2.51664  -3.27722  -4.07431  -4.90465  -5.76500  -6.65190  -7.56404  -8.49933  -9.45571 -10.43209 -11.42754 -12.44019 -13.46969
 321.17503    0.86612   0.76420   0.45800   0.01781  -0.51965  -1.12959  -1.79820  -2.51531  -3.27588  -4.07297  -4.90330  -5.76362  -6.65049  -7.56260  -8.49784  -9.45418 -10.43051 -11.42588 -12.43847 -13.46790
 321.33361    0.86790   0.76588   0.45957   0.01926  -0.51827  -1.12817  -1.79679  -2.51393  -3.27447  -4.07156  -4.90185  -5.76214  -6.64899  -7.56105  -8.49624  -9.45253 -10.42879 -11.42408 -12.43660 -13.46594
 321.49219    0.86971   0.76759   0.46118   0.02074  -0.51684  -1.12670  -1.79532  -2.51248  -3.27299  -4.07006  -4.90033  -5.76057  -6.64738  -7.55939  -8.49452  -9.45075 -10.42694 -11.42214 -12.43459 -13.46383
 321.65078    0.87154   0.76934   0.46281   0.02226  -0.51537  -1.12518  -1.79380  -2.51096  -3.27143  -4.06848  -4.89871  -5.75890  -6.64568  -7.55763  -8.49268  -9.44885 -10.42496 -11.42006 -12.43242 -13.46156
 321.80936    0.87341   0.77111   0.46449   0.02382  -0.51385  -1.12360  -1.79221  -2.50938  -3.26981  -4.06683  -4.89701  -5.75714  -6.64387  -7.55575  -8.49073  -9.44682 -10.42285 -11.41784 -12.43011 -13.45914
 321.96794    0.87531   0.77292   0.46620   0.02541  -0.51230  -1.12197  -1.79057  -2.50774  -3.26811  -4.06509  -4.89522  -5.75528  -6.64196  -7.55376  -8.48866  -9.44467 -10.42060 -11.41548 -12.42764 -13.45655
 322.12652    0.87724   0.77476   0.46794   0.02704  -0.51070  -1.12029  -1.78886  -2.50603  -3.26633  -4.06327  -4.89335  -5.75332  -6.63995  -7.55167  -8.48647  -9.44239 -10.41822 -11.41297 -12.42503 -13.45381
 322.28510    0.87920   0.77664   0.46972   0.02871  -0.50906  -1.11856  -1.78710  -2.50425  -3.26449  -4.06137  -4.89138  -5.75127  -6.63783  -7.54946  -8.48416  -9.43998 -10.41571 -11.41032 -12.42226 -13.45090
 322.44369    0.88119   0.77854   0.47153   0.03041  -0.50737  -1.11678  -1.78528  -2.50241  -3.26256  -4.05940  -4.88933  -5.74913  -6.63561  -7.54715  -8.48173  -9.43745 -10.41305 -11.40752 -12.41933 -13.44783
 322.60227    0.88321   0.78047   0.47337   0.03215  -0.50564  -1.11494  -1.78339  -2.50051  -3.26057  -4.05734  -4.88719  -5.74688  -6.63329  -7.54471  -8.47918  -9.43479 -10.41027 -11.40458 -12.41626 -13.44460
 322.76085    0.88526   0.78244   0.47525   0.03392  -0.50387  -1.11305  -1.78145  -2.49853  -3.25850  -4.05519  -4.88496  -5.74454  -6.63086  -7.54217  -8.47651  -9.43199 -10.40734 -11.40149 -12.41303 -13.44120
 322.91943    0.88733   0.78444   0.47717   0.03573  -0.50206  -1.11111  -1.77944  -2.49650  -3.25635  -4.05297  -4.88263  -5.74210  -6.62833  -7.53952  -8.47372  -9.42907 -10.40428 -11.39825 -12.40964 -13.43764
 323.07801    0.88944   0.78647   0.47912   0.03758  -0.50020  -1.10911  -1.77738  -2.49439  -3.25413  -4.05066  -4.88022  -5.73956  -6.62569  -7.53675  -8.47081  -9.42602 -10.40107 -11.39487 -12.40609 -13.43391
 323.23659    0.89158   0.78853   0.48110   0.03947  -0.49830  -1.10707  -1.77525  -2.49222  -3.25183  -4.04827  -4.87772  -5.73692  -6.62295  -7.53386  -8.46777  -9.42284 -10.39773 -11.39133 -12.40239 -13.43002
 323.39518    0.89375   0.79062   0.48312   0.04139  -0.49635  -1.10497  -1.77307  -2.48998  -3.24946  -4.04580  -4.87513  -5.73419  -6.62010  -7.53086  -8.46461  -9.41952 -10.39425 -11.38765 -12.39853 -13.42596
 323.55376    0.89594   0.79274   0.48517   0.04335  -0.49436  -1.10281  -1.77082  -2.48768  -3.24701  -4.04325  -4.87245  -5.73135  -6.61714  -7.52775  -8.46132  -9.41608 -10.39062 -11.38381 -12.39451 -13.42172
 323.71234    0.89817   0.79490   0.48725   0.04534  -0.49233  -1.10060  -1.76851  -2.48530  -3.24449  -4.04061  -4.86967  -5.72841  -6.61407  -7.52452  -8.45791  -9.41250 -10.38686 -11.37982 -12.39033 -13.41732
 323.87092    0.90043   0.79708   0.48937   0.04737  -0.49026  -1.09834  -1.76614  -2.48286  -3.24189  -4.03788  -4.86680  -5.72537  -6.61090  -7.52117  -8.45437  -9.40878 -10.38295 -11.37568 -12.38599 -13.41275
 324.02950    0.90271   0.79930   0.49153   0.04944  -0.48814  -1.09603  -1.76371  -2.48035  -3.23921  -4.03507  -4.86384  -5.72223  -6.60762  -7.51770  -8.45071  -9.40493 -10.37890 -11.37139 -12.38148 -13.40800
 324.18809    0.90503   0.80154   0.49371   0.05154  -0.48598  -1.09366  -1.76121  -2.47778  -3.23645  -4.03218  -4.86079  -5.71899  -6.60422  -7.51412  -8.44692  -9.40095 -10.37470 -11.36694 -12.37682 -13.40308
 324.34667    0.90737   0.80382   0.49593   0.05368  -0.48377  -1.09124  -1.75866  -2.47513  -3.23362  -4.02920  -4.85764  -5.71565  -6.60072  -7.51042  -8.44300  -9.39683 -10.37036 -11.36234 -12.37199 -13.39799
 324.50525    0.90974   0.80613   0.49819   0.05585  -0.48153  -1.08876  -1.75604  -2.47242  -3.23071  -4.02614  -4.85440  -5.71220  -6.59711  -7.50660  -8.43895  -9.39257 -10.36587 -11.35758 -12.36699 -13.39273
 324.66383    0.91214   0.80847   0.50048   0.05806  -0.47923  -1.08623  -1.75336  -2.46964  -3.22772  -4.02299  -4.85107  -5.70865  -6.59339  -7.50266  -8.43478  -9.38818 -10.36124 -11.35266 -12.36183 -13.38728
 324.82241    0.91457   0.81084   0.50280   0.06031  -0.47690  -1.08365  -1.75062  -2.46679  -3.22465  -4.01975  -4.84764  -5.70499  -6.58956  -7.49860  -8.43048  -9.38364 -10.35646 -11.34759 -12.35650 -13.38167
 324.98099    0.91703   0.81324   0.50516   0.06259  -0.47452  -1.08101  -1.74781  -2.46388  -3.22151  -4.01643  -4.84412  -5.70124  -6.58561  -7.49442  -8.42604  -9.37897 -10.35153 -11.34236 -12.35101 -13.37587
 325.13958    0.91952   0.81567   0.50755   0.06491  -0.47210  -1.07832  -1.74494  -2.46089  -3.21829  -4.01302  -4.84050  -5.69737  -6.58155  -7.49012  -8.42148  -9.37416 -10.34646 -11.33697 -12.34534 -13.36990
 325.29816    0.92203   0.81813   0.50997   0.06726  -0.46963  -1.07558  -1.74201  -2.45783  -3.21498  -4.00953  -4.83678  -5.69341  -6.57738  -7.48570  -8.41678  -9.36921 -10.34123 -11.33142 -12.33951 -13.36374
 325.45674    0.92458   0.82063   0.51243   0.06965  -0.46712  -1.07278  -1.73902  -2.45471  -3.21160  -4.00595  -4.83297  -5.68934  -6.57310  -7.48115  -8.41196  -9.36412 -10.33586 -11.32571 -12.33351 -13.35741
 325.61532    0.92715   0.82315   0.51492   0.07208  -0.46457  -1.06992  -1.73596  -2.45151  -3.20814  -4.00228  -4.82907  -5.68516  -6.56871  -7.47649  -8.40700  -9.35889 -10.33033 -11.31984 -12.32734 -13.35090
 325.77390    0.92975   0.82570   0.51745   0.07454  -0.46197  -1.06701  -1.73284  -2.44825  -3.20460  -3.99852  -4.82507  -5.68087  -6.56420  -7.47170  -8.40191  -9.35352 -10.32466 -11.31381 -12.32100 -13.34420
 325.93249    0.93238   0.82828   0.52001   0.07704  -0.45933  -1.06405  -1.72966  -2.44491  -3.20097  -3.99467  -4.82097  -5.67648  -6.55957  -7.46678  -8.39668  -9.34800 -10.31883 -11.30761 -12.31448 -13.33732
 326.09107    0.93504   0.83090   0.52260   0.07957  -0.45665  -1.06103  -1.72641  -2.44150  -3.19727  -3.99074  -4.81677  -5.67199  -6.55483  -7.46174  -8.39132  -9.34234 -10.31285 -11.30126 -12.30779 -13.33026
 326.24965    0.93773   0.83354   0.52522   0.08214  -0.45392  -1.05796  -1.72310  -2.43803  -3.19349  -3.98671  -4.81248  -5.66738  -6.54998  -7.45658  -8.38583  -9.33654 -10.30671 -11.29473 -12.30093 -13.32302
 326.40823    0.94044   0.83621   0.52788   0.08475  -0.45115  -1.05483  -1.71973  -2.43448  -3.18963  -3.98260  -4.80808  -5.66267  -6.54501  -7.45129  -8.38020  -9.33060 -10.30043 -11.28805 -12.29390 -13.31559
 326.56681    0.94318   0.83892   0.53057   0.08739  -0.44833  -1.05164  -1.71629  -2.43087  -3.18568  -3.97840  -4.80359  -5.65785  -6.53992  -7.44588  -8.37444  -9.32450 -10.29398 -11.28119 -12.28669 -13.30797
 326.72539    0.94595   0.84165   0.53330   0.09007  -0.44547  -1.04840  -1.71278  -2.42718  -3.18166  -3.97411  -4.79901  -5.65292  -6.53472  -7.44034  -8.36854  -9.31827 -10.28739 -11.27417 -12.27930 -13.30017
 326.88398    0.94875   0.84441   0.53606   0.09278  -0.44257  -1.04511  -1.70922  -2.42342  -3.17755  -3.96972  -4.79432  -5.64788  -6.52940  -7.43468  -8.36250  -9.31189 -10.28063 -11.26699 -12.27173 -13.29217
 327.04256    0.95158   0.84721   0.53885   0.09553  -0.43962  -1.04176  -1.70559  -2.41959  -3.17336  -3.96525  -4.78953  -5.64273  -6.52396  -7.42888  -8.35633  -9.30536 -10.27372 -11.25964 -12.26399 -13.28399

# Minimas
 312.66918    0.81775 
 313.33181    0.72235 
 314.26006    0.42388 
 315.09943   -0.00968 
 316.05556   -0.54153 
 316.74074   -1.14884 
 317.28448   -1.81487 
 317.67559   -2.53004 
 318.01243   -3.28936 
 318.26732   -4.08542 
 318.46867   -4.91505 
 318.63259   -5.77493 
 318.76325   -6.66138 
 318.86857   -7.57331 
 318.95513   -8.50850 
 319.02446   -9.46483 
 319.07809  -10.44126 
 319.11612  -11.43694 
 319.15076  -12.44976 
 319.17512  -13.47955 

