        0.000000000000000       312.669179989374072
       10.000000000000000       312.674929396522032
       20.000000000000000       312.706994819476620
       30.000000000000000       312.761194807741845
       40.000000000000000       312.833628364031540
       50.000000000000000       312.893896656566142
       60.000000000000000       312.977185767734170
       70.000000000000000       313.049851001745424
       80.000000000000000       313.145056399888858
       90.000000000000000       313.245249105350013
      100.000000000000000       313.331806200279743
      110.000000000000000       313.428838245558666
      120.000000000000000       313.511023347928926
      130.000000000000000       313.569761318731139
      140.000000000000000       313.671738646119877
      150.000000000000000       313.790954169198699
      160.000000000000000       313.884425898846303
      170.000000000000000       313.947541892955940
      180.000000000000000       314.067309187857575
      190.000000000000000       314.156649776010624
      200.000000000000000       314.260056004830062
      210.000000000000000       314.360058503323614
      220.000000000000000       314.388209188186238
      230.000000000000000       314.506664244077456
      240.000000000000000       314.642111487137242
      250.000000000000000       314.756452532784976
      260.000000000000000       314.756903859916576
      270.000000000000000       314.842496479248894
      280.000000000000000       314.938054173270245
      290.000000000000000       315.015060543255004
      300.000000000000000       315.099426194556941
      310.000000000000000       315.189095422234629
      320.000000000000000       315.253078174818484
      330.000000000000000       315.339706401976684
      340.000000000000000       315.419029489262130
      350.000000000000000       315.502274545544708
      360.000000000000000       315.586592126602000
      370.000000000000000       315.635413251578370
      380.000000000000000       315.777015077625606
      390.000000000000000       315.914137951841155
      400.000000000000000       316.055561778679646
      410.000000000000000       316.018468629624181
      420.000000000000000       316.135095688162494
      430.000000000000000       316.153894120837663
      440.000000000000000       316.212472230126593
      450.000000000000000       316.390501934057227
      460.000000000000000       316.520255225068695
      470.000000000000000       316.572117955012232
      480.000000000000000       316.561462999834703
      490.000000000000000       316.697943499933558
      500.000000000000000       316.740741288167385
      510.000000000000000       316.813202584739543
      520.000000000000000       316.872184966464147
      530.000000000000000       316.939321995702528
      540.000000000000000       316.973668552589288
      550.000000000000000       317.034302795652479
      560.000000000000000       317.086614368372125
      570.000000000000000       317.117530475392527
      580.000000000000000       317.179080560504019
      590.000000000000000       317.237101607144382
      600.000000000000000       317.284481751885551
      610.000000000000000       317.311622859884096
      620.000000000000000       317.371062690976146
      630.000000000000000       317.402585199874352
      640.000000000000000       317.447694715338230
      650.000000000000000       317.482547876824242
      660.000000000000000       317.546091148000187
      670.000000000000000       317.564367728459899
      680.000000000000000       317.603474869867568
      690.000000000000000       317.645212952979875
      700.000000000000000       317.675594125856662
      710.000000000000000       317.726080977581148
      720.000000000000000       317.758872183758967
      730.000000000000000       317.787239425545920
      740.000000000000000       317.828957129520006
      750.000000000000000       317.855132963050039
      760.000000000000000       317.900506073113888
      770.000000000000000       317.914795472598371
      780.000000000000000       317.948848006607079
      790.000000000000000       317.977994425469717
      800.000000000000000       318.012433919114017
      810.000000000000000       318.040630105651644
      820.000000000000000       318.068885754895689
      830.000000000000000       318.097256741990066
      840.000000000000000       318.119134538727167
      850.000000000000000       318.144989545604574
      860.000000000000000       318.176191252557260
      870.000000000000000       318.194783976734413
      880.000000000000000       318.226189044425269
      890.000000000000000       318.247181314100771
      900.000000000000000       318.267321506473138
      910.000000000000000       318.290511960970889
      920.000000000000000       318.314773182795477
      930.000000000000000       318.335320197168414
      940.000000000000000       318.355551043901073
      950.000000000000000       318.371781064768982
      960.000000000000000       318.395996329803211
      970.000000000000000       318.420315391957786
      980.000000000000000       318.435679049094688
      990.000000000000000       318.456930470294594
     1000.000000000000000       318.468671058322400
     1010.000000000000000       318.487203356276211
     1020.000000000000000       318.508596003054151
     1030.000000000000000       318.522043359668203
     1040.000000000000000       318.540919613822382
     1050.000000000000000       318.560491389567119
     1060.000000000000000       318.568887453294849
     1070.000000000000000       318.590976101426747
     1080.000000000000000       318.606237278494973
     1090.000000000000000       318.622372533639123
     1100.000000000000000       318.632592595658082
     1110.000000000000000       318.651231470158280
     1120.000000000000000       318.664374535311936
     1130.000000000000000       318.680710697557686
     1140.000000000000000       318.691043179658550
     1150.000000000000000       318.696450944677395
     1160.000000000000000       318.715716814222958
     1170.000000000000000       318.727688744121224
     1180.000000000000000       318.739008274476475
     1190.000000000000000       318.748340684882407
     1200.000000000000000       318.763246710127589
     1210.000000000000000       318.775580372436593
     1220.000000000000000       318.783268552812444
     1230.000000000000000       318.802162932461613
     1240.000000000000000       318.808306660620701
     1250.000000000000000       318.814684191148388
     1260.000000000000000       318.834818804377903
     1270.000000000000000       318.844452852948905
     1280.000000000000000       318.849040857294654
     1290.000000000000000       318.861635758909188
     1300.000000000000000       318.868572293577074
     1310.000000000000000       318.874172105921332
     1320.000000000000000       318.883478547627305
     1330.000000000000000       318.901009387988381
     1340.000000000000000       318.905425426517354
     1350.000000000000000       318.911240362923763
     1360.000000000000000       318.926061881950773
     1370.000000000000000       318.934630918947107
     1380.000000000000000       318.939421505286134
     1390.000000000000000       318.946328392075884
     1400.000000000000000       318.955128325089902
     1410.000000000000000       318.957445663409260
     1420.000000000000000       318.972424076908226
     1430.000000000000000       318.976947553094590
     1440.000000000000000       318.978464985530763
     1450.000000000000000       318.990568540613594
     1460.000000000000000       318.996982207029134
     1470.000000000000000       319.001110172349911
     1480.000000000000000       319.008436710121828
     1490.000000000000000       319.014928594704145
     1500.000000000000000       319.024458386770732
     1510.000000000000000       319.029593051774611
     1520.000000000000000       319.032598330030908
     1530.000000000000000       319.039751976268121
     1540.000000000000000       319.039397803825580
     1550.000000000000000       319.044151923520303
     1560.000000000000000       319.055682552299174
     1570.000000000000000       319.056623441669956
     1580.000000000000000       319.064524383077810
     1590.000000000000000       319.068261224437890
     1600.000000000000000       319.078087119257020
     1610.000000000000000       319.082180678247539
     1620.000000000000000       319.082363377994284
     1630.000000000000000       319.087710625545128
     1640.000000000000000       319.087252654755900
     1650.000000000000000       319.098307549386618
     1660.000000000000000       319.102064632426845
     1670.000000000000000       319.101942135352431
     1680.000000000000000       319.108167845058404
     1690.000000000000000       319.109099770452815
     1700.000000000000000       319.116120117063417
     1710.000000000000000       319.121477094362774
     1720.000000000000000       319.127943752144461
     1730.000000000000000       319.128584929621525
     1740.000000000000000       319.131948372427757
     1750.000000000000000       319.137576388546336
     1760.000000000000000       319.141121532185423
     1770.000000000000000       319.145275543039247
     1780.000000000000000       319.144358331834610
     1790.000000000000000       319.139979460255745
     1800.000000000000000       319.150762906804971
     1810.000000000000000       319.151739584643622
     1820.000000000000000       319.158875536688299
     1830.000000000000000       319.156386970693234
     1840.000000000000000       319.162885524590365
     1850.000000000000000       319.164923389223418
     1860.000000000000000       319.169252183911510
     1870.000000000000000       319.164831714824857
     1880.000000000000000       319.174804625088598
     1890.000000000000000       319.170954893087583
     1900.000000000000000       319.175124639159094
     1910.000000000000000       319.174945176491576
     1920.000000000000000       319.180906004533654
     1930.000000000000000       319.179179114771443
     1940.000000000000000       319.184898238854430
     1950.000000000000000       319.183453314296912
     1960.000000000000000       319.188059152120786
     1970.000000000000000       319.187248106064658
     1980.000000000000000       319.192637890388596
     1990.000000000000000       319.199147691438554
