# temperature   10.000000000000000
#    0.000287277487900   -0.078514950936080    8.049396217066722 -366.885425416081148 6273.468025670760653
  59.127589511600000    2.763084500000000
  60.994640776799997    1.495751400000000
  62.900587551100003    0.782094100000000
  64.845830819000000    0.525837000000000
  66.830771565299997    0.460139300000000
  68.855810774500000    0.445061300000000
  70.921349431300001    0.467130800000000
  73.027788520200005    0.563376100000000
  75.175529026000007    1.135112000000000


# temperature   20.000000000000000
#   -0.000433274859172    0.119810275202290  -12.354827019297430  563.103025119731569 -9567.216208276615362
  59.127589511600000    5.000264900000000
  60.994640776799997    5.739335700000000
  62.900587551100003    4.630829800000000
  64.845830819000000    3.841793400000000
  66.830771565299997    3.517069400000000
  68.855810774500000    3.408625500000000
  70.921349431300001    3.574308900000000
  73.027788520200005    4.263043500000000
  75.175529026000007    5.640311400000000


# temperature   30.000000000000000
#   -0.000779213434635    0.214220900566277  -21.998807027624498 1000.238514790848626 -16983.815284071242786
  59.127589511600000    6.904390600000000
  60.994640776799997    8.781815300000000
  62.900587551100003    8.096571800000000
  64.845830819000000    7.532830000000000
  66.830771565299997    7.356949000000000
  68.855810774500000    7.451128200000000
  70.921349431300001    7.955188900000000
  73.027788520200005    9.116813000000000
  75.175529026000007   10.564197200000001


# temperature   40.000000000000000
#   -0.000936774129170    0.256404520843501  -26.228256386398712 1188.642675744550388 -20129.333041662423057
  59.127589511600000    8.983556500000001
  60.994640776799997   11.453751799999999
  62.900587551100003   11.162896900000000
  64.845830819000000   10.974938600000000
  66.830771565299997   11.142871299999999
  68.855810774500000   11.620677199999999
  70.921349431300001   12.549092200000000
  73.027788520200005   14.089217500000000
  75.175529026000007   15.585478999999999


# temperature   50.000000000000000
#   -0.001008634663513    0.275131284454299  -28.056223792721198 1268.071027488066875 -21425.447022991644189
  59.127589511600000   11.343970900000000
  60.994640776799997   14.254820600000000
  62.900587551100003   14.357300000000000
  64.845830819000000   14.598227000000000
  66.830771565299997   15.193826400000001
  68.855810774500000   16.114159900000001
  70.921349431300001   17.465646899999999
  73.027788520200005   19.329893200000001
  75.175529026000007   20.916995300000000


# temperature   60.000000000000000
#   -0.001034388789185    0.281483681707056  -28.643458176888437 1292.402683145311357 -21806.709970758543932
  59.127589511600000   14.089121900000000
  60.994640776799997   17.413955399999999
  62.900587551100003   17.921394400000001
  64.845830819000000   18.596168700000000
  66.830771565299997   19.613249400000001
  68.855810774500000   20.934113199999999
  70.921349431300001   22.628598799999999
  73.027788520200005   24.725100999999999
  75.175529026000007   26.372465699999999


# temperature   70.000000000000000
#   -0.001038098986279    0.282079747902123  -28.670251317405988 1292.590375716486733 -21798.859595717556658
  59.127589511600000   17.232548000000001
  60.994640776799997   20.944897999999998
  62.900587551100003   21.828067699999998
  64.845830819000000   22.882962700000000
  66.830771565299997   24.247160000000001
  68.855810774500000   25.869087499999999
  70.921349431300001   27.791371900000001
  73.027788520200005   30.012130599999999
  75.175529026000007   31.655061600000000


# temperature   80.000000000000000
#   -0.001033539614170    0.280628642035759  -28.509164532975607 1285.168597947766557 -21675.516974163252598
  59.127589511600000   20.675905700000001
  60.994640776799997   24.720476699999999
  62.900587551100003   25.912058500000001
  64.845830819000000   27.258787099999999
  66.830771565299997   28.868380899999998
  68.855810774500000   30.679820899999999
  70.921349431300001   32.718655699999999
  73.027788520200005   34.968127299999999
  75.175529026000007   36.544580400000001


# temperature   90.000000000000000
#   -0.001027245601620    0.278842356815061  -28.326985328209794 1277.298321225470318 -21551.163267417501629
  59.127589511600000   24.267963099999999
  60.994640776799997   28.570949599999999
  62.900587551100003   29.988179700000000
  64.845830819000000   31.532261999999999
  66.830771565299997   33.288797500000001
  68.855810774500000   35.192396600000002
  70.921349431300001   37.259075099999997
  73.027788520200005   39.466303099999998
  75.175529026000007   40.931508899999997


# temperature  100.000000000000000
#   -0.001021704431503    0.277340482676562  -28.180632793475617 1271.265764243300509 -21459.805541222103784
  59.127589511600000   27.861818100000001
  60.994640776799997   32.346946899999999
  62.900587551100003   33.910135799999999
  64.845830819000000   35.568117299999997
  66.830771565299997   37.390730900000001
  68.855810774500000   39.312331800000003
  70.921349431300001   41.344189700000001
  73.027788520200005   43.462905800000001
  75.175529026000007   44.790629199999998


# temperature  110.000000000000000
#   -0.001017531953121    0.276250935587329  -28.079066437606294 1267.300756423189114 -21402.738868116608501
  59.127589511600000   31.343313200000001
  60.994640776799997   35.942434599999999
  62.900587551100003   37.584388599999997
  64.845830819000000   39.290307700000000
  66.830771565299997   41.118934299999999
  68.855810774500000   43.007060099999997
  70.921349431300001   44.963949499999998
  73.027788520200005   46.967721099999999
  75.175529026000007   48.146471400000003


# temperature  120.000000000000000
#   -0.001014627848095    0.275522178013205  -28.014702437192188 1264.969753475571451 -21371.490540177255752
  59.127589511600000   34.636858500000002
  60.994640776799997   39.294412800000003
  62.900587551100003   40.963068000000000
  64.845830819000000   42.668582499999999
  66.830771565299997   44.461818000000001
  68.855810774500000   46.283498299999998
  70.921349431300001   48.142314599999999
  73.027788520200005   50.018883400000000
  75.175529026000007   51.047314399999998


# temperature  130.000000000000000
#   -0.001012696071477    0.275060207407913  -27.976789151091388 1263.748919208750749 -21356.904862153231079
  59.127589511600000   37.700196499999997
  60.994640776799997   42.373695099999999
  62.900587551100003   44.031135599999999
  64.845830819000000   45.702905299999998
  66.830771565299997   47.434132400000003
  68.855810774500000   49.170135600000002
  70.921349431300001   50.919695300000001
  73.027788520200005   52.666168700000000
  75.175529026000007   53.549232300000000


# temperature  140.000000000000000
#   -0.001011443999738    0.274778698809120  -27.956045821013895 1263.210214867563309 -21351.868543996286462
  59.127589511600000   40.515886199999997
  60.994640776799997   45.174435400000000
  62.900587551100003   46.794490600000003
  64.845830819000000   48.410871200000003
  66.830771565299997   50.064383300000003
  68.855810774500000   51.705082200000000
  70.921349431300001   53.342079200000001
  73.027788520200005   54.961355099999999
  75.175529026000007   55.707522400000002


# temperature  150.000000000000000
#   -0.001010641664540    0.274612279133303  -27.945700417549212 1263.053379584988079 -21351.601317758191726
  59.127589511600000   43.083223900000000
  60.994640776799997   47.705382499999999
  62.900587551100003   49.270990099999999
  64.845830819000000   50.818969799999998
  66.830771565299997   52.386734400000002
  68.855810774500000   53.928919399999998
  70.921349431300001   55.454993399999999
  73.027788520200005   56.953290899999999
  75.175529026000007   57.572702000000000


# temperature  160.000000000000000
#   -0.001010124756290    0.274515555961815  -27.941201218333234 1263.084392736768905 -21353.159713194876531
  59.127589511600000   45.411863500000003
  60.994640776799997   49.983502000000001
  62.900587551100003   51.484354300000000
  64.845830819000000   52.957052699999998
  66.830771565299997   54.436235400000001
  68.855810774500000   55.880808100000003
  70.921349431300001   57.300525899999997
  73.027788520200005   58.685760299999998
  75.175529026000007   59.189065100000001


# temperature  170.000000000000000
#   -0.001009783069028    0.274458911547619  -27.939681044709769 1263.186769673915933 -21354.889273981225415
  59.127589511600000   47.517244699999999
  60.994640776799997   52.029690100000003
  62.900587551100003   53.460326000000002
  64.845830819000000   54.855081900000002
  66.830771565299997   56.246245000000002
  68.855810774500000   57.596615600000000
  70.921349431300001   58.916129300000001
  73.027788520200005   60.196884400000002
  75.175529026000007   60.594555200000002


# temperature  180.000000000000000
#   -0.001009545222344    0.274423749164761  -27.939416326304524 1263.294977475289670 -21355.951000002722139
  59.127589511600000   49.417525500000004
  60.994640776799997   53.866064600000001
  62.900587551100003   55.224404700000001
  64.845830819000000   56.541373900000004
  66.830771565299997   57.847207699999998
  68.855810774500000   59.108212199999997
  70.921349431300001   60.334394099999997
  73.027788520200005   61.519297299999998
  75.175529026000007   61.821249199999997


# temperature  190.000000000000000
#   -0.001009366458768    0.274398855968593  -27.939429128171902 1263.375598172020773 -21355.998165618144412
  59.127589511600000   51.131629599999997
  60.994640776799997   55.514354800000000
  62.900587551100003   56.800615499999999
  64.845830819000000   58.041768400000002
  66.830771565299997   59.266219100000001
  68.855810774500000   60.443405100000000
  70.921349431300001   61.583305799999998
  73.027788520200005   62.680666100000003
  75.175529026000007   62.896070999999999


# temperature  200.000000000000000
#   -0.001009219455642    0.274377742565844  -27.939204270846819 1263.414330916745257 -21354.960285421850131
  59.127589511600000   52.678071600000003
  60.994640776799997   56.995015500000001
  62.900587551100003   58.210921100000000
  64.845830819000000   59.379341400000001
  66.830771565299997   60.527023999999997
  68.855810774500000   61.626190600000001
  70.921349431300001   62.686712100000001
  73.027788520200005   63.704326999999999
  75.175529026000007   63.841545199999999


# temperature  210.000000000000000
#   -0.001009088266944    0.274356923856286  -27.938510773620898 1263.408020827083647 -21352.915374708409217
  59.127589511600000   54.074299900000000
  60.994640776799997   58.326799299999998
  62.900587551100003   59.475022199999998
  64.845830819000000   60.574423899999999
  66.830771565299997   61.650233399999998
  68.855810774500000   62.677143999999998
  70.921349431300001   63.664853100000002
  73.027788520200005   64.609919800000000
  75.175529026000007   64.676500300000001


# temperature  220.000000000000000
#   -0.001008963835090    0.274334672328083  -27.937275291753522 1263.359151842179472 -21350.004267402520782
  59.127589511600000   55.336372300000001
  60.994640776799997   59.526608099999997
  62.900587551100003   60.610375500000004
  64.845830819000000   61.644776200000003
  66.830771565299997   62.653638299999997
  68.855810774500000   63.613847300000003
  70.921349431300001   64.534879399999994
  73.027788520200005   65.413969800000004
  75.175529026000007   65.416688600000001


# temperature  230.000000000000000
#   -0.001008841444706    0.274310325956486  -27.935514033907904 1263.273022413789022 -21346.389814629204920
  59.127589511600000   56.478838600000003
  60.994640776799997   60.609507299999997
  62.900587551100003   61.632330300000000
  64.845830819000000   62.605834100000003
  66.830771565299997   63.552548299999998
  68.855810774500000   64.451304699999994
  70.921349431300001   65.311323099999996
  73.027788520200005   66.130396599999997
  75.175529026000007   66.075314000000006


# temperature  240.000000000000000
#   -0.001008718966395    0.274283818479331  -27.933287539744207 1263.155926233383525 -21342.231777343262365
  59.127589511600000   57.514746199999998
  60.994640776799997   61.588828300000003
  62.900587551100003   62.554317300000001
  64.845830819000000   63.470974400000003
  66.830771565299997   64.360121300000003
  68.855810774500000   65.202320400000005
  70.921349431300001   66.006511599999996
  73.027788520200005   66.770947800000002
  75.175529026000007   66.663473400000001


# temperature  250.000000000000000
#   -0.001008595618061    0.274255358251632  -27.930670948515544 1263.014020725176806 -21337.672545959943818
  59.127589511600000   58.455714700000001
  60.994640776799997   62.476313699999999
  62.900587551100003   63.388056599999999
  64.845830819000000   64.251775100000003
  66.830771565299997   65.087665999999999
  68.855810774500000   65.877832900000001
  70.921349431300001   66.630921099999995
  73.027788520200005   67.345563499999997
  75.175529026000007   67.190522099999995


# temperature  260.000000000000000
#   -0.001008471684508    0.274225363718933  -27.927749635285828 1262.853285395027115 -21332.839912241648562
  59.127589511600000   59.312045900000001
  60.994640776799997   63.282278800000000
  62.900587551100003   64.143761400000002
  64.845830819000000   64.958255899999997
  66.830771565299997   65.744909600000000
  68.855810774500000   66.487202100000005
  70.921349431300001   67.193476300000000
  73.027788520200005   67.862679099999994
  75.175529026000007   67.664373900000001


# temperature  270.000000000000000
#   -0.001008347557084    0.274194218993814  -27.924596806085841 1262.678662839341314 -21327.835696172445751
  59.127589511600000   60.092847999999996
  60.994640776799997   64.015771900000004
  62.900587551100003   64.830329399999997
  64.845830819000000   65.599093699999997
  66.830771565299997   66.340231599999996
  68.855810774500000   67.038454200000004
  70.921349431300001   67.701800000000006
  73.027788520200005   68.329475299999999
  75.175529026000007   68.091746799999996


# temperature  280.000000000000000
#   -0.001008223944413    0.274162339601460  -27.921281615599092 1262.494518942521609 -21322.745465208761743
  59.127589511600000   60.806161600000003
  60.994640776799997   64.684726200000000
  62.900587551100003   65.455515899999995
  64.845830819000000   66.181811600000003
  66.830771565299997   66.880863899999994
  68.855810774500000   67.538488900000004
  70.921349431300001   68.162422500000005
  73.027788520200005   68.752085800000003
  75.175529026000007   68.478364600000006


# temperature  290.000000000000000
#   -0.001008101453066    0.274130071251878  -27.917860592136595 1262.304354748245942 -21317.635555945846136
  59.127589511600000   61.459080399999998
  60.994640776799997   65.296099600000005
  62.900587551100003   66.026087000000004
  64.845830819000000   66.712943300000006
  66.830771565299997   67.373061899999996
  68.855810774500000   67.993252999999996
  70.921349431300001   68.580955099999997
  73.027788520200005   69.135767000000001
  75.175529026000007   68.829121999999998


# temperature  300.000000000000000
#   -0.001007980848091    0.274097766337922  -27.914386316883007 1262.111253857088741 -21312.561701855822321
  59.127589511600000   62.057862800000002
  60.994640776799997   65.855998799999995
  62.900587551100003   66.547954099999998
  64.845830819000000   67.198173600000004
  66.830771565299997   67.822248799999997
  68.855810774500000   68.407886399999995
  70.921349431300001   68.962234600000002
  73.027788520200005   69.485039200000003
  75.175529026000007   69.148219800000007


# temperature  310.000000000000000
#   -0.001007862564934    0.274065660225169  -27.910895995526069 1261.917430049556742 -21307.562530962182791
  59.127589511600000   62.608033599999999
  60.994640776799997   66.369789499999996
  62.900587551100003   67.026290399999993
  64.845830819000000   67.642459900000006
  66.830771565299997   68.233138499999995
  68.855810774500000   68.786844099999996
  70.921349431300001   69.310442899999998
  73.027788520200005   69.803802599999997
  75.175529026000007   69.439275899999998


# temperature  320.000000000000000
#   -0.001007747034817    0.274033964040769  -27.907421510238709 1261.724715936101347 -21302.668429510380520
  59.127589511600000   63.114474199999997
  60.994640776799997   66.842193499999993
  62.900587551100003   67.465631500000001
  64.845830819000000   68.050134400000005
  66.830771565299997   68.609838999999994
  68.855810774500000   69.133998700000006
  70.921349431300001   69.629207399999999
  73.027788520200005   70.095433799999995
  75.175529026000007   69.705417699999998


# temperature  330.000000000000000
#   -0.001007634644437    0.274002858650051  -27.903989443245724 1261.534598190160523 -21297.902710482609109
  59.127589511600000   63.581502600000000
  60.994640776799997   67.277372299999996
  62.900587551100003   67.869961900000007
  64.845830819000000   68.424991899999995
  66.830771565299997   68.955939099999995
  68.855810774500000   69.452725799999996
  70.921349431300001   69.921683900000005
  73.027788520200005   70.362865200000002
  75.175529026000007   69.949357399999997


# temperature  340.000000000000000
#   -0.001007525645359    0.273972472793227  -27.900619245035866 1261.348156920524389 -21293.280950191736338
  59.127589511600000   64.012944000000005
  60.994640776799997   67.679000200000004
  62.900587551100003   68.242789599999995
  64.845830819000000   68.770364499999999
  66.830771565299997   69.274583100000001
  68.855810774500000   69.745976799999994
  70.921349431300001   70.190626399999999
  73.027788520200005   70.608652100000000
  75.175529026000007   70.173454800000002


# temperature  350.000000000000000
#   -0.001007420234421    0.273942909008432  -27.897326342567595 1261.166229006908225 -21288.814093983921339
  59.127589511600000   64.412192099999999
  60.994640776799997   68.050327499999995
  62.900587551100003   68.587209099999995
  64.845830819000000   69.089184900000006
  66.830771565299997   69.568532099999999
  68.855810774500000   70.016338899999994
  70.921349431300001   70.438445099999996
  73.027788520200005   70.835027800000006
  75.175529026000007   70.379770300000004


# temperature  360.000000000000000
#   -0.001007318498285    0.273914229968315  -27.894120964109689 1260.989367211129093 -21284.507946679339511
  59.127589511600000   64.782262900000006
  60.994640776799997   68.394234600000004
  62.900587551100003   68.905956700000004
  64.845830819000000   69.384040499999998
  66.830771565299997   69.840217800000005
  68.855810774500000   70.266086200000004
  70.921349431300001   70.667255999999995
  73.027788520200005   71.043950100000004
  75.175529026000007   70.570108000000005


# temperature  370.000000000000000
#   -0.001007220372524    0.273886450155558  -27.891007615291386 1260.817832088339628 -21280.363258785084327
  59.127589511600000   65.125840999999994
  60.994640776799997   68.713279499999999
  62.900587551100003   69.201456699999994
  64.845830819000000   69.657219400000002
  66.830771565299997   70.091786600000006
  68.855810774500000   70.497223700000006
  70.921349431300001   70.878921199999994
  73.027788520200005   71.237140100000005
  75.175529026000007   70.746052399999996


# temperature  380.000000000000000
#   -0.001007126013391    0.273859636632099  -27.887995326090685 1260.652054610738787 -21276.383501920459821
  59.127589511600000   65.445320499999994
  60.994640776799997   69.009738200000001
  62.900587551100003   69.475861899999998
  64.845830819000000   69.910749699999997
  66.830771565299997   70.325138100000004
  68.855810774500000   70.711522599999995
  70.921349431300001   71.075084700000005
  73.027788520200005   71.416115500000004
  75.175529026000007   70.908999300000005


# temperature  390.000000000000000
#   -0.001007035414397    0.273833807833924  -27.885087693888202 1260.492202902166355 -21272.567791589041008
  59.127589511600000   65.742840200000003
  60.994640776799997   69.285639900000007
  62.900587551100003   69.731088200000002
  64.845830819000000   70.146433299999998
  66.830771565299997   70.541957499999995
  68.855810774500000   70.910552699999997
  70.921349431300001   71.257200999999995
  73.027788520200005   71.582218100000006
  75.175529026000007   71.060181600000007


# temperature  400.000000000000000
#   -0.001006948364731    0.273808923131068  -27.882281922509986 1260.338143466516158 -21268.910273634755868
  59.127589511600000   66.020314400000004
  60.994640776799997   69.542797100000001
  62.900587551100003   69.968844099999998
  64.845830819000000   70.365874700000006
  66.830771565299997   70.743743400000000
  68.855810774500000   71.095708000000002
  70.921349431300001   71.426560800000004
  73.027788520200005   71.736637099999996
  75.175529026000007   71.200691500000005


# temperature  410.000000000000000
#   -0.001006864855377    0.273784992320681  -27.879579883282524 1260.189936881425410 -21265.408406935286621
  59.127589511600000   66.279459099999997
  60.994640776799997   69.782831999999999
  62.900587551100003   70.190656200000006
  64.845830819000000   70.570505600000004
  66.830771565299997   70.931831200000005
  68.855810774500000   71.268229599999998
  70.921349431300001   71.584312199999999
  73.027788520200005   71.880429399999997
  75.175529026000007   71.331498800000006


# temperature  420.000000000000000
#   -0.001006784923152    0.273762035625800  -27.876984295685475 1260.047676471747309 -21262.060390950737201
  59.127589511600000   66.521815799999999
  60.994640776799997   70.007199600000007
  62.900587551100003   70.397891900000005
  64.845830819000000   70.761606499999999
  66.830771565299997   71.107414100000000
  68.855810774500000   71.429224899999994
  70.921349431300001   71.731478499999994
  73.027788520200005   72.014536699999994
  75.175529026000007   71.453466800000001


# temperature  430.000000000000000
#   -0.001006708266973    0.273739978962267  -27.874488042871945 1259.911005095628525 -21258.856968375224824
  59.127589511600000   66.748771599999998
  60.994640776799997   70.217206700000006
  62.900587551100003   70.591777600000000
  64.845830819000000   70.940325000000001
  66.830771565299997   71.271559999999994
  68.855810774500000   71.579684599999993
  70.921349431300001   71.868974399999999
  73.027788520200005   72.139799800000006
  75.175529026000007   71.567366100000001


# temperature  440.000000000000000
#   -0.001006634940419    0.273718843303519  -27.872093547083892 1259.779993874755064 -21255.796306942476804
  59.127589511600000   66.961576300000004
  60.994640776799997   70.414029900000003
  62.900587551100003   70.773416299999994
  64.845830819000000   71.107691500000001
  66.830771565299997   71.425227199999995
  68.855810774500000   71.720496499999996
  70.921349431300001   71.997619000000000
  73.027788520200005   72.256971300000004
  75.175529026000007   71.673885900000002


# temperature  450.000000000000000
#   -0.001006564614224    0.273698544039223  -27.869792347700379 1259.654220223086668 -21252.868404358101543
  59.127589511600000   67.161358899999996
  60.994640776799997   70.598730000000003
  62.900587551100003   70.943801100000002
  64.845830819000000   71.264633300000000
  66.830771565299997   71.569277099999994
  68.855810774500000   71.852458100000007
  70.921349431300001   72.118147600000000
  73.027788520200005   72.366726200000002
  75.175529026000007   71.773644200000007


# temperature  460.000000000000000
#   -0.001006497318764    0.273679092498711  -27.867585571332423 1259.533689753884801 -21250.070603761825623
  59.127589511600000   67.349140100000000
  60.994640776799997   70.772265399999995
  62.900587551100003   71.103828399999998
  64.845830819000000   71.411986200000001
  66.830771565299997   71.704485399999996
  68.855810774500000   71.976287200000002
  70.921349431300001   72.231221599999998
  73.027788520200005   72.469671300000002
  75.175529026000007   71.867196100000001


# temperature  470.000000000000000
#   -0.001006432948785    0.273660463284163  -27.865470635455655 1259.418245064986877 -21247.397738608950021
  59.127589511600000   67.525844699999993
  60.994640776799997   70.935503400000002
  62.900587551100003   71.254308600000002
  64.845830819000000   71.550505299999998
  66.830771565299997   71.831552299999998
  68.855810774500000   72.092631100000006
  70.921349431300001   72.337436900000000
  73.027788520200005   72.566353300000003
  75.175529026000007   71.955041600000001


# temperature  480.000000000000000
#   -0.001006371347479    0.273642614929744  -27.863443135613508 1259.307641407466690 -21244.843241590497200
  59.127589511600000   67.692311900000007
  60.994640776799997   71.089229900000007
  62.900587551100003   71.395975399999998
  64.845830819000000   71.680873800000001
  66.830771565299997   71.951110999999997
  68.855810774500000   72.202074699999997
  70.921349431300001   72.437331999999998
  73.027788520200005   72.657265699999996
  75.175529026000007   72.037631599999997


# temperature  490.000000000000000
#   -0.001006312308530    0.273625493708550  -27.861497554605251 1259.201592498617174 -21242.400127092183538
  59.127589511600000   67.849304200000006
  60.994640776799997   71.234158699999995
  62.900587551100003   71.529494600000007
  64.845830819000000   71.803710899999999
  66.830771565299997   72.063734999999994
  68.855810774500000   72.305147599999998
  70.921349431300001   72.531393699999995
  73.027788520200005   72.742854399999999
  75.175529026000007   72.115373800000000


# temperature  500.000000000000000
#   -0.001006255803077    0.273609091368240  -27.859632735511003 1259.099999416519950 -21240.064543329917797
  59.127589511600000   67.997515899999996
  60.994640776799997   71.370938899999999
  62.900587551100003   71.655470899999997
  64.845830819000000   71.919578900000005
  66.830771565299997   72.169944599999994
  68.855810774500000   72.402330000000006
  70.921349431300001   72.620063599999995
  73.027788520200005   72.823523899999998
  75.175529026000007   72.188637400000005


# temperature  510.000000000000000
#   -0.001006201759679    0.273593389550985  -27.857846655620968 1259.002733715460408 -21237.832412742762244
  59.127589511600000   68.137579799999997
  60.994640776799997   71.500161700000007
  62.900587551100003   71.774455099999997
  64.845830819000000   72.028989199999998
  66.830771565299997   72.270212799999996
  68.855810774500000   72.494057999999995
  70.921349431300001   72.703742399999996
  73.027788520200005   72.899641099999997
  75.175529026000007   72.257757499999997


# temperature  520.000000000000000
#   -0.001006149915173    0.273578316986368  -27.856131852288772 1258.909421537038270 -21235.695626194472425
  59.127589511600000   68.270073499999995
  60.994640776799997   71.622366299999996
  62.900587551100003   71.886948799999999
  64.845830819000000   72.132407799999996
  66.830771565299997   72.364970299999996
  68.855810774500000   72.580728699999995
  70.921349431300001   72.782794699999997
  73.027788520200005   72.971539399999997
  75.175529026000007   72.323038400000002


# temperature  530.000000000000000
#   -0.001006100312130    0.273563884645792  -27.854489147307667 1258.820060778856487 -21233.652405659860960
  59.127589511600000   68.395525300000003
  60.994640776799997   71.738045600000007
  62.900587551100003   71.993410400000002
  64.845830819000000   72.230259700000005
  66.830771565299997   72.454609800000000
  68.855810774500000   72.662704000000005
  70.921349431300001   72.857552699999999
  73.027788520200005   73.039522800000000
  75.175529026000007   72.384757399999998


# temperature  540.000000000000000
#   -0.001006052749850    0.273550037797875  -27.852912738616993 1258.734355184092919 -21231.696174205892021
  59.127589511600000   68.514418899999995
  60.994640776799997   71.847650299999998
  62.900587551100003   72.094258699999997
  64.845830819000000   72.322933399999997
  66.830771565299997   72.539490000000001
  68.855810774500000   72.740314100000006
  70.921349431300001   72.928319500000001
  73.027788520200005   73.103868399999996
  75.175529026000007   72.443167299999999


# temperature  550.000000000000000
#   -0.001006007145448    0.273536753748304  -27.851400097215333 1258.652158518947317 -21229.823005548514629
  59.127589511600000   68.627197499999994
  60.994640776799997   71.951593399999993
  62.900587551100003   72.189877300000006
  64.845830819000000   72.410784399999997
  66.830771565299997   72.619938899999994
  68.855810774500000   72.813861099999997
  70.921349431300001   72.995372099999997
  73.027788520200005   73.164829400000002
  75.175529026000007   72.498499100000004


# temperature  560.000000000000000
#   -0.001005963515712    0.273524035752527  -27.849951232032513 1258.573436142691662 -21228.030880934064044
  59.127589511600000   68.734268200000002
  60.994640776799997   72.050253900000001
  62.900587551100003   72.280618099999998
  64.845830819000000   72.494138500000005
  66.830771565299997   72.696257200000005
  68.855810774500000   72.883621500000004
  70.921349431300001   73.058964300000000
  73.027788520200005   73.222637599999999
  75.175529026000007   72.550963899999999


# temperature  570.000000000000000
#   -0.001005921571886    0.273511805353999  -27.848557986359943 1258.497793001073433 -21226.311895223156171
  59.127589511600000   68.836005200000002
  60.994640776799997   72.143979700000003
  62.900587551100003   72.366803899999994
  64.845830819000000   72.573294700000005
  66.830771565299997   72.768720599999995
  68.855810774500000   72.949848900000006
  70.921349431300001   73.119328300000006
  73.027788520200005   73.277505300000001
  75.175529026000007   72.600755300000003


# temperature  580.000000000000000
#   -0.001005881419808    0.273500089966633  -27.847222842614364 1258.425309502802065 -21224.666152990244882
  59.127589511600000   68.932752800000003
  60.994640776799997   72.233091299999998
  62.900587551100003   72.448731699999996
  64.845830819000000   72.648527900000005
  66.830771565299997   72.837582299999994
  68.855810774500000   73.012776299999999
  70.921349431300001   73.176677699999999
  73.027788520200005   73.329627500000001
  75.175529026000007   72.648050900000001


# temperature  590.000000000000000
#   -0.001005842827753    0.273488826189696  -27.845939152325442 1258.355660201679029 -21223.087063868020778
  59.127589511600000   69.024828499999998
  60.994640776799997   72.317883499999994
  62.900587551100003   72.526674900000003
  64.845830819000000   72.720090799999994
  66.830771565299997   72.903075400000006
  68.855810774500000   73.072617699999995
  70.921349431300001   73.231208600000002
  73.027788520200005   73.379183100000006
  75.175529026000007   72.693013800000003


# temperature  600.000000000000000
#   -0.001005805818459    0.273478018919380  -27.844707134214989 1258.288826976428027 -21221.573233202845586
  59.127589511600000   69.112525000000005
  60.994640776799997   72.398628299999999
  62.900587551100003   72.600885399999996
  64.845830819000000   72.788216399999996
  66.830771565299997   72.965414300000006
  68.855810774500000   73.129570400000006
  70.921349431300001   73.283101599999995
  73.027788520200005   73.426337099999998
  75.175529026000007   72.735794200000001


# temperature  610.000000000000000
#   -0.001005770211294    0.273467618709609  -27.843521587722371 1258.224553312230682 -21220.119391492335126
  59.127589511600000   69.196112799999995
  60.994640776799997   72.475576799999999
  62.900587551100003   72.671595800000006
  64.845830819000000   72.853119800000002
  66.830771565299997   73.024797100000001
  68.855810774500000   73.183816199999995
  70.921349431300001   73.332523100000003
  73.027788520200005   73.471241300000003
  75.175529026000007   72.776530300000005


# temperature  620.000000000000000
#   -0.001005736076714    0.273457643716251  -27.842384125003601 1258.162887866859364 -21218.725421386490780
  59.127589511600000   69.275841999999997
  60.994640776799997   72.548961199999994
  62.900587551100003   72.739021100000002
  64.845830819000000   72.914999399999999
  66.830771565299997   73.081406400000006
  68.855810774500000   73.235522700000004
  70.921349431300001   73.379626700000003
  73.027788520200005   73.514035800000002
  75.175529026000007   72.815349699999999


# temperature  630.000000000000000
#   -0.001005703279148    0.273448055950621  -27.841290645700365 1258.103622654420633 -21217.386932813649764
  59.127589511600000   69.351944300000000
  60.994640776799997   72.618996400000000
  62.900587551100003   72.803359900000004
  64.845830819000000   72.974038899999996
  66.830771565299997   73.135411099999999
  68.855810774500000   73.284845200000007
  70.921349431300001   73.424554299999997
  73.027788520200005   73.554850099999996
  75.175529026000007   72.852370199999996


# temperature  640.000000000000000
#   -0.001005671700051    0.273438822521159  -27.840237622706073 1258.046578827348412 -21216.100117123864038
  59.127589511600000   69.424634299999994
  60.994640776799997   72.685881300000005
  62.900587551100003   72.864796299999995
  64.845830819000000   73.030408199999997
  66.830771565299997   73.186967600000003
  68.855810774500000   73.331927100000001
  70.921349431300001   73.467437200000006
  73.027788520200005   73.593803800000003
  75.175529026000007   72.887700699999996


# temperature  650.000000000000000
#   -0.001005641420331    0.273429964424595  -27.839226980786645 1257.991822781044903 -21214.865323444191745
  59.127589511600000   69.494111000000004
  60.994640776799997   72.749800500000006
  62.900587551100003   72.923501099999996
  64.845830819000000   73.084264700000006
  66.830771565299997   73.236220700000004
  68.855810774500000   73.376901300000000
  70.921349431300001   73.508397000000002
  73.027788520200005   73.631007900000000
  75.175529026000007   72.921442200000001


# temperature  660.000000000000000
#   -0.001005612189169    0.273421413078241  -27.838251604408857 1257.939017215571312 -21213.676187880479119
  59.127589511600000   69.560559600000005
  60.994640776799997   72.810925400000002
  62.900587551100003   72.979632600000002
  64.845830819000000   73.135754800000001
  66.830771565299997   73.283304900000005
  68.855810774500000   73.419891100000001
  70.921349431300001   73.547546299999993
  73.027788520200005   73.666565000000006
  75.175529026000007   72.953688000000000


# temperature  670.000000000000000
#   -0.001005584093966    0.273413191242305  -27.837313609435299 1257.888239020674291 -21212.533324322266708
  59.127589511600000   69.624151900000001
  60.994640776799997   72.869415200000006
  62.900587551100003   73.033338000000001
  64.845830819000000   73.185014199999998
  66.830771565299997   73.328344799999996
  68.855810774500000   73.461010799999997
  70.921349431300001   73.584989800000002
  73.027788520200005   73.700570600000006
  75.175529026000007   72.984525000000005


# temperature  680.000000000000000
#   -0.001005557062628    0.273405278368063  -27.836410721820567 1257.839368546431388 -21211.434081703442644
  59.127589511600000   69.685047999999995
  60.994640776799997   72.925418300000004
  62.900587551100003   73.084754200000006
  64.845830819000000   73.232168999999999
  66.830771565299997   73.371456499999994
  68.855810774500000   73.500366900000003
  70.921349431300001   73.620824700000000
  73.027788520200005   73.733113099999997
  75.175529026000007   73.014033600000005


# temperature  690.000000000000000
#   -0.001005531015025    0.273397651641337  -27.835540431431514 1257.792275719396002 -21210.375659028519294
  59.127589511600000   69.743397000000002
  60.994640776799997   72.979072400000007
  62.900587551100003   73.134008499999993
  64.845830819000000   73.277336700000006
  66.830771565299997   73.412747800000005
  68.855810774500000   73.538058300000003
  70.921349431300001   73.655141400000005
  73.027788520200005   73.764275100000006
  75.175529026000007   73.042288799999994


# temperature  700.000000000000000
#   -0.001005505877426    0.273390291363434  -27.834700691788676 1257.746858549225863 -21209.355870727362344
  59.127589511600000   69.799337800000004
  60.994640776799997   73.030506299999999
  62.900587551100003   73.181219900000002
  64.845830819000000   73.320626899999993
  66.830771565299997   73.452319399999993
  68.855810774500000   73.574177100000000
  70.921349431300001   73.688024100000007
  73.027788520200005   73.794133000000002
  75.175529026000007   73.069360300000000


# temperature  710.000000000000000
#   -0.001005481764268    0.273383226542131  -27.833894162913289 1257.703216551135256 -21208.375769104142819
  59.127589511600000   69.853000199999997
  60.994640776799997   73.079840000000004
  62.900587551100003   73.226498899999996
  64.845830819000000   73.362141500000007
  66.830771565299997   73.490264800000006
  68.855810774500000   73.608809100000002
  70.921349431300001   73.719551300000006
  73.027788520200005   73.822758600000000
  75.175529026000007   73.095313099999998


# temperature  720.000000000000000
#   -0.001005458426763    0.273376389828476  -27.833113955717426 1257.661030510986848 -21207.429562257548241
  59.127589511600000   69.904505299999997
  60.994640776799997   73.127185400000002
  62.900587551100003   73.269948900000003
  64.845830819000000   73.401975800000002
  66.830771565299997   73.526671500000006
  68.855810774500000   73.642034499999994
  70.921349431300001   73.749796099999998
  73.027788520200005   73.850218200000000
  75.175529026000007   73.120207699999995


# temperature  730.000000000000000
#   -0.001005435933150    0.273369798775169  -27.832361687229479 1257.620359314461894 -21206.517759655962436
  59.127589511600000   69.953966500000007
  60.994640776799997   73.172647400000002
  62.900587551100003   73.311666700000004
  64.845830819000000   73.440218799999997
  66.830771565299997   73.561621299999999
  68.855810774500000   73.673928200000006
  70.921349431300001   73.778826800000004
  73.027788520200005   73.876574300000001
  75.175529026000007   73.144100699999996


# temperature  740.000000000000000
#   -0.001005414222647    0.273363436446650  -27.831635529949633 1257.581109744541209 -21205.638374960919464
  59.127589511600000   70.001489599999999
  60.994640776799997   73.216323799999998
  62.900587551100003   73.351742500000000
  64.845830819000000   73.476953600000002
  66.830771565299997   73.595190400000007
  68.855810774500000   73.704559900000007
  70.921349431300001   73.806707399999993
  73.027788520200005   73.901884800000005
  75.175529026000007   73.167045000000002


# temperature  750.000000000000000
#   -0.001005393335468    0.273357312771104  -27.830936333589865 1257.543307259106541 -21204.791404155505006
  59.127589511600000   70.047173999999998
  60.994640776799997   73.258306500000003
  62.900587551100003   73.390260900000001
  64.845830819000000   73.512258299999999
  66.830771565299997   73.627450199999998
  68.855810774500000   73.733995199999995
  70.921349431300001   73.833497499999993
  73.027788520200005   73.926204299999995
  75.175529026000007   73.189089899999999


# temperature  760.000000000000000
#   -0.001005373097616    0.273351379980847  -27.830259137110041 1257.506718172698356 -21203.972533458709222
  59.127589511600000   70.091112800000005
  60.994640776799997   73.298681299999998
  62.900587551100003   73.427301099999994
  64.845830819000000   73.546205599999993
  66.830771565299997   73.658467799999997
  68.855810774500000   73.762295300000005
  70.921349431300001   73.859253100000004
  73.027788520200005   73.949583599999997
  75.175529026000007   73.210281699999996


# temperature  770.000000000000000
#   -0.001005353647668    0.273345675216566  -27.829607611776417 1257.471498232221620 -21203.184033536064817
  59.127589511600000   70.133392999999998
  60.994640776799997   73.337528899999995
  62.900587551100003   73.462937400000001
  64.845830819000000   73.578863900000002
  66.830771565299997   73.688305700000001
  68.855810774500000   73.789517500000002
  70.921349431300001   73.884026500000004
  73.027788520200005   73.972070299999999
  75.175529026000007   73.230663600000000


# temperature  780.000000000000000
#   -0.001005334741899    0.273340132156394  -27.828974955969542 1257.437333432048035 -21202.420304037910682
  59.127589511600000   70.174096800000001
  60.994640776799997   73.374924800000002
  62.900587551100003   73.497239600000000
  64.845830819000000   73.610297500000001
  66.830771565299997   73.717022900000003
  68.855810774500000   73.815715800000007
  70.921349431300001   73.907866900000002
  73.027788520200005   73.993709199999998
  75.175529026000007   73.250276400000004


# temperature  790.000000000000000
#   -0.001005316525692    0.273334789199733  -27.828364914165657 1257.404380921289203 -21201.683629855877371
  59.127589511600000   70.213300899999993
  60.994640776799997   73.410940100000005
  62.900587551100003   73.530272999999994
  64.845830819000000   73.640566399999997
  66.830771565299997   73.744674399999994
  68.855810774500000   73.840940599999996
  70.921349431300001   73.930820400000002
  73.027788520200005   74.014542199999994
  75.175529026000007   73.269158099999999


# temperature  800.000000000000000
#   -0.001005298923207    0.273329625199661  -27.827775238205099 1257.372530740099819 -21200.971852168269834
  59.127589511600000   70.251077800000004
  60.994640776799997   73.445641699999996
  62.900587551100003   73.562099099999998
  64.845830819000000   73.669727300000005
  66.830771565299997   73.771312199999997
  68.855810774500000   73.865239500000001
  70.921349431300001   73.952930300000006
  73.027788520200005   74.034608800000001
  75.175529026000007   73.287344500000003


# temperature  810.000000000000000
#   -0.001005281868893    0.273324622746267  -27.827204155857565 1257.341698858060681 -21200.283332726510707
  59.127589511600000   70.287495399999997
  60.994640776799997   73.479092199999997
  62.900587551100003   73.592775900000007
  64.845830819000000   73.697833299999999
  66.830771565299997   73.796985100000001
  68.855810774500000   73.888656900000001
  70.921349431300001   73.974237200000005
  73.027788520200005   74.053945900000002
  75.175529026000007   73.304869299999993


# temperature  820.000000000000000
#   -0.001005265436505    0.273319799933339  -27.826653270359042 1257.311943221484853 -21199.618667213671870
  59.127589511600000   70.322618000000006
  60.994640776799997   73.511350800000002
  62.900587551100003   73.622357699999995
  64.845830819000000   73.724934500000003
  66.830771565299997   73.821738800000006
  68.855810774500000   73.911234899999997
  70.921349431300001   73.994779600000001
  73.027788520200005   74.072588499999995
  75.175529026000007   73.321764000000002


# temperature  830.000000000000000
#   -0.001005249423572    0.273315102599868  -27.826117126959677 1257.283016784166421 -21198.973537305562786
  59.127589511600000   70.356505700000000
  60.994640776799997   73.542473099999995
  62.900587551100003   73.650895700000007
  64.845830819000000   73.751078100000001
  66.830771565299997   73.845616600000000
  68.855810774500000   73.933013099999997
  70.921349431300001   74.014593399999995
  73.027788520200005   74.090569099999996
  75.175529026000007   73.338058399999994


# temperature  840.000000000000000
#   -0.001005234081135    0.273310597669883  -27.825602359109638 1257.255207387360315 -21198.352480056350032
  59.127589511600000   70.389215600000000
  60.994640776799997   73.572511800000001
  62.900587551100003   73.678438400000005
  64.845830819000000   73.776308499999999
  66.830771565299997   73.868659100000002
  68.855810774500000   73.954028500000007
  70.921349431300001   74.033712499999993
  73.027788520200005   74.107918900000001
  75.175529026000007   73.353780499999999


# temperature  850.000000000000000
#   -0.001005219139077    0.273306212273067  -27.825101581789568 1257.228180143996951 -21197.749697640014347
  59.127589511600000   70.420801200000000
  60.994640776799997   73.601516200000006
  62.900587551100003   73.705031300000002
  64.845830819000000   73.800667500000003
  66.830771565299997   73.890904899999995
  68.855810774500000   73.974316299999998
  70.921349431300001   74.052169000000006
  73.027788520200005   74.124666700000006
  75.175529026000007   73.368956800000007


# temperature  860.000000000000000
#   -0.001005204639659    0.273301956756404  -27.824615697327591 1257.201965909325736 -21197.165431362638628
  59.127589511600000   70.451313299999995
  60.994640776799997   73.629532999999995
  62.900587551100003   73.730717200000001
  64.845830819000000   73.824194599999998
  66.830771565299997   73.912389899999994
  68.855810774500000   73.993909599999995
  70.921349431300001   74.069992999999997
  73.027788520200005   74.140840100000005
  75.175529026000007   73.383612200000002


# temperature  870.000000000000000
#   -0.001005190613237    0.273297839422176  -27.824145525448891 1257.176597700160755 -21196.600064896603726
  59.127589511600000   70.480799800000000
  60.994640776799997   73.656606499999995
  62.900587551100003   73.755537000000004
  64.845830819000000   73.846927199999996
  66.830771565299997   73.933148500000001
  68.855810774500000   74.012839600000007
  70.921349431300001   74.087213000000006
  73.027788520200005   74.156464999999997
  75.175529026000007   73.397770199999997


# temperature  880.000000000000000
#   -0.001005177079753    0.273293864666499  -27.823691382481400 1257.152081307702701 -21196.053454651137145
  59.127589511600000   70.509305800000007
  60.994640776799997   73.682778299999995
  62.900587551100003   73.779528900000003
  64.845830819000000   73.868900400000001
  66.830771565299997   73.953212800000003
  68.855810774500000   74.031135899999995
  70.921349431300001   74.103855999999993
  73.027788520200005   74.171565799999996
  75.175529026000007   73.411452900000000


# temperature  890.000000000000000
#   -0.001005163916558    0.273289999426681  -27.823249904886154 1257.128262368303240 -21195.522854306876980
  59.127589511600000   70.536874200000000
  60.994640776799997   73.708087800000001
  62.900587551100003   73.802729099999993
  64.845830819000000   73.890147700000000
  66.830771565299997   73.972613400000000
  68.855810774500000   74.048826300000002
  70.921349431300001   74.119947300000007
  73.027788520200005   74.186165700000004
  75.175529026000007   73.424681399999997


# temperature  900.000000000000000
#   -0.001005151125674    0.273286244272252  -27.822821127062731 1257.105138965723654 -21195.008082925738563
  59.127589511600000   70.563545399999995
  60.994640776799997   73.732572300000001
  62.900587551100003   73.825172100000003
  64.845830819000000   73.910700599999998
  66.830771565299997   73.991379199999997
  68.855810774500000   74.065937199999993
  70.921349431300001   74.135510999999994
  73.027788520200005   74.200286500000004
  75.175529026000007   73.437475599999999


# temperature  910.000000000000000
#   -0.001005138730152    0.273282604256082  -27.822405416473497 1257.082718855057919 -21194.509038680520462
  59.127589511600000   70.589357800000002
  60.994640776799997   73.756267199999996
  62.900587551100003   73.846890200000004
  64.845830819000000   73.930588799999995
  66.830771565299997   74.009537499999993
  68.855810774500000   74.082493600000006
  70.921349431300001   74.150569899999994
  73.027788520200005   74.213948900000005
  75.175529026000007   73.449854099999996


# temperature  920.000000000000000
#   -0.001005126733302    0.273279080353671  -27.822002856216173 1257.061002851618241 -21194.025604217840737
  59.127589511600000   70.614347699999996
  60.994640776799997   73.779205899999994
  62.900587551100003   73.867914299999995
  64.845830819000000   73.949840699999996
  66.830771565299997   74.027114100000006
  68.855810774500000   74.098519100000004
  70.921349431300001   74.165145499999994
  73.027788520200005   74.227172499999995
  75.175529026000007   73.461834699999997


# temperature  930.000000000000000
#   -0.001005115084667    0.273275658689685  -27.821611994489324 1257.039921496887928 -21193.556462244956492
  59.127589511600000   70.638549499999996
  60.994640776799997   73.801420199999995
  62.900587551100003   73.888273400000003
  64.845830819000000   73.968482899999998
  66.830771565299997   74.044133500000001
  68.855810774500000   74.114036100000007
  70.921349431300001   74.179258200000007
  73.027788520200005   74.239975799999996
  75.175529026000007   73.473434400000002


# temperature  940.000000000000000
#   -0.001005103769755    0.273272334929268  -27.821232333560737 1257.019448007566325 -21193.101017662327649
  59.127589511600000   70.661995899999994
  60.994640776799997   73.822940000000003
  62.900587551100003   73.907995400000004
  64.845830819000000   73.986541000000003
  66.830771565299997   74.060619000000003
  68.855810774500000   74.129065900000001
  70.921349431300001   74.192927400000002
  73.027788520200005   74.252376400000003
  75.175529026000007   73.484668900000003


# temperature  950.000000000000000
#   -0.001005092778516    0.273269105935923  -27.820863489344536 1256.999560103107797 -21192.658739277070708
  59.127589511600000   70.684717899999995
  60.994640776799997   73.843794000000003
  62.900587551100003   73.927106199999997
  64.845830819000000   74.004038899999998
  66.830771565299997   74.076592599999998
  68.855810774500000   74.143628500000005
  70.921349431300001   74.206171400000002
  73.027788520200005   74.264391000000003
  75.175529026000007   73.495553500000000


# temperature  960.000000000000000
#   -0.001005082115116    0.273265973226879  -27.820505637123293 1256.980264892941705 -21192.229668113228399
  59.127589511600000   70.706744799999996
  60.994640776799997   73.864009199999998
  62.900587551100003   73.945631000000006
  64.845830819000000   74.020999599999996
  66.830771565299997   74.092075199999996
  68.855810774500000   74.157743100000005
  70.921349431300001   74.219007599999998
  73.027788520200005   74.276035399999998
  75.175529026000007   73.506102600000006


# temperature  970.000000000000000
#   -0.001005071736251    0.273262924416400  -27.820157437395032 1256.961496725577263 -21191.812546315119107
  59.127589511600000   70.728104599999995
  60.994640776799997   73.883611299999998
  62.900587551100003   73.963593299999999
  64.845830819000000   74.037444699999995
  66.830771565299997   74.107086699999996
  68.855810774500000   74.171427800000004
  70.921349431300001   74.231452500000003
  73.027788520200005   74.287324600000005
  75.175529026000007   73.516329700000000


# temperature  980.000000000000000
#   -0.001005061739673    0.273259985186172  -27.819821394950807 1256.943362163903203 -21191.409005134879408
  59.127589511600000   70.748823900000005
  60.994640776799997   73.902624900000006
  62.900587551100003   73.981015600000006
  64.845830819000000   74.053394800000007
  66.830771565299997   74.121645999999998
  68.855810774500000   74.184699899999998
  70.921349431300001   74.243521900000005
  73.027788520200005   74.298272999999995
  75.175529026000007   73.526247699999999


# temperature  990.000000000000000
#   -0.001005051877578    0.273257089114348  -27.819490831765957 1256.925561926555474 -21191.013968782761367
  59.127589511600000   70.768928000000002
  60.994640776799997   73.921073100000001
  62.900587551100003   73.997919199999998
  64.845830819000000   74.068869599999999
  66.830771565299997   74.135771000000005
  68.855810774500000   74.197575799999996
  70.921349431300001   74.255230699999998
  73.027788520200005   74.308893900000001
  75.175529026000007   73.535869099999999


# temperature 1000.000000000000000
#   -0.001005042358334    0.273254291619497  -27.819171245548276 1256.908336314612825 -21190.631310386175755
  59.127589511600000   70.788440899999998
  60.994640776799997   73.938978000000006
  62.900587551100003   74.014324500000001
  64.845830819000000   74.083887799999999
  66.830771565299997   74.149478700000003
  68.855810774500000   74.210070999999999
  70.921349431300001   74.266593099999994
  73.027788520200005   74.319200499999994
  75.175529026000007   73.545205400000000


