# Temperature: 0.000000
# Parameters: -120454.636932 0.600728 4.084917 67.148674
  59.127589511600000   -120454.281032280297950
  60.994640776799997   -120454.437675291483174
  62.900587551100003   -120454.546842073454172
  64.845830819000000   -120454.611817667362629
  66.830771565299997   -120454.636580068268813
  68.855810774500000   -120454.624470082766493
  70.921349431300001   -120454.578867084928788
  73.027788520200005   -120454.502868281808333
  75.175529026000007   -120454.399559311088524


# Temperature: 10.000000
# Parameters: -120454.636930 0.600668 4.081294 67.148955
  59.127589511600000   -120454.281101984117413
  60.994640776799997   -120454.437683568379725
  62.900587551100003   -120454.546846290671965
  64.845830819000000   -120454.611820948688546
  66.830771565299997   -120454.636583209678065
  68.855810774500000   -120454.624473322634003
  70.921349431300001   -120454.578870592202293
  73.027788520200005   -120454.502872320765164
  75.175529026000007   -120454.399571000947617


# Temperature: 20.000000
# Parameters: -120454.636974 0.600350 4.075548 67.149004
  59.127589511600000   -120454.281432295261766
  60.994640776799997   -120454.437838749392540
  62.900587551100003   -120454.546940312167862
  64.845830819000000   -120454.611889349718695
  66.830771565299997   -120454.636643821970210
  68.855810774500000   -120454.624531769833993
  70.921349431300001   -120454.578931848111097
  73.027788520200005   -120454.502946256310679
  75.175529026000007   -120454.399705717703910


# Temperature: 30.000000
# Parameters: -120454.637195 0.599813 4.076312 67.148298
  59.127589511600000   -120454.282023095598561
  60.994640776799997   -120454.438281304479460
  62.900587551100003   -120454.547263829532312
  64.845830819000000   -120454.612148655287456
  66.830771565299997   -120454.636880213191034
  68.855810774500000   -120454.624761509272503
  70.921349431300001   -120454.579173137477483
  73.027788520200005   -120454.503233886382077
  75.175529026000007   -120454.400123493905994


# Temperature: 40.000000
# Parameters: -120454.637671 0.599125 4.087213 67.146998
  59.127589511600000   -120454.282853636876098
  60.994640776799997   -120454.439026506413938
  62.900587551100003   -120454.547864854204818
  64.845830819000000   -120454.612665327294962
  66.830771565299997   -120454.637367800998618
  68.855810774500000   -120454.625245677903877
  70.921349431300001   -120454.579686082492117
  73.027788520200005   -120454.503833000926534
  75.175529026000007   -120454.400903716697940


# Temperature: 50.000000
# Parameters: -120454.638440 0.598315 4.107500 67.145587
  59.127589511600000   -120454.283917608321644
  60.994640776799997   -120454.440068972005975
  62.900587551100003   -120454.548755102980067
  64.845830819000000   -120454.613465971822734
  66.830771565299997   -120454.638143510150257
  68.855810774500000   -120454.626030140716466
  70.921349431300001   -120454.580523151191301
  73.027788520200005   -120454.504796065899427
  75.175529026000007   -120454.402087087553809


# Temperature: 60.000000
# Parameters: -120454.639533 0.597419 4.130267 67.145120
  59.127589511600000   -120454.285217213357100
  60.994640776799997   -120454.441407484497176
  62.900587551100003   -120454.549943280784646
  64.845830819000000   -120454.614569275639951
  66.830771565299997   -120454.639233990266803
  68.855810774500000   -120454.627148201179807
  70.921349431300001   -120454.581721604132326
  73.027788520200005   -120454.506159057738842
  75.175529026000007   -120454.403703391319141


# Temperature: 70.000000
# Parameters: -120454.640973 0.596447 4.157223 67.145531
  59.127589511600000   -120454.286760487419087
  60.994640776799997   -120454.443047134802327
  62.900587551100003   -120454.551441167655867
  64.845830819000000   -120454.615993719271501
  66.830771565299997   -120454.640662962046918
  68.855810774500000   -120454.628627354642958
  70.921349431300001   -120454.583310246714973
  73.027788520200005   -120454.507948378362926
  75.175529026000007   -120454.405774502811255


# Temperature: 80.000000
# Parameters: -120454.642779 0.595417 4.186521 67.147076
  59.127589511600000   -120454.288558984568226
  60.994640776799997   -120454.444996962629375
  62.900587551100003   -120454.553262145927874
  64.845830819000000   -120454.617756694991840
  66.830771565299997   -120454.642450497951359
  68.855810774500000   -120454.630488944239914
  70.921349431300001   -120454.585309684131062
  73.027788520200005   -120454.510181341291172
  75.175529026000007   -120454.408313599124085


# Temperature: 90.000000
# Parameters: -120454.644966 0.594341 4.218606 67.149659
  59.127589511600000   -120454.290625247638673
  60.994640776799997   -120454.447266932198545
  62.900587551100003   -120454.555418579140678
  64.845830819000000   -120454.619872449489776
  66.830771565299997   -120454.644611559837358
  68.855810774500000   -120454.632747443683911
  70.921349431300001   -120454.587732400133973
  73.027788520200005   -120454.512866726086941
  75.175529026000007   -120454.411325571185444


# Temperature: 100.000000
# Parameters: -120454.647542 0.593233 4.252121 67.153353
  59.127589511600000   -120454.292970783048077
  60.994640776799997   -120454.449865706978017
  62.900587551100003   -120454.557920055260183
  64.845830819000000   -120454.622350950114196
  66.830771565299997   -120454.647155537721119
  68.855810774500000   -120454.635410743256216
  70.921349431300001   -120454.590583706420148
  73.027788520200005   -120454.516006142293918
  75.175529026000007   -120454.414808485002141


# Temperature: 110.000000
# Parameters: -120454.650512 0.592101 4.287618 67.157999
  59.127589511600000   -120454.295604853337863
  60.994640776799997   -120454.452799495178624
  62.900587551100003   -120454.560772696451750
  64.845830819000000   -120454.625197757268324
  66.830771565299997   -120454.650086686146096
  68.855810774500000   -120454.638481120011420
  70.921349431300001   -120454.593863158341264
  73.027788520200005   -120454.519595696096076
  75.175529026000007   -120454.418755334336311


# Temperature: 120.000000
# Parameters: -120454.653876 0.590955 4.324443 67.163544
  59.127589511600000   -120454.298534014931647
  60.994640776799997   -120454.456071711814729
  62.900587551100003   -120454.563979209880927
  64.845830819000000   -120454.628414491919102
  66.830771565299997   -120454.653404983328073
  68.855810774500000   -120454.641956442006631
  70.921349431300001   -120454.597566014272161
  73.027788520200005   -120454.523627566595678
  75.175529026000007   -120454.423155644035432


# Temperature: 130.000000
# Parameters: -120454.657628 0.589797 4.361766 67.169992
  59.127589511600000   -120454.301762129543931
  60.994640776799997   -120454.459683119697729
  62.900587551100003   -120454.567539313618909
  64.845830819000000   -120454.631999542456469
  66.830771565299997   -120454.657107090955833
  68.855810774500000   -120454.645831321904552
  70.921349431300001   -120454.601684504101286
  73.027788520200005   -120454.528091311804019
  75.175529026000007   -120454.427996742757387


# Temperature: 140.000000
# Parameters: -120454.661762 0.588629 4.401918 67.176948
  59.127589511600000   -120454.305290638876613
  60.994640776799997   -120454.463632198385312
  62.900587551100003   -120454.571450301576988
  64.845830819000000   -120454.635948808732792
  66.830771565299997   -120454.661187226796756
  68.855810774500000   -120454.650098087033257
  70.921349431300001   -120454.606208852273994
  73.027788520200005   -120454.532974867732264
  75.175529026000007   -120454.433264717488782


# Temperature: 150.000000
# Parameters: -120454.666272 0.587455 4.442902 67.184577
  59.127589511600000   -120454.309118954202859
  60.994640776799997   -120454.467915587796597
  62.900587551100003   -120454.575707597905421
  64.845830819000000   -120454.640256357248290
  66.830771565299997   -120454.665637898520799
  68.855810774500000   -120454.654747551554465
  70.921349431300001   -120454.611128039497999
  73.027788520200005   -120454.538265274881269
  75.175529026000007   -120454.438945092493668


# Temperature: 160.000000
# Parameters: -120454.671148 0.586278 4.483891 67.192891
  59.127589511600000   -120454.313244847231545
  60.994640776799997   -120454.472528513113502
  62.900587551100003   -120454.580305253548431
  64.845830819000000   -120454.644914970296668
  66.830771565299997   -120454.670450479970896
  68.855810774500000   -120454.659769597870763
  70.921349431300001   -120454.616430370733724
  73.027788520200005   -120454.543949201703072
  75.175529026000007   -120454.445023283158662


# Temperature: 170.000000
# Parameters: -120454.676384 0.585121 4.521888 67.202131
  59.127589511600000   -120454.317664825197426
  60.994640776799997   -120454.477465153744561
  62.900587551100003   -120454.585236354483641
  64.845830819000000   -120454.649916578287957
  66.830771565299997   -120454.675615652609849
  68.855810774500000   -120454.665153605717933
  70.921349431300001   -120454.622103877321933
  73.027788520200005   -120454.550013293861412
  75.175529026000007   -120454.451484916324262


# Temperature: 180.000000
# Parameters: -120454.681961 0.583927 4.571975 67.210518
  59.127589511600000   -120454.322374440787826
  60.994640776799997   -120454.482718960542115
  62.900587551100003   -120454.590493352443445
  64.845830819000000   -120454.655252596479841
  66.830771565299997   -120454.681123725880752
  68.855810774500000   -120454.670888761029346
  70.921349431300001   -120454.628136590647046
  73.027788520200005   -120454.556444414643920
  75.175529026000007   -120454.458316015792661


# Temperature: 190.000000
# Parameters: -120454.687882 0.582773 4.612130 67.220534
  59.127589511600000   -120454.327368559563183
  60.994640776799997   -120454.488282900289050
  62.900587551100003   -120454.596068312515854
  64.845830819000000   -120454.660914168634918
  66.830771565299997   -120454.686964883760083
  68.855810774500000   -120454.676964272526675
  70.921349431300001   -120454.634516730642645
  73.027788520200005   -120454.563229798382963
  75.175529026000007   -120454.465503125626128


# Temperature: 200.000000
# Parameters: -120454.694122 0.581577 4.659860 67.230138
  59.127589511600000   -120454.332641569257248
  60.994640776799997   -120454.494149652731721
  62.900587551100003   -120454.601953109129681
  64.845830819000000   -120454.666892355555319
  66.830771565299997   -120454.693129344479530
  68.855810774500000   -120454.683369517893880
  70.921349431300001   -120454.641232832393143
  73.027788520200005   -120454.570357140633860
  75.175529026000007   -120454.473033377580578


# Temperature: 210.000000
# Parameters: -120454.700679 0.580376 4.708903 67.240000
  59.127589511600000   -120454.338187549816212
  60.994640776799997   -120454.500311758689350
  62.900587551100003   -120454.608139566960745
  64.845830819000000   -120454.673178266792092
  66.830771565299997   -120454.699607484813896
  68.855810774500000   -120454.690094146310003
  70.921349431300001   -120454.648273822705960
  73.027788520200005   -120454.577814652031520
  75.175529026000007   -120454.480894516920671


# Temperature: 220.000000
# Parameters: -120454.707544 0.579176 4.761590 67.249777
  59.127589511600000   -120454.344000399782090
  60.994640776799997   -120454.506761734126485
  62.900587551100003   -120454.614619567684713
  64.845830819000000   -120454.679763151783845
  66.830771565299997   -120454.706389914732426
  68.855810774500000   -120454.697128139712731
  70.921349431300001   -120454.655629059547209
  73.027788520200005   -120454.585591082184692
  75.175529026000007   -120454.489074908749899


# Temperature: 230.000000
# Parameters: -120454.714707 0.577974 4.815200 67.259797
  59.127589511600000   -120454.350073942085146
  60.994640776799997   -120454.513492152036633
  62.900587551100003   -120454.621385120437481
  64.845830819000000   -120454.686638469342142
  66.830771565299997   -120454.713467535460950
  68.855810774500000   -120454.704461853092653
  70.921349431300001   -120454.663288361087325
  73.027788520200005   -120454.593675724798231
  75.175529026000007   -120454.497563529628678


# Temperature: 240.000000
# Parameters: -120454.722167 0.576808 4.851535 67.272162
  59.127589511600000   -120454.356401993369218
  60.994640776799997   -120454.520495700402535
  62.900587551100003   -120454.628428418873227
  64.845830819000000   -120454.693795922881691
  66.830771565299997   -120454.720831564321998
  68.855810774500000   -120454.712086030151113
  70.921349431300001   -120454.671242006676039
  73.027788520200005   -120454.602058406308061
  75.175529026000007   -120454.506349946881528


# Temperature: 250.000000
# Parameters: -120454.729900 0.575603 4.908847 67.282311
  59.127589511600000   -120454.362978426303016
  60.994640776799997   -120454.527765234131948
  62.900587551100003   -120454.635741875303211
  64.845830819000000   -120454.701227497716900
  66.830771565299997   -120454.728473557537654
  68.855810774500000   -120454.719991812526132
  70.921349431300001   -120454.679480734790559
  73.027788520200005   -120454.610729477601126
  75.175529026000007   -120454.515424290613737


# Temperature: 260.000000
# Parameters: -120454.737913 0.574429 4.956185 67.293880
  59.127589511600000   -120454.369797210951219
  60.994640776799997   -120454.535293792549055
  62.900587551100003   -120454.643318141475902
  64.845830819000000   -120454.708925465209177
  66.830771565299997   -120454.736385413372773
  68.855810774500000   -120454.728170737798791
  70.921349431300001   -120454.687995731670526
  73.027788520200005   -120454.619679781841114
  75.175529026000007   -120454.524777229904430


# Temperature: 270.000000
# Parameters: -120454.746196 0.573288 4.993275 67.306873
  59.127589511600000   -120454.376852440720540
  60.994640776799997   -120454.543074629589682
  62.900587551100003   -120454.651150121993851
  64.845830819000000   -120454.716882399370661
  66.830771565299997   -120454.744559373139055
  68.855810774500000   -120454.736614729117719
  70.921349431300001   -120454.696778612633352
  73.027788520200005   -120454.628900642070221
  75.175529026000007   -120454.534399934389512


# Temperature: 280.000000
# Parameters: -120454.754715 0.572016 5.060166 67.316715
  59.127589511600000   -120454.384138356195763
  60.994640776799997   -120454.551101217817632
  62.900587551100003   -120454.659230983728776
  64.845830819000000   -120454.725091166474158
  66.830771565299997   -120454.752988014981383
  68.855810774500000   -120454.745316084794467
  70.921349431300001   -120454.705821408599149
  73.027788520200005   -120454.638383829049417
  75.175529026000007   -120454.544284055649769


# Temperature: 290.000000
# Parameters: -120454.763499 0.570831 5.104270 67.329378
  59.127589511600000   -120454.391649362747557
  60.994640776799997   -120454.559367256806581
  62.900587551100003   -120454.667554151572403
  64.845830819000000   -120454.733544931295910
  66.830771565299997   -120454.761664244564599
  68.855810774500000   -120454.754267464842997
  70.921349431300001   -120454.715116539140581
  73.027788520200005   -120454.648121535399696
  75.175529026000007   -120454.554421684719273


# Temperature: 300.000000
# Parameters: -120454.772514 0.569565 5.166620 67.340182
  59.127589511600000   -120454.399380030532484
  60.994640776799997   -120454.567866675162804
  62.900587551100003   -120454.676113310590154
  64.845830819000000   -120454.742237143611419
  66.830771565299997   -120454.770581283664797
  68.855810774500000   -120454.763461872353218
  70.921349431300001   -120454.724656800055527
  73.027788520200005   -120454.658106356888311
  75.175529026000007   -120454.564805334463017


# Temperature: 310.000000
# Parameters: -120454.781784 0.568390 5.210338 67.353264
  59.127589511600000   -120454.407325107968063
  60.994640776799997   -120454.576593628502451
  62.900587551100003   -120454.684902395601966
  64.845830819000000   -120454.751161532010883
  66.830771565299997   -120454.779732654613326
  68.855810774500000   -120454.772892637935001
  70.921349431300001   -120454.734435335383750
  73.027788520200005   -120454.668331261345884
  75.175529026000007   -120454.575427904303069


# Temperature: 320.000000
# Parameters: -120454.791261 0.567085 5.283628 67.363126
  59.127589511600000   -120454.415479518662323
  60.994640776799997   -120454.585542494183755
  62.900587551100003   -120454.693915591225959
  64.845830819000000   -120454.760312090395018
  66.830771565299997   -120454.789112174097681
  68.855810774500000   -120454.782553404133068
  70.921349431300001   -120454.744445623931824
  73.027788520200005   -120454.678789569006767
  75.175529026000007   -120454.586282659554854


# Temperature: 330.000000
# Parameters: -120454.800991 0.565932 5.322380 67.377114
  59.127589511600000   -120454.423838360307855
  60.994640776799997   -120454.594707869313424
  62.900587551100003   -120454.703147315274691
  64.845830819000000   -120454.769683072838234
  66.830771565299997   -120454.798713930329541
  68.855810774500000   -120454.792438106829650
  70.921349431300001   -120454.754681454389356
  73.027788520200005   -120454.689474929706194
  75.175529026000007   -120454.597363205466536


# Temperature: 340.000000
# Parameters: -120454.810918 0.564648 5.387715 67.388252
  59.127589511600000   -120454.432396905744099
  60.994640776799997   -120454.604084557286114
  62.900587551100003   -120454.712592216674238
  64.845830819000000   -120454.779268975893501
  66.830771565299997   -120454.808532276860205
  68.855810774500000   -120454.802540960692568
  70.921349431300001   -120454.765136908783461
  73.027788520200005   -120454.700381302114693
  75.175529026000007   -120454.608663464445272


# Temperature: 350.000000
# Parameters: -120454.821068 0.563410 5.443838 67.400552
  59.127589511600000   -120454.441150596801890
  60.994640776799997   -120454.613667568701203
  62.900587551100003   -120454.722245159922750
  64.845830819000000   -120454.789064531403710
  66.830771565299997   -120454.818561813925044
  68.855810774500000   -120454.812856442600605
  70.921349431300001   -120454.775806348930928
  73.027788520200005   -120454.711502934034797
  75.175529026000007   -120454.620177658391185


# Temperature: 360.000000
# Parameters: -120454.831423 0.562147 5.499610 67.413142
  59.127589511600000   -120454.450095040054293
  60.994640776799997   -120454.623452108047786
  62.900587551100003   -120454.732101222019992
  64.845830819000000   -120454.799064693041146
  66.830771565299997   -120454.828797376991133
  68.855810774500000   -120454.823379277135246
  70.921349431300001   -120454.786684392689494
  73.027788520200005   -120454.722834345913725
  75.175529026000007   -120454.631900282867718


# Temperature: 370.000000
# Parameters: -120454.841974 0.560835 5.561933 67.425139
  59.127589511600000   -120454.459226001694333
  60.994640776799997   -120454.633433566326858
  62.900587551100003   -120454.742155676838593
  64.845830819000000   -120454.809264624796924
  66.830771565299997   -120454.839234024388134
  68.855810774500000   -120454.834104424167890
  70.921349431300001   -120454.797765903524123
  73.027788520200005   -120454.734370309990481
  75.175529026000007   -120454.643826096638804


# Temperature: 380.000000
# Parameters: -120454.852730 0.559546 5.627797 67.436732
  59.127589511600000   -120454.468539402354509
  60.994640776799997   -120454.643607515929034
  62.900587551100003   -120454.752403991064057
  64.845830819000000   -120454.819659692846471
  66.830771565299997   -120454.849867026889115
  68.855810774500000   -120454.845027062241570
  70.921349431300001   -120454.809045974980108
  73.027788520200005   -120454.746105839003576
  75.175529026000007   -120454.655950100015616


# Temperature: 390.000000
# Parameters: -120454.863684 0.558272 5.683088 67.449775
  59.127589511600000   -120454.478031312944950
  60.994640776799997   -120454.653969698163564
  62.900587551100003   -120454.762841810661484
  64.845830819000000   -120454.830245454009855
  66.830771565299997   -120454.860691851194133
  68.855810774500000   -120454.856142577176797
  70.921349431300001   -120454.820519916203921
  73.027788520200005   -120454.758036168495892
  75.175529026000007   -120454.668267520231893


# Temperature: 400.000000
# Parameters: -120454.874852 0.557136 5.714425 67.465547
  59.127589511600000   -120454.487697947392007
  60.994640776799997   -120454.664516020187875
  62.900587551100003   -120454.773464954676456
  64.845830819000000   -120454.841017643397208
  66.830771565299997   -120454.871704156728811
  68.855810774500000   -120454.867446552772890
  70.921349431300001   -120454.832183240505401
  73.027788520200005   -120454.770156744401902
  75.175529026000007   -120454.680773800122552


# Temperature: 410.000000
# Parameters: -120454.886159 0.555719 5.794140 67.476143
  59.127589511600000   -120454.497535656439140
  60.994640776799997   -120454.675242544632056
  62.900587551100003   -120454.784269405950909
  64.845830819000000   -120454.851972168165958
  66.830771565299997   -120454.882899778094725
  68.855810774500000   -120454.878934756256058
  70.921349431300001   -120454.844031649816316
  73.027788520200005   -120454.782463209587149
  75.175529026000007   -120454.693464582567685


# Temperature: 420.000000
# Parameters: -120454.897675 0.554448 5.852345 67.489142
  59.127589511600000   -120454.507540920400061
  60.994640776799997   -120454.686145483356086
  62.900587551100003   -120454.795251301693497
  64.845830819000000   -120454.863105099211680
  66.830771565299997   -120454.894274719874375
  68.855810774500000   -120454.890603131061653
  70.921349431300001   -120454.856061029524426
  73.027788520200005   -120454.794951394520467
  75.175529026000007   -120454.706335694892914


# Temperature: 430.000000
# Parameters: -120454.909351 0.553074 5.919358 67.501395
  59.127589511600000   -120454.517710350133711
  60.994640776799997   -120454.697221188122057
  62.900587551100003   -120454.806406929434161
  64.845830819000000   -120454.874412659803056
  66.830771565299997   -120454.905825143141556
  68.855810774500000   -120454.902447782296804
  70.921349431300001   -120454.868267432946595
  73.027788520200005   -120454.807617301688879
  75.175529026000007   -120454.719383145842585


# Temperature: 440.000000
# Parameters: -120454.921202 0.551688 5.985064 67.513945
  59.127589511600000   -120454.528040672623320
  60.994640776799997   -120454.708466148556909
  62.900587551100003   -120454.817732714553131
  64.845830819000000   -120454.885891218305915
  66.830771565299997   -120454.917547364442726
  68.855810774500000   -120454.914464974674047
  70.921349431300001   -120454.880647073980072
  73.027788520200005   -120454.820457099442137
  75.175529026000007   -120454.732603108917829


# Temperature: 450.000000
# Parameters: -120454.933215 0.550251 6.061378 67.525376
  59.127589511600000   -120454.538528734032298
  60.994640776799997   -120454.719876979710534
  62.900587551100003   -120454.829225218170905
  64.845830819000000   -120454.897537284035934
  66.830771565299997   -120454.929437840226456
  68.855810774500000   -120454.926651116984431
  70.921349431300001   -120454.893196318924311
  73.027788520200005   -120454.833467112592189
  75.175529026000007   -120454.745991912059253


# Temperature: 460.000000
# Parameters: -120454.945425 0.548971 6.116616 67.539179
  59.127589511600000   -120454.549171488280990
  60.994640776799997   -120454.731450420978945
  62.900587551100003   -120454.840881126845488
  64.845830819000000   -120454.909347493783571
  66.830771565299997   -120454.941493162739789
  68.855810774500000   -120454.939002758968854
  70.921349431300001   -120454.905911675028619
  73.027788520200005   -120454.846643809010857
  75.175529026000007   -120454.759546034532832


# Temperature: 470.000000
# Parameters: -120454.957783 0.547589 6.179807 67.552325
  59.127589511600000   -120454.559965995023958
  60.994640776799997   -120454.743183329905150
  62.900587551100003   -120454.852697250447818
  64.845830819000000   -120454.921318611828610
  66.830771565299997   -120454.953710052708630
  68.855810774500000   -120454.951516580928001
  70.921349431300001   -120454.918789786359412
  73.027788520200005   -120454.859983798553003
  75.175529026000007   -120454.773262091359356


# Temperature: 480.000000
# Parameters: -120454.970302 0.546208 6.245118 67.565264
  59.127589511600000   -120454.570909415517235
  60.994640776799997   -120454.755072670799564
  62.900587551100003   -120454.864670509748976
  64.845830819000000   -120454.933447519564652
  66.830771565299997   -120454.966085353182280
  68.855810774500000   -120454.964189388629165
  70.921349431300001   -120454.931827423381037
  73.027788520200005   -120454.873483819566900
  75.175529026000007   -120454.787136832310352


# Temperature: 490.000000
# Parameters: -120454.982968 0.544744 6.315936 67.577884
  59.127589511600000   -120454.581999006331898
  60.994640776799997   -120454.767115517839557
  62.900587551100003   -120454.876797937467927
  64.845830819000000   -120454.945731211366365
  66.830771565299997   -120454.978616020191112
  68.855810774500000   -120454.977018105942989
  70.921349431300001   -120454.945021477862610
  73.027788520200005   -120454.887140732724220
  75.175529026000007   -120454.801167127399822


# Temperature: 500.000000
# Parameters: -120454.995782 0.543228 6.392044 67.590004
  59.127589511600000   -120454.593232116269064
  60.994640776799997   -120454.779309044693946
  62.900587551100003   -120454.889076668929192
  64.845830819000000   -120454.958166788332164
  66.830771565299997   -120454.991299122717464
  68.855810774500000   -120454.989999768687994
  70.921349431300001   -120454.958368956620689
  73.027788520200005   -120454.900951516843634
  75.175529026000007   -120454.815349966811482


# Temperature: 510.000000
# Parameters: -120455.008772 0.541860 6.452614 67.603757
  59.127589511600000   -120454.604606181237614
  60.994640776799997   -120454.791650520361145
  62.900587551100003   -120454.901503939967370
  64.845830819000000   -120454.970751451081014
  66.830771565299997   -120455.004131830268307
  68.855810774500000   -120455.003131519450108
  70.921349431300001   -120454.971866975261946
  73.027788520200005   -120454.914913263724884
  75.175529026000007   -120454.829682451672852


# Temperature: 520.000000
# Parameters: -120455.021903 0.540421 6.520843 67.616901
  59.127589511600000   -120454.616118723119143
  60.994640776799997   -120454.804137306113262
  62.900587551100003   -120454.914077079723938
  64.845830819000000   -120454.983482499723323
  66.830771565299997   -120455.017111414985266
  68.855810774500000   -120455.016410601310781
  70.921349431300001   -120454.985512750979979
  73.027788520200005   -120454.929023164644605
  75.175529026000007   -120454.844161786764744


# Temperature: 530.000000
# Parameters: -120455.035181 0.538973 6.581395 67.631100
  59.127589511600000   -120454.627767342608422
  60.994640776799997   -120454.816766851305147
  62.900587551100003   -120454.926793506470858
  64.845830819000000   -120454.996357324533165
  66.830771565299997   -120455.030235239144531
  68.855810774500000   -120455.029834352753824
  70.921349431300001   -120454.999303599441191
  73.027788520200005   -120454.943278515551356
  75.175529026000007   -120454.858785280448501


# Temperature: 540.000000
# Parameters: -120455.048576 0.537364 6.662151 67.643169
  59.127589511600000   -120454.639549717059708
  60.994640776799997   -120454.829536689241650
  62.900587551100003   -120454.939650723434170
  64.845830819000000   -120455.009373403881909
  66.830771565299997   -120455.043500756262802
  68.855810774500000   -120455.043400205497164
  70.921349431300001   -120455.013236930622952
  73.027788520200005   -120454.957676704667392
  75.175529026000007   -120454.873550330288708


# Temperature: 550.000000
# Parameters: -120455.062166 0.536049 6.714026 67.658305
  59.127589511600000   -120454.651463598449482
  60.994640776799997   -120454.842444430949399
  62.900587551100003   -120454.952646318852203
  64.845830819000000   -120455.022528301153216
  66.830771565299997   -120455.056905506906332
  68.855810774500000   -120455.057105676271021
  70.921349431300001   -120455.027310239471262
  73.027788520200005   -120454.972215209330898
  75.175529026000007   -120454.888454428117257


# Temperature: 560.000000
# Parameters: -120455.075845 0.534427 6.795742 67.670547
  59.127589511600000   -120454.663506806173245
  60.994640776799997   -120454.855487765205908
  62.900587551100003   -120454.965777955600061
  64.845830819000000   -120455.035819655342493
  66.830771565299997   -120455.070447109334054
  68.855810774500000   -120455.070948364707874
  70.921349431300001   -120455.041521109029418
  73.027788520200005   -120454.986891593929613
  75.175529026000007   -120454.903495150778326


# Temperature: 570.000000
# Parameters: -120455.089680 0.532920 6.867249 67.683646
  59.127589511600000   -120454.675677230043220
  60.994640776799997   -120454.868664452296798
  62.900587551100003   -120454.979043373226887
  64.845830819000000   -120455.049245185291511
  66.830771565299997   -120455.084123261680361
  68.855810774500000   -120455.084925950242905
  70.921349431300001   -120455.055867200106150
  73.027788520200005   -120455.001703501635347
  75.175529026000007   -120454.918670152837876


# Temperature: 580.000000
# Parameters: -120455.103665 0.531498 6.931015 67.697749
  59.127589511600000   -120454.687972823114251
  60.994640776799997   -120454.881972324015805
  62.900587551100003   -120454.992440379675827
  64.845830819000000   -120455.062802680287859
  66.830771565299997   -120455.097931733544101
  68.855810774500000   -120455.099036184896249
  70.921349431300001   -120455.070346248088754
  73.027788520200005   -120455.016648656470352
  75.175529026000007   -120454.933977171778679


# Temperature: 590.000000
# Parameters: -120455.117747 0.529813 7.012116 67.710511
  59.127589511600000   -120454.700391600650619
  60.994640776799997   -120454.895409278498846
  62.900587551100003   -120455.005966853408609
  64.845830819000000   -120455.076489999089972
  66.830771565299997   -120455.111870369146345
  68.855810774500000   -120455.113276895237505
  70.921349431300001   -120455.084956065111328
  73.027788520200005   -120455.031724852888146
  75.175529026000007   -120454.949414013477508


# Temperature: 600.000000
# Parameters: -120455.131963 0.528168 7.089056 67.723714
  59.127589511600000   -120454.712931634872803
  60.994640776799997   -120454.908973274999880
  62.900587551100003   -120455.019620736056822
  64.845830819000000   -120455.090305067802547
  66.830771565299997   -120455.125937073884415
  68.855810774500000   -120455.127645974251209
  70.921349431300001   -120455.099694530610577
  73.027788520200005   -120455.046929955875385
  75.175529026000007   -120454.964978557414724


# Temperature: 610.000000
# Parameters: -120455.146308 0.526522 7.158341 67.737949
  59.127589511600000   -120454.725591057125712
  60.994640776799997   -120454.922662334996858
  62.900587551100003   -120455.033400033556973
  64.845830819000000   -120455.104245874725166
  66.830771565299997   -120455.140129823601455
  68.855810774500000   -120455.142141381191323
  70.921349431300001   -120455.114559587294934
  73.027788520200005   -120455.062261899831356
  75.175529026000007   -120454.980668749383767


# Temperature: 620.000000
# Parameters: -120455.160793 0.524944 7.237374 67.750874
  59.127589511600000   -120454.738368052625447
  60.994640776799997   -120454.936474541100324
  62.900587551100003   -120455.047302808801760
  64.845830819000000   -120455.118310467223637
  66.830771565299997   -120455.154446652217302
  68.855810774500000   -120455.156761136502610
  70.921349431300001   -120455.129549246266834
  73.027788520200005   -120455.077718680302496
  75.175529026000007   -120454.996482597372960


# Temperature: 630.000000
# Parameters: -120455.175384 0.523197 7.323153 67.763683
  59.127589511600000   -120454.751260857359739
  60.994640776799997   -120454.950408028773381
  62.900587551100003   -120455.061327183822868
  64.845830819000000   -120455.132496953810914
  66.830771565299997   -120455.168885651655728
  68.855810774500000   -120455.171503320700140
  70.921349431300001   -120455.144661575628561
  73.027788520200005   -120455.093298356063315
  75.175529026000007   -120455.012418173646438


# Temperature: 640.000000
# Parameters: -120455.190146 0.521764 7.380270 67.779064
  59.127589511600000   -120454.764267758117057
  60.994640776799997   -120454.964460987379425
  62.900587551100003   -120455.075471333431778
  64.845830819000000   -120455.146803495896165
  66.830771565299997   -120455.183444971902645
  68.855810774500000   -120455.186366072375677
  70.921349431300001   -120455.159894701515441
  73.027788520200005   -120455.108999043921358
  75.175529026000007   -120455.028473604339524


# Temperature: 650.000000
# Parameters: -120455.204972 0.520005 7.464186 67.791860
  59.127589511600000   -120454.777387090420234
  60.994640776799997   -120454.978631658115773
  62.900587551100003   -120455.089733484346652
  64.845830819000000   -120455.161228308730642
  66.830771565299997   -120455.198122816829709
  68.855810774500000   -120455.201347582958988
  70.921349431300001   -120455.175246806029463
  73.027788520200005   -120455.124818913551280
  75.175529026000007   -120455.044647075686953


# Temperature: 660.000000
# Parameters: -120455.219906 0.518080 7.566898 67.803134
  59.127589511600000   -120454.790617234306410
  60.994640776799997   -120454.992918333984562
  62.900587551100003   -120455.104111917098635
  64.845830819000000   -120455.175769658380887
  66.830771565299997   -120455.212917442127946
  68.855810774500000   -120455.216446097794687
  70.921349431300001   -120455.190716124139726
  73.027788520200005   -120455.140756193708512
  75.175529026000007   -120455.060936823720112


# Temperature: 670.000000
# Parameters: -120455.234998 0.516499 7.629994 67.818237
  59.127589511600000   -120454.803956616495270
  60.994640776799997   -120455.007319350464968
  62.900587551100003   -120455.118604956849595
  64.845830819000000   -120455.190425859618699
  66.830771565299997   -120455.227827150141820
  68.855810774500000   -120455.231659910918097
  70.921349431300001   -120455.206300940582878
  73.027788520200005   -120455.156809158739634
  75.175529026000007   -120455.077341139345663


# Temperature: 680.000000
# Parameters: -120455.250218 0.514882 7.673327 67.836923
  59.127589511600000   -120454.817403704102617
  60.994640776799997   -120455.021833092832821
  62.900587551100003   -120455.133210975356633
  64.845830819000000   -120455.205195275921142
  66.830771565299997   -120455.242850293972879
  68.855810774500000   -120455.246987365069799
  70.921349431300001   -120455.221999590823543
  73.027788520200005   -120455.172976135843783
  75.175529026000007   -120455.093858358071884


# Temperature: 690.000000
# Parameters: -120455.265486 0.512872 7.799217 67.845568
  59.127589511600000   -120454.830957005731761
  60.994640776799997   -120455.036457988811890
  62.900587551100003   -120455.147928391044843
  64.845830819000000   -120455.220076313271420
  66.830771565299997   -120455.257985271324287
  68.855810774500000   -120455.262426848610630
  70.921349431300001   -120455.237810453909333
  73.027788520200005   -120455.189255497840350
  75.175529026000007   -120455.110486866193241


# Temperature: 700.000000
# Parameters: -120455.280906 0.511101 7.861865 67.861453
  59.127589511600000   -120454.844615069319843
  60.994640776799997   -120455.051192507598898
  62.900587551100003   -120455.162755660654511
  64.845830819000000   -120455.235067420129781
  66.830771565299997   -120455.273230523394886
  68.855810774500000   -120455.277976794488495
  70.921349431300001   -120455.253731956559932
  73.027788520200005   -120455.205645662106690
  75.175529026000007   -120455.127225091448054


# Temperature: 710.000000
# Parameters: -120455.296444 0.509361 7.939845 67.876117
  59.127589511600000   -120454.858376481206506
  60.994640776799997   -120455.066035159863532
  62.900587551100003   -120455.177691287623020
  64.845830819000000   -120455.250167090576724
  66.830771565299997   -120455.288584532856476
  68.855810774500000   -120455.293635679117870
  70.921349431300001   -120455.269762564828852
  73.027788520200005   -120455.222145090578124
  75.175529026000007   -120455.144071507165791


# Temperature: 720.000000
# Parameters: -120455.312070 0.507461 8.029247 67.889487
  59.127589511600000   -120454.872239864998846
  60.994640776799997   -120455.080984492524294
  62.900587551100003   -120455.192733810545178
  64.845830819000000   -120455.265373854956124
  66.830771565299997   -120455.304045822820626
  68.855810774500000   -120455.309402017344837
  70.921349431300001   -120455.285900788352592
  73.027788520200005   -120455.238752284582006
  75.175529026000007   -120455.161024628163432


# Temperature: 730.000000
# Parameters: -120455.327828 0.505740 8.096356 67.904634
  59.127589511600000   -120454.886203877511434
  60.994640776799997   -120455.096039095005835
  62.900587551100003   -120455.207881806447404
  64.845830819000000   -120455.280686283003888
  66.830771565299997   -120455.319612956780475
  68.855810774500000   -120455.325274365386576
  70.921349431300001   -120455.302145177178318
  73.027788520200005   -120455.255465787966386
  75.175529026000007   -120455.178083007573150


# Temperature: 740.000000
# Parameters: -120455.343664 0.503764 8.190470 67.918419
  59.127589511600000   -120454.900267210745369
  60.994640776799997   -120455.111197586782509
  62.900587551100003   -120455.223133890642202
  64.845830819000000   -120455.296102981752483
  66.830771565299997   -120455.335284533503000
  68.855810774500000   -120455.341251315796399
  70.921349431300001   -120455.318494317616569
  73.027788520200005   -120455.272284181817668
  75.175529026000007   -120455.195245236915071


# Temperature: 750.000000
# Parameters: -120455.359578 0.501662 8.316233 67.926954
  59.127589511600000   -120454.914428589923773
  60.994640776799997   -120455.126458626749809
  62.900587551100003   -120455.238488712668186
  64.845830819000000   -120455.311622593493666
  66.830771565299997   -120455.351059189037187
  68.855810774500000   -120455.357331498409621
  70.921349431300001   -120455.334946833288996
  73.027788520200005   -120455.289206084620673
  75.175529026000007   -120455.212509944976773


# Temperature: 760.000000
# Parameters: -120455.375670 0.499962 8.373462 67.944294
  59.127589511600000   -120454.928686769242631
  60.994640776799997   -120455.141820905861096
  62.900587551100003   -120455.253944955227780
  64.845830819000000   -120455.327243794716196
  66.830771565299997   -120455.366935592624941
  68.855810774500000   -120455.373513576254481
  70.921349431300001   -120455.351501382028800
  73.027788520200005   -120455.306230147951283
  75.175529026000007   -120455.229875796852866


# Temperature: 770.000000
# Parameters: -120455.391856 0.498186 8.447742 67.960302
  59.127589511600000   -120454.943040535057662
  60.994640776799997   -120455.157283145177644
  62.900587551100003   -120455.269501335234963
  64.845830819000000   -120455.342965295043541
  66.830771565299997   -120455.382912448723800
  68.855810774500000   -120455.389796248593484
  70.921349431300001   -120455.368156655866187
  73.027788520200005   -120455.323355060769245
  75.175529026000007   -120455.247341488706297


# Temperature: 780.000000
# Parameters: -120455.408091 0.496062 8.533806 67.975539
  59.127589511600000   -120454.957488703759736
  60.994640776799997   -120455.172844101005467
  62.900587551100003   -120455.285156598605681
  64.845830819000000   -120455.358785835254821
  66.830771565299997   -120455.398988492888748
  68.855810774500000   -120455.406178243749309
  70.921349431300001   -120455.384911382046994
  73.027788520200005   -120455.340579543044441
  75.175529026000007   -120455.264905752992490


# Temperature: 790.000000
# Parameters: -120455.424495 0.494382 8.591510 67.992840
  59.127589511600000   -120454.972030118704424
  60.994640776799997   -120455.188502555538435
  62.900587551100003   -120455.300909524419694
  64.845830819000000   -120455.374704188187025
  66.830771565299997   -120455.415162490739021
  68.855810774500000   -120455.422658325245720
  70.921349431300001   -120455.401764314825414
  73.027788520200005   -120455.357902347983327
  75.175529026000007   -120455.282567351197940


# Temperature: 800.000000
# Parameters: -120455.440888 0.491970 8.724842 68.002894
  59.127589511600000   -120454.986663651216077
  60.994640776799997   -120455.204257323086495
  62.900587551100003   -120455.316758919769200
  64.845830819000000   -120455.390719154718681
  66.830771565299997   -120455.431433239005855
  68.855810774500000   -120455.439235282567097
  70.921349431300001   -120455.418714243627619
  73.027788520200005   -120455.375322256746585
  75.175529026000007   -120455.300325075877481


# Temperature: 810.000000
# Parameters: -120455.457405 0.489693 8.818804 68.017966
  59.127589511600000   -120455.001388198550558
  60.994640776799997   -120455.220107243905659
  62.900587551100003   -120455.332703618667438
  64.845830819000000   -120455.406829564715736
  66.830771565299997   -120455.447799562345608
  68.855810774500000   -120455.455907938303426
  70.921349431300001   -120455.435759981744923
  73.027788520200005   -120455.392838081592345
  75.175529026000007   -120455.318177748602466


# Temperature: 820.000000
# Parameters: -120455.474083 0.487840 8.910260 68.031478
  59.127589511600000   -120455.016202682818403
  60.994640776799997   -120455.236051186206168
  62.900587551100003   -120455.348742485191906
  64.845830819000000   -120455.423034276027465
  66.830771565299997   -120455.464260314503917
  68.855810774500000   -120455.472675138909835
  70.921349431300001   -120455.452900376694743
  73.027788520200005   -120455.410448664813885
  75.175529026000007   -120455.336124221008504


# Temperature: 830.000000
# Parameters: -120455.490862 0.485996 8.970233 68.049485
  59.127589511600000   -120455.031106052047107
  60.994640776799997   -120455.252088044129778
  62.900587551100003   -120455.364874407241587
  64.845830819000000   -120455.439332173467847
  66.830771565299997   -120455.480814374051988
  68.855810774500000   -120455.489535759901628
  70.921349431300001   -120455.470134296672768
  73.027788520200005   -120455.428152872569626
  75.175529026000007   -120455.354163368596346


# Temperature: 840.000000
# Parameters: -120455.507656 0.483621 9.071680 68.064204
  59.127589511600000   -120455.046097279133392
  60.994640776799997   -120455.268216737720650
  62.900587551100003   -120455.381098299709265
  64.845830819000000   -120455.455722166734631
  66.830771565299997   -120455.497460648592096
  68.855810774500000   -120455.506488704690128
  70.921349431300001   -120455.487460642048973
  73.027788520200005   -120455.445949600034510
  75.175529026000007   -120455.372294096887344


# Temperature: 850.000000
# Parameters: -120455.524581 0.481470 9.172044 68.078101
  59.127589511600000   -120455.061175355629530
  60.994640776799997   -120455.284436208792613
  62.900587551100003   -120455.397413101265556
  64.845830819000000   -120455.472203189303400
  66.830771565299997   -120455.514198065415258
  68.855810774500000   -120455.523532898543635
  70.921349431300001   -120455.504878335967078
  73.027788520200005   -120455.463837766219513
  75.175529026000007   -120455.390515333187068


# Temperature: 860.000000
# Parameters: -120455.541650 0.479728 9.231666 68.094472
  59.127589511600000   -120455.076339301100234
  60.994640776799997   -120455.300745427113725
  62.900587551100003   -120455.413817776541691
  64.845830819000000   -120455.488774201672641
  66.830771565299997   -120455.531025582939037
  68.855810774500000   -120455.540667293622391
  70.921349431300001   -120455.522386324373656
  73.027788520200005   -120455.481816317071207
  75.175529026000007   -120455.408826032769866


# Temperature: 870.000000
# Parameters: -120455.558783 0.477616 9.302717 68.113932
  59.127589511600000   -120455.091588151641190
  60.994640776799997   -120455.317143381165806
  62.900587551100003   -120455.430311308780801
  64.845830819000000   -120455.505434185019112
  66.830771565299997   -120455.547942176126526
  68.855810774500000   -120455.557890863841749
  70.921349431300001   -120455.539983580194530
  73.027788520200005   -120455.499884220305830
  75.175529026000007   -120455.427225171646569


# Temperature: 880.000000
# Parameters: -120455.575926 0.475037 9.437443 68.125222
  59.127589511600000   -120455.106920967227779
  60.994640776799997   -120455.333629083208507
  62.900587551100003   -120455.446892707172083
  64.845830819000000   -120455.522182143351529
  66.830771565299997   -120455.564946848971886
  68.855810774500000   -120455.575202607011306
  70.921349431300001   -120455.557669098081533
  73.027788520200005   -120455.518040467490209
  75.175529026000007   -120455.445711750697228


# Temperature: 890.000000
# Parameters: -120455.593207 0.472754 9.523399 68.142132
  59.127589511600000   -120455.122336827509571
  60.994640776799997   -120455.350201568333432
  62.900587551100003   -120455.463561002659844
  64.845830819000000   -120455.539017102419166
  66.830771565299997   -120455.582038621010724
  68.855810774500000   -120455.592601542652119
  70.921349431300001   -120455.575441893422976
  73.027788520200005   -120455.536284072964918
  75.175529026000007   -120455.464284792586113


# Temperature: 900.000000
# Parameters: -120455.610588 0.470536 9.623523 68.156810
  59.127589511600000   -120455.137834831839427
  60.994640776799997   -120455.366859889254556
  62.900587551100003   -120455.480315244843950
  64.845830819000000   -120455.555938110774150
  66.830771565299997   -120455.599216538728797
  68.855810774500000   -120455.610086711021722
  70.921349431300001   -120455.593301005472313
  73.027788520200005   -120455.554614070802927
  75.175529026000007   -120455.482943341718055


# Temperature: 910.000000
# Parameters: -120455.628054 0.468303 9.717598 68.172485
  59.127589511600000   -120455.153414097163477
  60.994640776799997   -120455.383603121488704
  62.900587551100003   -120455.497154504046193
  64.845830819000000   -120455.572944234620081
  66.830771565299997   -120455.616479664167855
  68.855810774500000   -120455.627657175224158
  70.921349431300001   -120455.611245493128081
  73.027788520200005   -120455.573029518884141
  75.175529026000007   -120455.501686461167992


# Temperature: 920.000000
# Parameters: -120455.645564 0.465729 9.842093 68.185606
  59.127589511600000   -120455.169073760160245
  60.994640776799997   -120455.400430358131416
  62.900587551100003   -120455.514077871310292
  64.845830819000000   -120455.590034562905203
  66.830771565299997   -120455.633827084238874
  68.855810774500000   -120455.645312014894444
  70.921349431300001   -120455.629274433988030
  73.027788520200005   -120455.591529493758571
  75.175529026000007   -120455.520513236799161


# Temperature: 930.000000
# Parameters: -120455.663267 0.463880 9.889151 68.206298
  59.127589511600000   -120455.184812975101522
  60.994640776799997   -120455.417340713072917
  62.900587551100003   -120455.531084456350072
  64.845830819000000   -120455.607208200191963
  66.830771565299997   -120455.651257900346536
  68.855810774500000   -120455.663050332485000
  70.921349431300001   -120455.647386926357285
  73.027788520200005   -120455.610113089569495
  75.175529026000007   -120455.539422773159458


# Temperature: 940.000000
# Parameters: -120455.680920 0.461066 10.019358 68.220059
  59.127589511600000   -120455.200630913881469
  60.994640776799997   -120455.434333315686672
  62.900587551100003   -120455.548173386516282
  64.845830819000000   -120455.624464271706529
  66.830771565299997   -120455.668771235694294
  68.855810774500000   -120455.680871247022878
  70.921349431300001   -120455.665582089277450
  73.027788520200005   -120455.628779424339882
  75.175529026000007   -120455.558414191342308


# Temperature: 950.000000
# Parameters: -120455.698813 0.459348 10.072458 68.239303
  59.127589511600000   -120455.216526764968876
  60.994640776799997   -120455.451407316126279
  62.900587551100003   -120455.565343807757017
  64.845830819000000   -120455.641801921388833
  66.830771565299997   -120455.686366231064312
  68.855810774500000   -120455.698773896234343
  70.921349431300001   -120455.683859057331574
  73.027788520200005   -120455.647527628490934
  75.175529026000007   -120455.577486634225352


# Temperature: 960.000000
# Parameters: -120455.716645 0.456551 10.182026 68.256246
  59.127589511600000   -120455.232499732388533
  60.994640776799997   -120455.468561879009940
  62.900587551100003   -120455.582594882667763
  64.845830819000000   -120455.659220308676595
  66.830771565299997   -120455.704042042809306
  68.855810774500000   -120455.716757435395266
  70.921349431300001   -120455.702216983743710
  73.027788520200005   -120455.666356855275808
  75.175529026000007   -120455.596639260227676


# Temperature: 970.000000
# Parameters: -120455.734534 0.453614 10.334615 68.267688
  59.127589511600000   -120455.248549036754412
  60.994640776799997   -120455.485796188688255
  62.900587551100003   -120455.599925791437272
  64.845830819000000   -120455.676718611692195
  66.830771565299997   -120455.721797845952096
  68.855810774500000   -120455.734821037462098
  70.921349431300001   -120455.720655039389385
  73.027788520200005   -120455.685266272441368
  75.175529026000007   -120455.615871246438473


# Temperature: 980.000000
# Parameters: -120455.752484 0.450451 10.470382 68.283054
  59.127589511600000   -120455.264673913188744
  60.994640776799997   -120455.503109441924607
  62.900587551100003   -120455.617335730814375
  64.845830819000000   -120455.694296024084906
  66.830771565299997   -120455.739632833094220
  68.855810774500000   -120455.752963891951367
  70.921349431300001   -120455.739172411718755
  73.027788520200005   -120455.704255065356847
  75.175529026000007   -120455.635181783392909


# Temperature: 990.000000
# Parameters: -120455.770758 0.449020 10.483969 68.306906
  59.127589511600000   -120455.280873614421580
  60.994640776799997   -120455.520500854137936
  62.900587551100003   -120455.634823912085267
  64.845830819000000   -120455.711951754041365
  66.830771565299997   -120455.757546211374574
  68.855810774500000   -120455.771185203891946
  70.921349431300001   -120455.757768302661134
  73.027788520200005   -120455.723322435966111
  75.175529026000007   -120455.654570082377177


# Temperature: 1000.000000
# Parameters: -120455.788954 0.446441 10.594553 68.322928
  59.127589511600000   -120455.297147404591669
  60.994640776799997   -120455.537969656317728
  62.900587551100003   -120455.652389562077587
  64.845830819000000   -120455.729685028374661
  66.830771565299997   -120455.775537202454871
  68.855810774500000   -120455.789484193926910
  70.921349431300001   -120455.776441932830494
  73.027788520200005   -120455.742467601783574
  75.175529026000007   -120455.674035367119359


