   0.000000000000000        47.853498869874286
  10.000000000000000        47.924583239294329
  20.000000000000000        47.866206585754519
  30.000000000000000        47.839077105939317
  40.000000000000000        47.759656993618982
  50.000000000000000        47.669740612666452
  60.000000000000000        47.594706382955692
  70.000000000000000        47.474672082249384
  80.000000000000000        47.452744148435272
  90.000000000000000        47.368470702959833
 100.000000000000000        47.192593700262968
 110.000000000000000        47.149726710555434
 120.000000000000000        47.089101173311747
 130.000000000000000        46.951064314758199
 140.000000000000000        46.807139437924533
 150.000000000000000        46.754564739357271
 160.000000000000000        46.626209265593474
 170.000000000000000        46.550440165913940
 180.000000000000000        46.457661652160716
 190.000000000000000        46.409975861748343
 200.000000000000000        46.335837429251519
 210.000000000000000        46.259768005644446
 220.000000000000000        46.151661199012565
 230.000000000000000        45.997655153972467
 240.000000000000000        45.903041772079590
 250.000000000000000        45.821210684711097
 260.000000000000000        45.653954449590813
 270.000000000000000        45.687708367632013
 280.000000000000000        45.542081002883506
 290.000000000000000        45.440222663399055
 300.000000000000000        45.326049361603246
 310.000000000000000        45.325552916556916
 320.000000000000000        45.353510271773452
 330.000000000000000        45.261365662666677
 340.000000000000000        45.114360199332431
 350.000000000000000        45.073172122468101
 360.000000000000000        45.001986805788128
 370.000000000000000        44.915308800787365
 380.000000000000000        44.885698125553176
 390.000000000000000        44.873204439051030
 400.000000000000000        44.723378179840964
 410.000000000000000        44.577643072902646
 420.000000000000000        44.569883894115804
 430.000000000000000        44.364095330727309
 440.000000000000000        44.488965009676711
 450.000000000000000        44.459460091189577
 460.000000000000000        44.509218635725155
 470.000000000000000        44.250767141899338
 480.000000000000000        44.388958175036549
 490.000000000000000        44.287042299717328
 500.000000000000000        44.159778445452858
 510.000000000000000        44.079902305540379
 520.000000000000000        44.130779402789670
 530.000000000000000        43.947021888526791
 540.000000000000000        43.984254847729872
 550.000000000000000        43.961952534936977
 560.000000000000000        44.077450969188106
 570.000000000000000        43.994092171540707
 580.000000000000000        43.900217778952793
 590.000000000000000        43.722963051839749
 600.000000000000000        43.790072119931907
 610.000000000000000        43.844747378169828
 620.000000000000000        43.785383543400179
 630.000000000000000        43.715222374695330
 640.000000000000000        43.683926936231579
 650.000000000000000        43.801869850956109
 660.000000000000000        43.636887200843809
 670.000000000000000        43.622429278669628
 680.000000000000000        43.325323697495705
 690.000000000000000        43.194571479585534
 700.000000000000000        43.682646412095558
 710.000000000000000        43.637956273726260
 720.000000000000000        43.742700484744056
 730.000000000000000        43.681119005190119
 740.000000000000000        43.688265061230616
 750.000000000000000        43.704542188235969
 760.000000000000000        43.409131747859689
 770.000000000000000        43.805904218023436
 780.000000000000000        43.512857342942098
 790.000000000000000        43.275889959178983
 800.000000000000000        43.748541280798477
 810.000000000000000        43.188194409250350
 820.000000000000000        43.189250434529654
 830.000000000000000        43.689127932162322
 840.000000000000000        43.309793043053958
 850.000000000000000        43.341399212398287
 860.000000000000000        43.249803186901545
 870.000000000000000        43.255442293584956
 880.000000000000000        43.463551735191110
 890.000000000000000        43.234683850236458
 900.000000000000000        43.196092282554872
 910.000000000000000        43.435984468709769
 920.000000000000000        43.765128180346629
 930.000000000000000        43.356203221557671
 940.000000000000000        43.532383658411426
 950.000000000000000        43.214716684811293
 960.000000000000000        43.433130409868049
 970.000000000000000        43.566126210403652
 980.000000000000000        43.586850569424811
 990.000000000000000        43.517296125853917
1000.000000000000000        43.740659732212507
1010.000000000000000        43.529523293736709
1020.000000000000000        43.693319969852837
1030.000000000000000        44.046237276321811
1040.000000000000000        44.017484272125664
1050.000000000000000        43.813477255576501
1060.000000000000000        43.923295612784116
1070.000000000000000        43.800147457382252
1080.000000000000000        43.833511264079441
1090.000000000000000        44.103175930039960
1100.000000000000000        44.435442624506642
1110.000000000000000        43.989178627225755
1120.000000000000000        44.310464964663367
1130.000000000000000        44.323386750539285
1140.000000000000000        44.128080116596209
1150.000000000000000        44.274200118097546
1160.000000000000000        44.483209119063183
1170.000000000000000        44.652765784760646
1180.000000000000000        44.472071091067818
1190.000000000000000        44.630942712700552
1200.000000000000000        44.527604987351552
1210.000000000000000        44.784303070201425
1220.000000000000000        44.052017473625014
1230.000000000000000        44.982590054156198
1240.000000000000000        44.503886960414519
1250.000000000000000        45.014010784324576
1260.000000000000000        44.876707760422150
1270.000000000000000        44.917392203338679
1280.000000000000000        45.014473778824886
1290.000000000000000        45.173089615840773
1300.000000000000000        45.065535268774916
1310.000000000000000        45.350564220002028
1320.000000000000000        45.493774264469032
1330.000000000000000        45.192566120009445
1340.000000000000000        45.717381174125990
1350.000000000000000        45.444812154655949
1360.000000000000000        45.118795638451530
1370.000000000000000        45.059306624438051
1380.000000000000000        45.616401568329074
1390.000000000000000        45.807463198409607
1400.000000000000000        45.217751197114303
1410.000000000000000        46.043441345358367
1420.000000000000000        45.669450082442900
1430.000000000000000        45.504342996069809
1440.000000000000000        46.896028600219793
1450.000000000000000        46.607087697706163
1460.000000000000000        46.398321093916429
1470.000000000000000        46.192678164015490
1480.000000000000000        46.835149463701754
1490.000000000000000        46.007130208606632
1500.000000000000000        46.431782017509157
1510.000000000000000        46.820497744941555
1520.000000000000000        46.549286246174084
1530.000000000000000        46.963168957378947
1540.000000000000000        46.821928530222387
1550.000000000000000        46.974027906064869
1560.000000000000000        47.830541579566635
1570.000000000000000        46.645866031167579
1580.000000000000000        46.917422802495608
1590.000000000000000        46.969430508223773
1600.000000000000000        47.100983168385127
1610.000000000000000        47.035593254644063
1620.000000000000000        47.633191997449899
1630.000000000000000        47.431833453901902
1640.000000000000000        47.844017148077747
1650.000000000000000        47.823286029577616
1660.000000000000000        47.633179674288819
1670.000000000000000        48.158386629871110
1680.000000000000000        47.957286163325641
1690.000000000000000        48.313607648896351
1700.000000000000000        47.934866009893867
1710.000000000000000        48.709667002450580
1720.000000000000000        48.503201172348511
1730.000000000000000        48.878523827389074
1740.000000000000000        48.751154826417590
1750.000000000000000        48.549259156757749
1760.000000000000000        48.909212656208354
1770.000000000000000        48.973001158755608
1780.000000000000000        49.161633081665094
1790.000000000000000        49.401685139775573
1800.000000000000000        49.299333014762666
1810.000000000000000        49.454406864379187
1820.000000000000000        49.491802365508242
1830.000000000000000        49.090421766874393
1840.000000000000000        49.845113547532073
1850.000000000000000        50.312921679911561
1860.000000000000000        50.075268117779551
1870.000000000000000        50.111587633293873
1880.000000000000000        50.316797011900249
1890.000000000000000        50.083727758296710
1900.000000000000000        51.317143087828121
1910.000000000000000        50.243936273661660
1920.000000000000000        50.610273014962345
1930.000000000000000        50.473922735174462
1940.000000000000000        50.809248628152751
1950.000000000000000        50.908597137318864
1960.000000000000000        51.544986067906059
1970.000000000000000        50.967542951491374
1980.000000000000000        51.683869891586816
1990.000000000000000        50.983722606465868
