   0.000000000000000    0.000000000000000
  10.000000000000000    5.782931222490292
  20.000000000000000   25.876647945851651
  30.000000000000000   51.743202282153504
  40.000000000000000   77.130354459814242
  50.000000000000000  100.383852190295030
  60.000000000000000  120.733700314215739
  70.000000000000000  138.045292978903575
  80.000000000000000  152.905644196598843
  90.000000000000000  164.662051569601687
 100.000000000000000  174.827989723204041
 110.000000000000000  183.822951983281655
 120.000000000000000  191.179879869964310
 130.000000000000000  197.163003754544803
 140.000000000000000  202.491499696232637
 150.000000000000000  207.447862765090235
 160.000000000000000  211.384142480303524
 170.000000000000000  215.196926051849118
 180.000000000000000  219.120732274735303
 190.000000000000000  222.032258290210137
 200.000000000000000  224.238436678604160
 210.000000000000000  226.477832180690484
 220.000000000000000  227.886384590372700
 230.000000000000000  229.870208644991322
 240.000000000000000  232.076724477406145
 250.000000000000000  233.518832914607657
 260.000000000000000  235.406357551230315
 270.000000000000000  236.909033785029919
 280.000000000000000  237.501581140787863
 290.000000000000000  238.460714142415384
 300.000000000000000  240.525639647668555
 310.000000000000000  242.516391710554188
 320.000000000000000  241.901953876241066
 330.000000000000000  242.093520627233261
 340.000000000000000  244.226895221388702
 350.000000000000000  244.655392511213932
 360.000000000000000  243.922068954478732
 370.000000000000000  245.894145180950574
 380.000000000000000  247.826586641053524
 390.000000000000000  246.473439834170847
 400.000000000000000  246.063532577629587
 410.000000000000000  247.732671946709019
 420.000000000000000  247.939913388643902
 430.000000000000000  249.353878327153950
 440.000000000000000  250.982161219072026
 450.000000000000000  250.799523475255370
 460.000000000000000  249.366109309083129
 470.000000000000000  250.754906048390268
 480.000000000000000  252.414355928740804
 490.000000000000000  250.138130897285151
 500.000000000000000  250.536023093798320
 510.000000000000000  252.733272206215986
 520.000000000000000  252.519816092118049
 530.000000000000000  252.846705124640152
 540.000000000000000  253.514672793013119
 550.000000000000000  254.172019875672788
 560.000000000000000  254.857009651107887
 570.000000000000000  253.230592653782594
 580.000000000000000  252.258719035051854
 590.000000000000000  254.384816344792370
 600.000000000000000  255.510333885049448
 610.000000000000000  254.493502814086099
 620.000000000000000  254.887061977012678
 630.000000000000000  255.203666487954905
 640.000000000000000  256.545382294027320
 650.000000000000000  256.285037561795889
 660.000000000000000  254.605110568520814
 670.000000000000000  253.639209817831414
 680.000000000000000  253.865395679438166
 690.000000000000000  259.594554679088674
 700.000000000000000  260.547234780512440
 710.000000000000000  256.484401361318930
 720.000000000000000  256.783668085244926
 730.000000000000000  256.919727128611441
 740.000000000000000  257.735100392898971
 750.000000000000000  255.204153442989195
 760.000000000000000  258.598020465653121
 770.000000000000000  259.606797481399042
 780.000000000000000  254.197212993507264
 790.000000000000000  257.969508309141645
 800.000000000000000  258.071233861729354
 810.000000000000000  256.209063809044437
 820.000000000000000  260.830164316619687
 830.000000000000000  258.774997590060252
 840.000000000000000  256.367375191564292
 850.000000000000000  259.088314797267969
 860.000000000000000  258.611983087202475
 870.000000000000000  258.655136495808847
 880.000000000000000  259.087889898193680
 890.000000000000000  259.795881171439305
 900.000000000000000  259.665407030596953
 910.000000000000000  260.903333925964489
 920.000000000000000  259.553715437887263
 930.000000000000000  258.640653261020191
 940.000000000000000  259.620340403314515
 950.000000000000000  258.765882668581185
 960.000000000000000  260.164332062134179
 970.000000000000000  259.396644379950033
 980.000000000000000  259.222386124200000
 990.000000000000000  260.707193257331369
1000.000000000000000  259.625334410167909
1010.000000000000000  259.286951245789453
1020.000000000000000  260.090889921182338
1030.000000000000000  260.877484462020107
1040.000000000000000  259.633842366638817
1050.000000000000000  259.812185169896509
1060.000000000000000  260.139731468111336
1070.000000000000000  259.118837142521045
1080.000000000000000  261.055487308702254
1090.000000000000000  260.124926944627134
1100.000000000000000  260.947523063695371
1110.000000000000000  260.500602383504145
1120.000000000000000  259.548072551075848
1130.000000000000000  261.416815106708327
1140.000000000000000  260.771955719135462
1150.000000000000000  259.704557834203513
1160.000000000000000  259.623093192436613
1170.000000000000000  260.943320594361182
1180.000000000000000  261.201685528263624
1190.000000000000000  259.826316749453269
1200.000000000000000  259.553333630709574
1210.000000000000000  261.668127710044359
1220.000000000000000  259.986499484531691
1230.000000000000000  260.478051512691081
1240.000000000000000  260.848214555680329
1250.000000000000000  259.290620901222894
1260.000000000000000  261.403496815854112
1270.000000000000000  260.687733990920208
1280.000000000000000  259.961809617023107
1290.000000000000000  260.871463299463869
1300.000000000000000  258.366685775280814
1310.000000000000000  260.443981930676728
1320.000000000000000  263.246777916035114
1330.000000000000000  259.781512326096276
1340.000000000000000  260.417769233400861
1350.000000000000000  261.390342732404633
1360.000000000000000  261.922376421197214
1370.000000000000000  260.665128321251018
1380.000000000000000  258.600239951781020
1390.000000000000000  261.309765130336302
1400.000000000000000  260.455827284099882
1410.000000000000000  259.445134971396783
1420.000000000000000  261.173218996285584
1430.000000000000000  256.868535758298378
1440.000000000000000  256.978024760550170
1450.000000000000000  262.534661412862420
1460.000000000000000  262.825326112201594
1470.000000000000000  259.823687211481683
1480.000000000000000  261.874303343479767
1490.000000000000000  261.846491454035970
1500.000000000000000  256.750126337252141
1510.000000000000000  260.112362574126280
1520.000000000000000  261.367093947613739
1530.000000000000000  259.704450149431693
1540.000000000000000  260.823534530009624
1550.000000000000000  256.382194533354664
1560.000000000000000  260.684904162769044
1570.000000000000000  264.801034033641827
1580.000000000000000  260.095086493549502
1590.000000000000000  259.882383289179415
1600.000000000000000  260.793679251577316
1610.000000000000000  257.039538187929395
1620.000000000000000  258.873892866054859
1630.000000000000000  259.801856494487708
1640.000000000000000  257.849740497292203
1650.000000000000000  262.485681261448065
1660.000000000000000  258.735463594982321
1670.000000000000000  258.424557813406182
1680.000000000000000  258.391451078582691
1690.000000000000000  260.668031597584672
1700.000000000000000  257.317903302658010
1710.000000000000000  256.159384378835910
1720.000000000000000  260.818960715246760
1730.000000000000000  259.404747200174768
1740.000000000000000  263.881596181203406
1750.000000000000000  259.295429796132964
1760.000000000000000  255.676574101796604
1770.000000000000000  258.877046960233827
1780.000000000000000  258.141472022068172
1790.000000000000000  259.763737089220342
1800.000000000000000  259.453239111704420
1810.000000000000000  258.367759787616023
1820.000000000000000  264.571822012983034
1830.000000000000000  258.133075262373325
1840.000000000000000  249.883474702796406
1850.000000000000000  260.498956152424910
1860.000000000000000  262.817975356676357
1870.000000000000000  255.295650780355629
1880.000000000000000  260.361926150248564
1890.000000000000000  251.846578673809091
1900.000000000000000  258.315497760063465
1910.000000000000000  267.040255593273059
1920.000000000000000  257.731385223599318
1930.000000000000000  259.063292260998423
1940.000000000000000  255.033550445393956
1950.000000000000000  252.803974563128833
1960.000000000000000  261.377624333677545
1970.000000000000000  259.057185776351616
1980.000000000000000  258.812148589931780
1990.000000000000000  262.824754927769277
