   0.000000000000000    0.000000000000000
  10.000000000000000    0.000135643591420
  20.000000000000000    0.000353704843399
  30.000000000000000    0.000576395290143
  40.000000000000000    0.000790776474916
  50.000000000000000    0.000987822805961
  60.000000000000000    0.001161397507186
  70.000000000000000    0.001308936562416
  80.000000000000000    0.001432223448250
  90.000000000000000    0.001534313006239
 100.000000000000000    0.001619122259662
 110.000000000000000    0.001689469190592
 120.000000000000000    0.001748400637220
 130.000000000000000    0.001797823546013
 140.000000000000000    0.001840149952718
 150.000000000000000    0.001875732771332
 160.000000000000000    0.001906422199536
 170.000000000000000    0.001932606372814
 180.000000000000000    0.001955074166331
 190.000000000000000    0.001973642258653
 200.000000000000000    0.001990243324215
 210.000000000000000    0.002004106221399
 220.000000000000000    0.002016459890228
 230.000000000000000    0.002027258706071
 240.000000000000000    0.002036226746218
 250.000000000000000    0.002043641407186
 260.000000000000000    0.002050210339195
 270.000000000000000    0.002054891304182
 280.000000000000000    0.002059299145194
 290.000000000000000    0.002062821760017
 300.000000000000000    0.002065820988213
 310.000000000000000    0.002066882730576
 320.000000000000000    0.002067597048950
 330.000000000000000    0.002068998015096
 340.000000000000000    0.002069291738130
 350.000000000000000    0.002068449854636
 360.000000000000000    0.002068199298187
 370.000000000000000    0.002067939021293
 380.000000000000000    0.002065719363249
 390.000000000000000    0.002063584050738
 400.000000000000000    0.002062577575587
 410.000000000000000    0.002060779411650
 420.000000000000000    0.002058225835394
 430.000000000000000    0.002056240942699
 440.000000000000000    0.002052391494387
 450.000000000000000    0.002048958592418
 460.000000000000000    0.002045272527951
 470.000000000000000    0.002043144712788
 480.000000000000000    0.002038240353440
 490.000000000000000    0.002034709603670
 500.000000000000000    0.002031818480702
 510.000000000000000    0.002027983046513
 520.000000000000000    0.002023249341653
 530.000000000000000    0.002019648106650
 540.000000000000000    0.002014672050322
 550.000000000000000    0.002010563759028
 560.000000000000000    0.002005072885061
 570.000000000000000    0.002000446859075
 580.000000000000000    0.001996355474907
 590.000000000000000    0.001992589587595
 600.000000000000000    0.001986803347223
 610.000000000000000    0.001982180845453
 620.000000000000000    0.001977267677451
 630.000000000000000    0.001972383357989
 640.000000000000000    0.001967269438200
 650.000000000000000    0.001961362384918
 660.000000000000000    0.001956510239083
 670.000000000000000    0.001951986326510
 680.000000000000000    0.001947955035755
 690.000000000000000    0.001943311950247
 700.000000000000000    0.001934859878184
 710.000000000000000    0.001929525669774
 720.000000000000000    0.001924253001801
 730.000000000000000    0.001918739542941
 740.000000000000000    0.001913414424594
 750.000000000000000    0.001907326158475
 760.000000000000000    0.001903982913505
 770.000000000000000    0.001895364828249
 780.000000000000000    0.001891318243725
 790.000000000000000    0.001886803626533
 800.000000000000000    0.001879988597115
 810.000000000000000    0.001875450447962
 820.000000000000000    0.001870059887363
 830.000000000000000    0.001862155207584
 840.000000000000000    0.001858321569870
 850.000000000000000    0.001852220490854
 860.000000000000000    0.001846450938675
 870.000000000000000    0.001840738123085
 880.000000000000000    0.001834980100469
 890.000000000000000    0.001828996966972
 900.000000000000000    0.001822770138152
 910.000000000000000    0.001816919581118
 920.000000000000000    0.001809845390113
 930.000000000000000    0.001804993304654
 940.000000000000000    0.001798604770055
 950.000000000000000    0.001793100976853
 960.000000000000000    0.001787352651709
 970.000000000000000    0.001780905644069
 980.000000000000000    0.001775731372592
 990.000000000000000    0.001769443106098
1000.000000000000000    0.001763273475204
1010.000000000000000    0.001757769279942
1020.000000000000000    0.001751869532420
1030.000000000000000    0.001745847895011
1040.000000000000000    0.001739442166919
1050.000000000000000    0.001734304003283
1060.000000000000000    0.001727811650305
1070.000000000000000    0.001722484059735
1080.000000000000000    0.001716717346850
1090.000000000000000    0.001710115498904
1100.000000000000000    0.001705005472721
1110.000000000000000    0.001697884323151
1120.000000000000000    0.001693101707358
1130.000000000000000    0.001686649338349
1140.000000000000000    0.001680653321539
1150.000000000000000    0.001674657705043
1160.000000000000000    0.001669397411769
1170.000000000000000    0.001663487259894
1180.000000000000000    0.001657388471608
1190.000000000000000    0.001651336587310
1200.000000000000000    0.001646164854736
1210.000000000000000    0.001640321604049
1220.000000000000000    0.001633803474742
1230.000000000000000    0.001629075243541
1240.000000000000000    0.001622270492462
1250.000000000000000    0.001617327065573
1260.000000000000000    0.001611553418380
1270.000000000000000    0.001605282479692
1280.000000000000000    0.001599990298273
1290.000000000000000    0.001594209949616
1300.000000000000000    0.001588364973159
1310.000000000000000    0.001584198070838
1320.000000000000000    0.001577071086304
1330.000000000000000    0.001571154731885
1340.000000000000000    0.001566231386935
1350.000000000000000    0.001559943559145
1360.000000000000000    0.001554432689397
1370.000000000000000    0.001547837626930
1380.000000000000000    0.001543128374750
1390.000000000000000    0.001537843380067
1400.000000000000000    0.001531480698575
1410.000000000000000    0.001526742192920
1420.000000000000000    0.001521029188932
1430.000000000000000    0.001515250235296
1440.000000000000000    0.001512197625598
1450.000000000000000    0.001506382213988
1460.000000000000000    0.001499963359071
1470.000000000000000    0.001493988072980
1480.000000000000000    0.001489409835954
1490.000000000000000    0.001482220529743
1500.000000000000000    0.001477669421914
1510.000000000000000    0.001473576623529
1520.000000000000000    0.001467032025444
1530.000000000000000    0.001462200626835
1540.000000000000000    0.001456674392819
1550.000000000000000    0.001451194603827
1560.000000000000000    0.001448329759654
1570.000000000000000    0.001440329528664
1580.000000000000000    0.001435029355703
1590.000000000000000    0.001429832754331
1600.000000000000000    0.001424677660832
1610.000000000000000    0.001418965342508
1620.000000000000000    0.001416028081901
1630.000000000000000    0.001409272462771
1640.000000000000000    0.001405801146447
1650.000000000000000    0.001400210525657
1660.000000000000000    0.001394062800731
1670.000000000000000    0.001390657645299
1680.000000000000000    0.001384717359882
1690.000000000000000    0.001381342147709
1700.000000000000000    0.001374121979121
1710.000000000000000    0.001372671855341
1720.000000000000000    0.001366149456521
1730.000000000000000    0.001362044676922
1740.000000000000000    0.001356353154264
1750.000000000000000    0.001349718224441
1760.000000000000000    0.001346635122855
1770.000000000000000    0.001342075473265
1780.000000000000000    0.001337201843076
1790.000000000000000    0.001333071948886
1800.000000000000000    0.001327308143750
1810.000000000000000    0.001323361737844
1820.000000000000000    0.001318227631067
1830.000000000000000    0.001310837414467
1840.000000000000000    0.001309287415236
1850.000000000000000    0.001306510597286
1860.000000000000000    0.001299103950903
1870.000000000000000    0.001295039395944
1880.000000000000000    0.001291807302230
1890.000000000000000    0.001284979065327
1900.000000000000000    0.001286425593066
1910.000000000000000    0.001276099342322
1920.000000000000000    0.001272741280060
1930.000000000000000    0.001267535519592
1940.000000000000000    0.001263461585102
1950.000000000000000    0.001260461169479
1960.000000000000000    0.001257612722089
1970.000000000000000    0.001250005627274
1980.000000000000000    0.001248396795849
1990.000000000000000    0.001240962231830
