   0.000000000000000   -965429.537957343622111
  10.000000000000000   -965429.538454154273495
  20.000000000000000   -965429.538918389473110
  30.000000000000000   -965429.540928983129561
  40.000000000000000   -965429.544550946331583
  50.000000000000000   -965429.550104841473512
  60.000000000000000   -965429.557978745084256
  70.000000000000000   -965429.567591633647680
  80.000000000000000   -965429.579954352346249
  90.000000000000000   -965429.593904870096594
 100.000000000000000   -965429.609297114191577
 110.000000000000000   -965429.627198299625888
 120.000000000000000   -965429.646690558060072
 130.000000000000000   -965429.667494733352214
 140.000000000000000   -965429.689852431765758
 150.000000000000000   -965429.714129539323039
 160.000000000000000   -965429.739476488088258
 170.000000000000000   -965429.766423522494733
 180.000000000000000   -965429.794617648352869
 190.000000000000000   -965429.824332254240289
 200.000000000000000   -965429.854993084794842
 210.000000000000000   -965429.886881063226610
 220.000000000000000   -965429.919753169524483
 230.000000000000000   -965429.953478938434273
 240.000000000000000   -965429.988485644571483
 250.000000000000000   -965430.024536555865780
 260.000000000000000   -965430.061290530022234
 270.000000000000000   -965430.099692630232312
 280.000000000000000   -965430.138283113716170
 290.000000000000000   -965430.177982826484367
 300.000000000000000   -965430.218388677341864
 310.000000000000000   -965430.260108900140040
 320.000000000000000   -965430.302725892979652
 330.000000000000000   -965430.345752744120546
 340.000000000000000   -965430.389203371829353
 350.000000000000000   -965430.433820058242418
 360.000000000000000   -965430.479075997951441
 370.000000000000000   -965430.524974448839203
 380.000000000000000   -965430.571690361248329
 390.000000000000000   -965430.619196727871895
 400.000000000000000   -965430.666877405252308
 410.000000000000000   -965430.715159779530950
 420.000000000000000   -965430.764599708607420
 430.000000000000000   -965430.813823252217844
 440.000000000000000   -965430.865015031187795
 450.000000000000000   -965430.916119625791907
 460.000000000000000   -965430.968117703218013
 470.000000000000000   -965431.019599355291575
 480.000000000000000   -965431.073032071348280
 490.000000000000000   -965431.126014601672068
 500.000000000000000   -965431.179541821358725
 510.000000000000000   -965431.233756961883046
 520.000000000000000   -965431.288924707681872
 530.000000000000000   -965431.343780142837204
 540.000000000000000   -965431.399792180396616
 550.000000000000000   -965431.456266267690808
 560.000000000000000   -965431.513549256254919
 570.000000000000000   -965431.570645890664309
 580.000000000000000   -965431.628223408129998
 590.000000000000000   -965431.685927997576073
 600.000000000000000   -965431.744903084938414
 610.000000000000000   -965431.804241364123300
 620.000000000000000   -965431.863608181010932
 630.000000000000000   -965431.923414913122542
 640.000000000000000   -965431.983790484955534
 650.000000000000000   -965432.044926357571967
 660.000000000000000   -965432.105665556737222
 670.000000000000000   -965432.167223990312777
 680.000000000000000   -965432.228530203108676
 690.000000000000000   -965432.290446055587381
 700.000000000000000   -965432.354630868299864
 710.000000000000000   -965432.417719216318801
 720.000000000000000   -965432.481567281647585
 730.000000000000000   -965432.545261306455359
 740.000000000000000   -965432.609585068421438
 750.000000000000000   -965432.674244373803958
 760.000000000000000   -965432.738399391877465
 770.000000000000000   -965432.804814766626805
 780.000000000000000   -965432.869735353044234
 790.000000000000000   -965432.934958518715575
 800.000000000000000   -965433.002714823582210
 810.000000000000000   -965433.067689430783503
 820.000000000000000   -965433.134775632875971
 830.000000000000000   -965433.203440151293762
 840.000000000000000   -965433.270257474621758
 850.000000000000000   -965433.338116739294492
 860.000000000000000   -965433.406171863083728
 870.000000000000000   -965433.474742805119604
 880.000000000000000   -965433.544145417865366
 890.000000000000000   -965433.612765770987608
 900.000000000000000   -965433.682107763946988
 910.000000000000000   -965433.752488954574801
 920.000000000000000   -965433.823401844245382
 930.000000000000000   -965433.892758737783879
 940.000000000000000   -965433.963879202725366
 950.000000000000000   -965434.033981256536208
 960.000000000000000   -965434.105768303154036
 970.000000000000000   -965434.177605125354603
 980.000000000000000   -965434.249404676607810
 990.000000000000000   -965434.321108129341155
1000.000000000000000   -965434.394118497963063
1010.000000000000000   -965434.466078139259480
1020.000000000000000   -965434.539285158272833
1030.000000000000000   -965434.613194662262686
1040.000000000000000   -965434.686448805732653
1050.000000000000000   -965434.759759823908098
1060.000000000000000   -965434.833892384776846
1070.000000000000000   -965434.907709612045437
1080.000000000000000   -965434.982171140378341
1090.000000000000000   -965435.057412808062509
1100.000000000000000   -965435.132659047958441
1110.000000000000000   -965435.207114854129031
1120.000000000000000   -965435.283174404525198
1130.000000000000000   -965435.358556290273555
1140.000000000000000   -965435.434170392341912
1150.000000000000000   -965435.510566709446721
1160.000000000000000   -965435.586980401421897
1170.000000000000000   -965435.664190692012198
1180.000000000000000   -965435.740544610307552
1190.000000000000000   -965435.817576780682430
1200.000000000000000   -965435.894464040291496
1210.000000000000000   -965435.972818069742061
1220.000000000000000   -965436.048859687405638
1230.000000000000000   -965436.128259740420617
1240.000000000000000   -965436.205885723233223
1250.000000000000000   -965436.285203568986617
1260.000000000000000   -965436.362880905973725
1270.000000000000000   -965436.442260730313137
1280.000000000000000   -965436.521362119237892
1290.000000000000000   -965436.600842073094100
1300.000000000000000   -965436.679986283066683
1310.000000000000000   -965436.759386581252329
1320.000000000000000   -965436.840210547787137
1330.000000000000000   -965436.919523875578307
1340.000000000000000   -965437.000792487640865
1350.000000000000000   -965437.080620556953363
1360.000000000000000   -965437.159778045257553
1370.000000000000000   -965437.241242646705359
1380.000000000000000   -965437.323332326370291
1390.000000000000000   -965437.404750841553323
1400.000000000000000   -965437.485026991460472
1410.000000000000000   -965437.568223475595005
1420.000000000000000   -965437.649392755003646
1430.000000000000000   -965437.730777465738356
1440.000000000000000   -965437.815499697229825
1450.000000000000000   -965437.897286406252533
1460.000000000000000   -965437.979504120070487
1470.000000000000000   -965438.061686661094427
1480.000000000000000   -965438.145744799170643
1490.000000000000000   -965438.227244778070599
1500.000000000000000   -965438.311252761399373
1510.000000000000000   -965438.395308960461989
1520.000000000000000   -965438.478429910726845
1530.000000000000000   -965438.562923210673034
1540.000000000000000   -965438.646610618801787
1550.000000000000000   -965438.730991199612617
1560.000000000000000   -965438.816697393893264
1570.000000000000000   -965438.899024243815802
1580.000000000000000   -965438.984199855593033
1590.000000000000000   -965439.069098192849196
1600.000000000000000   -965439.154380055959336
1610.000000000000000   -965439.239347361377440
1620.000000000000000   -965439.325581176322885
1630.000000000000000   -965439.410781899117865
1640.000000000000000   -965439.497035059845075
1650.000000000000000   -965439.582762566627935
1660.000000000000000   -965439.668533563730307
1670.000000000000000   -965439.755423801252618
1680.000000000000000   -965439.841375767486170
1690.000000000000000   -965439.928316509234719
1700.000000000000000   -965440.014388253330253
1710.000000000000000   -965440.102158676832914
1720.000000000000000   -965440.188904088921845
1730.000000000000000   -965440.276540086138994
1740.000000000000000   -965440.363572605303489
1750.000000000000000   -965440.450768865877762
1760.000000000000000   -965440.538737256196328
1770.000000000000000   -965440.626464826869778
1780.000000000000000   -965440.714622000348754
1790.000000000000000   -965440.802990642376244
1800.000000000000000   -965440.891011807834730
1810.000000000000000   -965440.979486740077846
1820.000000000000000   -965441.067967071896419
1830.000000000000000   -965441.156002516625449
1840.000000000000000   -965441.245798818301409
1850.000000000000000   -965441.335287118912674
1860.000000000000000   -965441.424189926707186
1870.000000000000000   -965441.513296650606208
1880.000000000000000   -965441.602773822960444
1890.000000000000000   -965441.692000614595599
1900.000000000000000   -965441.782865362009034
1910.000000000000000   -965441.871273045544513
1920.000000000000000   -965441.961889086291194
1930.000000000000000   -965442.051601686282083
1940.000000000000000   -965442.142367060412653
1950.000000000000000   -965442.232430401491001
1960.000000000000000   -965442.323905198019929
1970.000000000000000   -965442.413840305875055
1980.000000000000000   -965442.505430126562715
1990.000000000000000   -965442.595173648442142
