   0.000000000000000         0.000000000000000
  10.000000000000000        20.055783982482769
  20.000000000000000         2.831688918955575
  30.000000000000000         1.217516076942897
  40.000000000000000         0.217512186649554
  50.000000000000000         1.645429486510787
  60.000000000000000         1.669876837226079
  70.000000000000000         1.716964572558435
  80.000000000000000         2.418672806576454
  90.000000000000000         1.287021589688291
 100.000000000000000         1.285256214327970
 110.000000000000000         1.806080123750290
 120.000000000000000         1.771560573533800
 130.000000000000000         1.393117418163976
 140.000000000000000         1.306552795495117
 150.000000000000000         1.489405925165034
 160.000000000000000         1.325286765448181
 170.000000000000000         1.432210079474699
 180.000000000000000         1.842033165598618
 190.000000000000000         1.812196328390455
 200.000000000000000         1.581454938148296
 210.000000000000000         1.522769608504915
 220.000000000000000         1.194111188327340
 230.000000000000000         1.238630555519768
 240.000000000000000         1.440407973081826
 250.000000000000000         1.382044451228617
 260.000000000000000         1.541920473217500
 270.000000000000000         1.597537370144030
 280.000000000000000         1.370971115328725
 290.000000000000000         1.313660523764600
 300.000000000000000         1.630196287628997
 310.000000000000000         1.926231161444087
 320.000000000000000         1.468972128662408
 330.000000000000000         1.281435119920628
 340.000000000000000         1.642544726835549
 350.000000000000000         1.551874654091517
 360.000000000000000         1.183420814741405
 370.000000000000000         1.509249573914642
 380.000000000000000         1.817940302126922
 390.000000000000000         1.357199745927840
 400.000000000000000         1.136302053542980
 410.000000000000000         1.388505935649919
 420.000000000000000         1.325731166321203
 430.000000000000000         1.514991566521388
 440.000000000000000         1.755506387119348
 450.000000000000000         1.624041592151185
 460.000000000000000         1.261147793870534
 470.000000000000000         1.443517145247555
 480.000000000000000         1.686082775901941
 490.000000000000000         1.194408972712553
 500.000000000000000         1.202122021284606
 510.000000000000000         1.527767828974695
 520.000000000000000         1.434652894614936
 530.000000000000000         1.429254106816486
 540.000000000000000         1.490289501493449
 550.000000000000000         1.546455944693879
 560.000000000000000         1.612954694394459
 570.000000000000000         1.306744727094612
 580.000000000000000         1.112979220915499
 590.000000000000000         1.394973004810697
 600.000000000000000         1.528572647785357
 610.000000000000000         1.341716719092299
 620.000000000000000         1.363115897935960
 630.000000000000000         1.373294821474530
 640.000000000000000         1.530113606988938
 650.000000000000000         1.466008544496727
 660.000000000000000         1.198880652661147
 670.000000000000000         1.040932365215312
 680.000000000000000         1.040087539916162
 690.000000000000000         1.764300110877152
 700.000000000000000         1.882478299517209
 710.000000000000000         1.324667784185030
 720.000000000000000         1.343011335502944
 730.000000000000000         1.335976743274326
 740.000000000000000         1.416508415780533
 750.000000000000000         1.082076469918327
 760.000000000000000         1.468493530743905
 770.000000000000000         1.586700285369666
 780.000000000000000         0.906020117267631
 790.000000000000000         1.330201958323449
 800.000000000000000         1.339869807449442
 810.000000000000000         1.089900941985644
 820.000000000000000         1.602558521675308
 830.000000000000000         1.369219587109148
 840.000000000000000         1.068815075709378
 850.000000000000000         1.360204283982767
 860.000000000000000         1.289613251765293
 870.000000000000000         1.280243480713817
 880.000000000000000         1.319735557189154
 890.000000000000000         1.375460915931876
 900.000000000000000         1.346978912455477
 910.000000000000000         1.472858156324479
 920.000000000000000         1.327830787228632
 930.000000000000000         1.206717893755189
 940.000000000000000         1.302989263184008
 950.000000000000000         1.193910330071511
 960.000000000000000         1.332503436145724
 970.000000000000000         1.247566741777258
 980.000000000000000         1.219451859173115
 990.000000000000000         1.357196422576982
1000.000000000000000         1.245237533719052
1010.000000000000000         1.195724390510824
1020.000000000000000         1.270647012498199
1030.000000000000000         1.349561983755992
1040.000000000000000         1.217227165926987
1050.000000000000000         1.219684345648829
1060.000000000000000         1.246691493645263
1070.000000000000000         1.136211523105653
1080.000000000000000         1.314598245275643
1090.000000000000000         1.225992301920414
1100.000000000000000         1.305537156117791
1110.000000000000000         1.243658406402810
1120.000000000000000         1.154176027734953
1130.000000000000000         1.324001061330633
1140.000000000000000         1.250767881357397
1150.000000000000000         1.148846576883551
1160.000000000000000         1.139814900450008
1170.000000000000000         1.260546620144957
1180.000000000000000         1.272919961236505
1190.000000000000000         1.144905268756549
1200.000000000000000         1.111037024012175
1210.000000000000000         1.304905256682841
1220.000000000000000         1.127952479470474
1230.000000000000000         1.189957107911281
1240.000000000000000         1.206034293545495
1250.000000000000000         1.073347093414940
1260.000000000000000         1.254174980237521
1270.000000000000000         1.186733997682730
1280.000000000000000         1.119360301870904
1290.000000000000000         1.199536424937086
1300.000000000000000         0.971018530079553
1310.000000000000000         1.155493925920929
1320.000000000000000         1.403779676622191
1330.000000000000000         1.086516879508474
1340.000000000000000         1.150421052523088
1350.000000000000000         1.224959224562111
1360.000000000000000         1.257663183095466
1370.000000000000000         1.144720911212202
1380.000000000000000         0.975226278593607
1390.000000000000000         1.210618358832356
1400.000000000000000         1.119199425423867
1410.000000000000000         1.047810748331136
1420.000000000000000         1.184044030614130
1430.000000000000000         0.810944797382663
1440.000000000000000         0.840872219331117
1450.000000000000000         1.313085390395716
1460.000000000000000         1.329456661493607
1470.000000000000000         1.065160048337748
1480.000000000000000         1.252400640887658
1490.000000000000000         1.226613688114857
1500.000000000000000         0.802011112655619
1510.000000000000000         1.091855350742531
1520.000000000000000         1.190021046629770
1530.000000000000000         1.055950945289869
1540.000000000000000         1.145001367351420
1550.000000000000000         0.771131326817180
1560.000000000000000         1.149958456880218
1570.000000000000000         1.465357009090736
1580.000000000000000         1.076727723365570
1590.000000000000000         1.057868665391904
1600.000000000000000         1.134796161370149
1610.000000000000000         0.818849108087375
1620.000000000000000         0.979887118334364
1630.000000000000000         1.053062813392086
1640.000000000000000         0.894616327213329
1650.000000000000000         1.281393876204777
1660.000000000000000         0.962917903227879
1670.000000000000000         0.944160176126929
1680.000000000000000         0.936834096677269
1690.000000000000000         1.131313983760748
1700.000000000000000         0.844946245074513
1710.000000000000000         0.756807638966705
1720.000000000000000         1.143177881674936
1730.000000000000000         1.030571310300409
1740.000000000000000         1.401467710696478
1750.000000000000000         1.014333897650983
1760.000000000000000         0.716314516170051
1770.000000000000000         0.983289148290211
1780.000000000000000         0.924380402033515
1790.000000000000000         1.063029345290872
1800.000000000000000         1.034657621756643
1810.000000000000000         0.945035889593568
1820.000000000000000         1.463146634479549
1830.000000000000000         0.919763454815291
1840.000000000000000         0.238706639135869
1850.000000000000000         1.134795720116211
1860.000000000000000         1.326034272407393
1870.000000000000000         0.694471490245670
1880.000000000000000         1.120615584351248
1890.000000000000000         0.405961301121309
1900.000000000000000         0.961949473620779
1910.000000000000000         1.675461305790559
1920.000000000000000         0.903065773087505
1930.000000000000000         1.011954518954918
1940.000000000000000         0.679088985270376
1950.000000000000000         0.491825383297943
1960.000000000000000         1.222846507314472
1970.000000000000000         1.017749412700980
1980.000000000000000         1.007248050458236
1990.000000000000000         1.331933186731872
