# Volume points
 242.85355    1.49642   1.44009   1.23146   0.91134   0.51092   0.04847  -0.46432  -1.01939  -1.61088  -2.23434  -2.88629  -3.56392  -4.26491  -4.98734  -5.72958  -6.49022  -7.26805  -8.06198  -8.87109  -9.69453
 250.52205    1.10319   1.04450   0.82904   0.50064   0.09140  -0.38011  -0.90211  -1.46647  -2.06730  -2.70014  -3.36149  -4.04854  -4.75896  -5.49084  -6.24254  -7.01264  -7.79993  -8.60333  -9.42192 -10.25483
 258.35031    0.86642   0.80456   0.58116   0.24342  -0.17566  -0.65727  -1.18948  -1.76414  -2.37532  -3.01854  -3.69029  -4.38775  -5.10861  -5.85093  -6.61308  -7.39363  -8.19138  -9.00526  -9.83431 -10.67770
 266.33997    0.72270   0.65691   0.42457   0.07654  -0.35334  -0.84596  -1.38930  -1.97516  -2.59759  -3.25209  -3.93515  -4.64393  -5.37612  -6.12978  -6.90327  -7.69519  -8.50429  -9.32953 -10.16995 -11.02470
 274.49268    0.71765   0.64719   0.40500   0.04583  -0.39562  -0.90002  -1.45526  -2.05307  -2.68749  -3.35400  -4.04909  -4.76991  -5.51416  -6.27987  -7.06543  -7.86941  -8.69058  -9.52789 -10.38038 -11.24721
 282.81008    0.68097   0.60580   0.35405  -0.01569  -0.46800  -0.98334  -1.54953  -2.15829  -2.80363  -3.48104  -4.18699  -4.91864  -5.67369  -6.45018  -7.24648  -8.06118  -8.89305  -9.74103 -10.60417 -11.48163
 291.29382    0.76761   0.68759   0.42650   0.04669  -0.41579  -0.94127  -1.51751  -2.13623  -2.79143  -3.47862  -4.19427  -4.93555  -5.70014  -6.48612  -7.29184  -8.11589  -8.95707  -9.81430 -10.68664 -11.57326
 299.94556    0.91675   0.83239   0.56307   0.17466  -0.29632  -0.83008  -1.41439  -2.04098  -2.70388  -3.39860  -4.12162  -4.87015  -5.64185  -6.43483  -7.24743  -8.07828  -8.92614  -9.78997 -10.66883 -11.56187
 308.76693    1.12241   1.03329   0.75533   0.35807  -0.12155  -0.66369  -1.25614  -1.89062  -2.56121  -3.26343  -3.99379  -4.74948  -5.52821  -6.32808  -7.14746  -7.98496  -8.83937  -9.70964 -10.59484 -11.49415

# Fitted data
 242.85355    1.48674   1.42984   1.22092   0.90164   0.50053   0.03808  -0.47505  -1.03039  -1.62261  -2.24394  -2.89712  -3.57532  -4.27591  -4.99805  -5.73898  -6.50089  -7.27867  -8.07222  -8.88257  -9.70704
 243.18312    1.46805   1.41111   1.20200   0.88231   0.48094   0.01813  -0.49530  -1.05096  -1.64351  -2.26536  -2.91879  -3.59727  -4.29828  -5.02079  -5.76220  -6.52435  -7.30252  -8.09645  -8.90706  -9.73172
 243.51269    1.44963   1.39266   1.18334   0.86324   0.46160  -0.00155  -0.51531  -1.07128  -1.66417  -2.28654  -2.94023  -3.61899  -4.32043  -5.04331  -5.78521  -6.54760  -7.32616  -8.12047  -8.93136  -9.75621
 243.84225    1.43149   1.37448   1.16496   0.84444   0.44253  -0.02099  -0.53507  -1.09136  -1.68459  -2.30748  -2.96143  -3.64049  -4.34236  -5.06562  -5.80800  -6.57064  -7.34959  -8.14429  -8.95546  -9.78052
 244.17182    1.41362   1.35657   1.14683   0.82590   0.42371  -0.04017  -0.55458  -1.11120  -1.70478  -2.32818  -2.98241  -3.66177  -4.36407  -5.08770  -5.83057  -6.59347  -7.37281  -8.16791  -8.97937  -9.80464
 244.50139    1.39602   1.33893   1.12896   0.80762   0.40514  -0.05910  -0.57384  -1.13080  -1.72472  -2.34864  -3.00315  -3.68282  -4.38555  -5.10957  -5.85292  -6.61609  -7.39584  -8.19133  -9.00308  -9.82858
 244.83095    1.37868   1.32154   1.11135   0.78959   0.38682  -0.07779  -0.59287  -1.15016  -1.74444  -2.36887  -3.02367  -3.70365  -4.40682  -5.13123  -5.87505  -6.63850  -7.41865  -8.21454  -9.02659  -9.85234
 245.16052    1.36161   1.30442   1.09400   0.77183   0.36876  -0.09622  -0.61165  -1.16928  -1.76392  -2.38887  -3.04396  -3.72426  -4.42786  -5.15267  -5.89698  -6.66070  -7.44126  -8.23756  -9.04991  -9.87591
 245.49009    1.34481   1.28756   1.07690   0.75431   0.35094  -0.11442  -0.63019  -1.18817  -1.78318  -2.40863  -3.06402  -3.74465  -4.44869  -5.17389  -5.91869  -6.68270  -7.46367  -8.26037  -9.07304  -9.89929
 245.81965    1.32826   1.27095   1.06005   0.73705   0.33337  -0.13237  -0.64849  -1.20682  -1.80220  -2.42816  -3.08387  -3.76483  -4.46930  -5.19490  -5.94018  -6.70450  -7.48588  -8.28299  -9.09598  -9.92250
 246.14922    1.31197   1.25460   1.04346   0.72004   0.31604  -0.15007  -0.66655  -1.22525  -1.82100  -2.44746  -3.10349  -3.78479  -4.48970  -5.21570  -5.96147  -6.72609  -7.50788  -8.30540  -9.11872  -9.94552
 246.47879    1.29594   1.23850   1.02711   0.70327   0.29896  -0.16754  -0.68438  -1.24344  -1.83957  -2.46654  -3.12289  -3.80453  -4.50989  -5.23629  -5.98254  -6.74748  -7.52969  -8.32762  -9.14127  -9.96835
 246.80835    1.28015   1.22265   1.01100   0.68675   0.28211  -0.18478  -0.70198  -1.26140  -1.85791  -2.48539  -3.14206  -3.82406  -4.52986  -5.25668  -6.00341  -6.76866  -7.55129  -8.34965  -9.16363  -9.99101
 247.13792    1.26463   1.20705   0.99514   0.67048   0.26550  -0.20177  -0.71935  -1.27914  -1.87603  -2.50401  -3.16103  -3.84337  -4.54962  -5.27685  -6.02406  -6.78964  -7.57270  -8.37147  -9.18581 -10.01348
 247.46749    1.24935   1.19169   0.97952   0.65444   0.24913  -0.21854  -0.73649  -1.29665  -1.89393  -2.52242  -3.17977  -3.86248  -4.56917  -5.29681  -6.04451  -6.81042  -7.59390  -8.39310  -9.20779 -10.03578
 247.79706    1.23431   1.17658   0.96414   0.63865   0.23300  -0.23507  -0.75339  -1.31394  -1.91162  -2.54060  -3.19830  -3.88138  -4.58851  -5.31657  -6.06476  -6.83101  -7.61491  -8.41454  -9.22958 -10.05789
 248.12662    1.21953   1.16172   0.94900   0.62309   0.21709  -0.25137  -0.77008  -1.33100  -1.92908  -2.55856  -3.21661  -3.90006  -4.60764  -5.33613  -6.08480  -6.85139  -7.63573  -8.43578  -9.25118 -10.07982
 248.45619    1.20498   1.14709   0.93409   0.60777   0.20142  -0.26744  -0.78653  -1.34785  -1.94632  -2.57630  -3.23471  -3.91854  -4.62657  -5.35548  -6.10463  -6.87158  -7.65635  -8.45683  -9.27260 -10.10157
 248.78576    1.19068   1.13270   0.91942   0.59268   0.18598  -0.28329  -0.80277  -1.36448  -1.96335  -2.59383  -3.25260  -3.93681  -4.64529  -5.37463  -6.12426  -6.89157  -7.67677  -8.47769  -9.29383 -10.12314
 249.11532    1.17661   1.11854   0.90498   0.57782   0.17076  -0.29891  -0.81878  -1.38088  -1.98017  -2.61114  -3.27028  -3.95488  -4.66381  -5.39358  -6.14369  -6.91136  -7.69700  -8.49835  -9.31487 -10.14453
 249.44489    1.16279   1.10463   0.89077   0.56320   0.15577  -0.31431  -0.83458  -1.39708  -1.99677  -2.62823  -3.28775  -3.97274  -4.68212  -5.41232  -6.16292  -6.93096  -7.71703  -8.51883  -9.33573 -10.16574
 249.77446    1.14919   1.09094   0.87678   0.54880   0.14101  -0.32949  -0.85015  -1.41306  -2.01316  -2.64511  -3.30502  -3.99040  -4.70023  -5.43087  -6.18195  -6.95036  -7.73688  -8.53911  -9.35640 -10.18677
 250.10402    1.13583   1.07748   0.86303   0.53463   0.12646  -0.34445  -0.86551  -1.42882  -2.02934  -2.66179  -3.32207  -4.00786  -4.71814  -5.44922  -6.20078  -6.96957  -7.75653  -8.55921  -9.37688 -10.20763
 250.43359    1.12270   1.06425   0.84950   0.52068   0.11214  -0.35919  -0.88066  -1.44437  -2.04532  -2.67825  -3.33893  -4.02512  -4.73585  -5.46737  -6.21941  -6.98859  -7.77599  -8.57911  -9.39719 -10.22831
 250.76316    1.10980   1.05125   0.83619   0.50696   0.09803  -0.37371  -0.89559  -1.45972  -2.06108  -2.69450  -3.35557  -4.04217  -4.75336  -5.48532  -6.23785  -7.00741  -7.79526  -8.59883  -9.41730 -10.24881
 251.09272    1.09713   1.03847   0.82310   0.49345   0.08415  -0.38802  -0.91031  -1.47485  -2.07664  -2.71055  -3.37202  -4.05903  -4.77067  -5.50308  -6.25609  -7.02605  -7.81434  -8.61836  -9.43724 -10.26913
 251.42229    1.08468   1.02591   0.81023   0.48017   0.07047  -0.40211  -0.92481  -1.48978  -2.09200  -2.72639  -3.38826  -4.07569  -4.78779  -5.52064  -6.27413  -7.04449  -7.83324  -8.63770  -9.45699 -10.28928
 251.75186    1.07246   1.01358   0.79758   0.46710   0.05701  -0.41599  -0.93911  -1.50450  -2.10715  -2.74202  -3.40431  -4.09216  -4.80471  -5.53801  -6.29198  -7.06275  -7.85194  -8.65686  -9.47656 -10.30925
 252.08142    1.06046   1.00146   0.78514   0.45425   0.04377  -0.42967  -0.95321  -1.51902  -2.12210  -2.75745  -3.42015  -4.10843  -4.82144  -5.55519  -6.30964  -7.08081  -7.87046  -8.67583  -9.49595 -10.32904
 252.41099    1.04867   0.98957   0.77292   0.44161   0.03073  -0.44313  -0.96709  -1.53333  -2.13685  -2.77268  -3.43580  -4.12450  -4.83797  -5.57217  -6.32711  -7.09869  -7.88879  -8.69462  -9.51516 -10.34866
 252.74056    1.03711   0.97788   0.76091   0.42919   0.01790  -0.45639  -0.98078  -1.54745  -2.15140  -2.78771  -3.45125  -4.14039  -4.85431  -5.58897  -6.34438  -7.11639  -7.90694  -8.71323  -9.53419 -10.36811
 253.07013    1.02575   0.96641   0.74911   0.41697   0.00528  -0.46944  -0.99425  -1.56136  -2.16575  -2.80255  -3.46651  -4.15608  -4.87046  -5.60557  -6.36147  -7.13389  -7.92490  -8.73165  -9.55304 -10.38738
 253.39969    1.01462   0.95515   0.73751   0.40496  -0.00713  -0.48229  -1.00753  -1.57507  -2.17991  -2.81718  -3.48157  -4.17158  -4.88642  -5.62199  -6.37836  -7.15121  -7.94268  -8.74989  -9.57171 -10.40648
 253.72926    1.00369   0.94411   0.72613   0.39316  -0.01935  -0.49494  -1.02061  -1.58859  -2.19387  -2.83162  -3.49644  -4.18689  -4.90219  -5.63822  -6.39507  -7.16835  -7.96028  -8.76794  -9.59020 -10.42540
 254.05883    0.99298   0.93326   0.71495   0.38157  -0.03136  -0.50738  -1.03349  -1.60191  -2.20764  -2.84586  -3.51112  -4.20201  -4.91777  -5.65426  -6.41159  -7.18531  -7.97769  -8.78582  -9.60851 -10.44415
 254.38839    0.98247   0.92263   0.70397   0.37018  -0.04316  -0.51963  -1.04618  -1.61504  -2.22121  -2.85991  -3.52560  -4.21694  -4.93316  -5.67012  -6.42793  -7.20208  -7.99492  -8.80352  -9.62665 -10.46273
 254.71796    0.97217   0.91220   0.69320   0.35899  -0.05477  -0.53168  -1.05866  -1.62797  -2.23460  -2.87376  -3.53990  -4.23169  -4.94837  -5.68579  -6.44408  -7.21867  -8.01197  -8.82103  -9.64461 -10.48114
 255.04753    0.96208   0.90198   0.68262   0.34800  -0.06619  -0.54353  -1.07096  -1.64071  -2.24779  -2.88742  -3.55401  -4.24626  -4.96339  -5.70128  -6.46004  -7.23508  -8.02885  -8.83837  -9.66239 -10.49937
 255.37709    0.95219   0.89195   0.67225   0.33721  -0.07740  -0.55519  -1.08306  -1.65326  -2.26079  -2.90090  -3.56793  -4.26063  -4.97823  -5.71659  -6.47582  -7.25131  -8.04554  -8.85553  -9.68000 -10.51743
 255.70666    0.94250   0.88213   0.66207   0.32662  -0.08842  -0.56665  -1.09497  -1.66562  -2.27361  -2.91418  -3.58167  -4.27483  -4.99289  -5.73171  -6.49142  -7.26736  -8.06205  -8.87251  -9.69744 -10.53533
 256.03623    0.93301   0.87250   0.65209   0.31622  -0.09925  -0.57793  -1.10669  -1.67780  -2.28624  -2.92728  -3.59522  -4.28884  -5.00736  -5.74665  -6.50684  -7.28323  -8.07839  -8.88931  -9.71469 -10.55305
 256.36579    0.92372   0.86307   0.64230   0.30602  -0.10989  -0.58901  -1.11822  -1.68978  -2.29869  -2.94019  -3.60859  -4.30267  -5.02165  -5.76142  -6.52207  -7.29892  -8.09454  -8.90594  -9.73178 -10.57060
 256.69536    0.91462   0.85383   0.63270   0.29601  -0.12034  -0.59990  -1.12956  -1.70159  -2.31095  -2.95292  -3.62178  -4.31633  -5.03577  -5.77600  -6.53713  -7.31444  -8.11053  -8.92240  -9.74869 -10.58798
 257.02493    0.90572   0.84479   0.62329   0.28619  -0.13059  -0.61061  -1.14072  -1.71320  -2.32303  -2.96546  -3.63478  -4.32980  -5.04970  -5.79041  -6.55201  -7.32978  -8.12633  -8.93867  -9.76543 -10.60519
 257.35449    0.89702   0.83594   0.61408   0.27656  -0.14067  -0.62113  -1.15169  -1.72464  -2.33492  -2.97782  -3.64761  -4.34309  -5.06345  -5.80463  -6.56671  -7.34494  -8.14197  -8.95478  -9.78200 -10.62224
 257.68406    0.88850   0.82727   0.60505   0.26712  -0.15055  -0.63146  -1.16248  -1.73589  -2.34664  -2.99000  -3.66025  -4.35621  -5.07703  -5.81869  -6.58123  -7.35993  -8.15742  -8.97071  -9.79840 -10.63912
 258.01363    0.88018   0.81880   0.59620   0.25786  -0.16025  -0.64162  -1.17309  -1.74696  -2.35818  -3.00200  -3.67272  -4.36915  -5.09043  -5.83256  -6.59558  -7.37475  -8.17271  -8.98646  -9.81462 -10.65582
 258.34320    0.87204   0.81051   0.58755   0.24879  -0.16977  -0.65159  -1.18352  -1.75786  -2.36954  -3.01381  -3.68501  -4.38191  -5.10366  -5.84626  -6.60975  -7.38939  -8.18782  -9.00205  -9.83068 -10.67236
 258.67276    0.86409   0.80241   0.57907   0.23990  -0.17911  -0.66138  -1.19377  -1.76857  -2.38072  -3.02546  -3.69712  -4.39451  -5.11671  -5.85979  -6.62374  -7.40386  -8.20276  -9.01746  -9.84656 -10.68874
 259.00233    0.85632   0.79449   0.57078   0.23119  -0.18826  -0.67099  -1.20384  -1.77911  -2.39173  -3.03692  -3.70906  -4.40692  -5.12959  -5.87315  -6.63757  -7.41816  -8.21753  -9.03271  -9.86228 -10.70494
 259.33190    0.84874   0.78675   0.56266   0.22267  -0.19724  -0.68042  -1.21373  -1.78947  -2.40256  -3.04821  -3.72083  -4.41917  -5.14230  -5.88633  -6.65122  -7.43229  -8.23213  -9.04778  -9.87783 -10.72099
 259.66146    0.84134   0.77920   0.55473   0.21432  -0.20604  -0.68968  -1.22345  -1.79966  -2.41322  -3.05932  -3.73242  -4.43124  -5.15483  -5.89934  -6.66470  -7.44625  -8.24655  -9.06268  -9.89321 -10.73686
 259.99103    0.83412   0.77182   0.54697   0.20615  -0.21467  -0.69876  -1.23300  -1.80968  -2.42371  -3.07026  -3.74384  -4.44315  -5.16719  -5.91218  -6.67800  -7.46004  -8.26081  -9.07742  -9.90842 -10.75257
 260.32060    0.82708   0.76462   0.53939   0.19816  -0.22312  -0.70766  -1.24237  -1.81952  -2.43402  -3.08103  -3.75509  -4.45488  -5.17939  -5.92486  -6.69114  -7.47366  -8.27491  -9.09198  -9.92346 -10.76812
 260.65016    0.82022   0.75760   0.53198   0.19034  -0.23140  -0.71640  -1.25157  -1.82920  -2.44417  -3.09163  -3.76618  -4.46645  -5.19141  -5.93736  -6.70411  -7.48711  -8.28883  -9.10638  -9.93834 -10.78350
 260.97973    0.81353   0.75075   0.52475   0.18269  -0.23950  -0.72496  -1.26060  -1.83870  -2.45415  -3.10205  -3.77709  -4.47785  -5.20327  -5.94970  -6.71691  -7.50040  -8.30258  -9.12061  -9.95306 -10.79872
 261.30930    0.80702   0.74407   0.51768   0.17522  -0.24744  -0.73336  -1.26946  -1.84804  -2.46396  -3.11231  -3.78783  -4.48908  -5.21496  -5.96187  -6.72954  -7.51352  -8.31617  -9.13468  -9.96761 -10.81377
 261.63886    0.80068   0.73756   0.51079   0.16791  -0.25521  -0.74158  -1.27815  -1.85721  -2.47360  -3.12240  -3.79841  -4.50014  -5.22649  -5.97387  -6.74201  -7.52648  -8.32960  -9.14858  -9.98199 -10.82866
 261.96843    0.79451   0.73123   0.50407   0.16078  -0.26280  -0.74964  -1.28668  -1.86621  -2.48308  -3.13233  -3.80882  -4.51105  -5.23785  -5.98571  -6.75431  -7.53927  -8.34286  -9.16231  -9.99621 -10.84339
 262.29800    0.78851   0.72506   0.49751   0.15381  -0.27024  -0.75753  -1.29504  -1.87505  -2.49239  -3.14208  -3.81907  -4.52178  -5.24904  -5.99739  -6.76644  -7.55189  -8.35595  -9.17589 -10.01027 -10.85796
 262.62757    0.78268   0.71906   0.49112   0.14701  -0.27750  -0.76525  -1.30324  -1.88372  -2.50154  -3.15168  -3.82916  -4.53236  -5.26008  -6.00890  -6.77841  -7.56435  -8.36889  -9.18929 -10.02416 -10.87236
 262.95713    0.77701   0.71323   0.48489   0.14037  -0.28461  -0.77282  -1.31127  -1.89223  -2.51053  -3.16111  -3.83908  -4.54277  -5.27095  -6.02025  -6.79022  -7.57666  -8.38166  -9.20254 -10.03789 -10.88660
 263.28670    0.77152   0.70756   0.47883   0.13390  -0.29155  -0.78022  -1.31914  -1.90058  -2.51935  -3.17038  -3.84884  -4.55302  -5.28165  -6.03144  -6.80186  -7.58879  -8.39426  -9.21562 -10.05146 -10.90069
 263.61627    0.76618   0.70206   0.47293   0.12759  -0.29832  -0.78745  -1.32685  -1.90877  -2.52802  -3.17948  -3.85844  -4.56311  -5.29220  -6.04246  -6.81334  -7.60077  -8.40671  -9.22854 -10.06487 -10.91461
 263.94583    0.76101   0.69671   0.46719   0.12144  -0.30494  -0.79453  -1.33440  -1.91680  -2.53652  -3.18843  -3.86788  -4.57305  -5.30259  -6.05333  -6.82467  -7.61259  -8.41899  -9.24130 -10.07811 -10.92837
 264.27540    0.75600   0.69153   0.46161   0.11545  -0.31140  -0.80145  -1.34179  -1.92467  -2.54487  -3.19721  -3.87716  -4.58282  -5.31282  -6.06404  -6.83583  -7.62425  -8.43112  -9.25389 -10.09120 -10.94197
 264.60497    0.75115   0.68651   0.45619   0.10962  -0.31770  -0.80821  -1.34903  -1.93239  -2.55306  -3.20584  -3.88628  -4.59244  -5.32289  -6.07459  -6.84683  -7.63575  -8.44308  -9.26633 -10.10413 -10.95542
 264.93453    0.74646   0.68164   0.45092   0.10394  -0.32385  -0.81482  -1.35611  -1.93995  -2.56110  -3.21432  -3.89525  -4.60190  -5.33280  -6.08498  -6.85767  -7.64709  -8.45489  -9.27861 -10.11689 -10.96870
 265.26410    0.74193   0.67693   0.44581   0.09843  -0.32984  -0.82127  -1.36303  -1.94735  -2.56898  -3.22263  -3.90406  -4.61120  -5.34256  -6.09522  -6.86836  -7.65827  -8.46654  -9.29073 -10.12950 -10.98183
 265.59367    0.73755   0.67237   0.44086   0.09306  -0.33568  -0.82757  -1.36980  -1.95460  -2.57670  -3.23079  -3.91272  -4.62035  -5.35216  -6.10529  -6.87888  -7.66929  -8.47803  -9.30269 -10.14196 -10.99480
 265.92323    0.73333   0.66797   0.43605   0.08785  -0.34136  -0.83371  -1.37642  -1.96170  -2.58427  -3.23880  -3.92122  -4.62934  -5.36161  -6.11522  -6.88926  -7.68016  -8.48937  -9.31450 -10.15425 -11.00761
 266.25280    0.72926   0.66372   0.43140   0.08279  -0.34689  -0.83970  -1.38288  -1.96864  -2.59169  -3.24665  -3.92957  -4.63819  -5.37090  -6.12499  -6.89947  -7.69088  -8.50054  -9.32615 -10.16639 -11.02027
 266.58237    0.72534   0.65963   0.42690   0.07789  -0.35227  -0.84554  -1.38919  -1.97544  -2.59896  -3.25435  -3.93777  -4.64688  -5.38004  -6.13460  -6.90953  -7.70144  -8.51157  -9.33764 -10.17837 -11.03277
 266.91193    0.72158   0.65568   0.42255   0.07313  -0.35750  -0.85123  -1.39536  -1.98208  -2.60608  -3.26190  -3.94581  -4.65541  -5.38903  -6.14407  -6.91944  -7.71184  -8.52244  -9.34898 -10.19019 -11.04511
 267.24150    0.71796   0.65188   0.41835   0.06852  -0.36258  -0.85677  -1.40137  -1.98858  -2.61305  -3.26930  -3.95371  -4.66380  -5.39786  -6.15338  -6.92919  -7.72210  -8.53315  -9.36016 -10.20186 -11.05730
 267.57107    0.71449   0.64823   0.41430   0.06406  -0.36752  -0.86217  -1.40724  -1.99492  -2.61987  -3.27655  -3.96146  -4.67204  -5.40655  -6.16254  -6.93880  -7.73220  -8.54371  -9.37118 -10.21338 -11.06934
 267.90064    0.71117   0.64472   0.41039   0.05974  -0.37231  -0.86742  -1.41296  -2.00112  -2.62654  -3.28365  -3.96905  -4.68013  -5.41508  -6.17155  -6.94825  -7.74214  -8.55412  -9.38206 -10.22474 -11.08121
 268.23020    0.70799   0.64136   0.40662   0.05557  -0.37695  -0.87252  -1.41854  -2.00718  -2.63307  -3.29061  -3.97650  -4.68807  -5.42347  -6.18040  -6.95755  -7.75194  -8.56437  -9.39278 -10.23595 -11.09294
 268.55977    0.70496   0.63814   0.40300   0.05154  -0.38146  -0.87748  -1.42397  -2.01309  -2.63945  -3.29742  -3.98381  -4.69586  -5.43171  -6.18911  -6.96669  -7.76159  -8.57448  -9.40335 -10.24700 -11.10451
 268.88934    0.70207   0.63507   0.39952   0.04765  -0.38581  -0.88230  -1.42926  -2.01886  -2.64569  -3.30408  -3.99096  -4.70351  -5.43980  -6.19768  -6.97569  -7.77108  -8.58443  -9.41376 -10.25790 -11.11593
 269.21890    0.69932   0.63213   0.39618   0.04391  -0.39003  -0.88697  -1.43441  -2.02448  -2.65179  -3.31060  -3.99798  -4.71101  -5.44775  -6.20609  -6.98454  -7.78043  -8.59423  -9.42403 -10.26865 -11.12719
 269.54847    0.69672   0.62934   0.39298   0.04031  -0.39411  -0.89150  -1.43941  -2.02996  -2.65774  -3.31697  -4.00484  -4.71836  -5.45554  -6.21436  -6.99325  -7.78963  -8.60389  -9.43414 -10.27925 -11.13830
 269.87804    0.69425   0.62669   0.38992   0.03684  -0.39805  -0.89590  -1.44428  -2.03530  -2.66355  -3.32321  -4.01157  -4.72558  -5.46320  -6.22248  -7.00180  -7.79868  -8.61339  -9.44410 -10.28969 -11.14927
 270.20760    0.69192   0.62417   0.38700   0.03351  -0.40184  -0.90015  -1.44900  -2.04050  -2.66922  -3.32930  -4.01815  -4.73264  -5.47071  -6.23046  -7.01021  -7.80758  -8.62275  -9.45392 -10.29999 -11.16008
 270.53717    0.68973   0.62179   0.38422   0.03032  -0.40551  -0.90427  -1.45359  -2.04557  -2.67475  -3.33525  -4.02459  -4.73957  -5.47807  -6.23829  -7.01847  -7.81634  -8.63195  -9.46358 -10.31014 -11.17073
 270.86674    0.68768   0.61954   0.38157   0.02727  -0.40903  -0.90825  -1.45804  -2.05049  -2.68014  -3.34106  -4.03089  -4.74635  -5.48530  -6.24598  -7.02659  -7.82495  -8.64101  -9.47310 -10.32013 -11.18124
 271.19630    0.68576   0.61743   0.37905   0.02435  -0.41242  -0.91210  -1.46235  -2.05528  -2.68539  -3.34673  -4.03705  -4.75300  -5.49238  -6.25352  -7.03457  -7.83341  -8.64993  -9.48247 -10.32998 -11.19160
 271.52587    0.68397   0.61546   0.37667   0.02156  -0.41568  -0.91581  -1.46653  -2.05993  -2.69050  -3.35226  -4.04307  -4.75950  -5.49932  -6.26092  -7.04240  -7.84173  -8.65870  -9.49169 -10.33968 -11.20181
 271.85544    0.68231   0.61361   0.37442   0.01891  -0.41880  -0.91938  -1.47058  -2.06444  -2.69548  -3.35766  -4.04896  -4.76586  -5.50612  -6.26818  -7.05008  -7.84991  -8.66732  -9.50076 -10.34923 -11.21187
 272.18500    0.68079   0.61190   0.37230   0.01639  -0.42180  -0.92283  -1.47449  -2.06882  -2.70033  -3.36292  -4.05470  -4.77209  -5.51278  -6.27530  -7.05763  -7.85794  -8.67580  -9.50969 -10.35864 -11.22178
 272.51457    0.67940   0.61031   0.37031   0.01399  -0.42466  -0.92614  -1.47826  -2.07307  -2.70503  -3.36804  -4.06031  -4.77818  -5.51930  -6.28228  -7.06503  -7.86583  -8.68413  -9.51848 -10.36790 -11.23154
 272.84414    0.67813   0.60886   0.36845   0.01173  -0.42739  -0.92932  -1.48191  -2.07719  -2.70961  -3.37303  -4.06578  -4.78413  -5.52568  -6.28912  -7.07229  -7.87358  -8.69232  -9.52712 -10.37701 -11.24115
 273.17371    0.67700   0.60753   0.36672   0.00960  -0.42999  -0.93237  -1.48543  -2.08117  -2.71405  -3.37789  -4.07112  -4.78994  -5.53192  -6.29582  -7.07942  -7.88118  -8.70037  -9.53561 -10.38597 -11.25062
 273.50327    0.67599   0.60632   0.36511   0.00759  -0.43246  -0.93529  -1.48881  -2.08502  -2.71836  -3.38261  -4.07633  -4.79562  -5.53803  -6.30239  -7.08640  -7.88865  -8.70828  -9.54396 -10.39479 -11.25994
 273.83284    0.67511   0.60525   0.36363   0.00571  -0.43481  -0.93809  -1.49207  -2.08875  -2.72254  -3.38720  -4.08140  -4.80116  -5.54400  -6.30881  -7.09324  -7.89597  -8.71604  -9.55217 -10.40347 -11.26911
 274.16241    0.67435   0.60430   0.36227   0.00395  -0.43703  -0.94076  -1.49520  -2.09234  -2.72659  -3.39166  -4.08634  -4.80657  -5.54984  -6.31510  -7.09995  -7.90316  -8.72366  -9.56023 -10.41200 -11.27814
 274.49197    0.67371   0.60347   0.36104   0.00232  -0.43913  -0.94330  -1.49820  -2.09581  -2.73051  -3.39599  -4.09114  -4.81184  -5.55554  -6.32126  -7.10652  -7.91020  -8.73114  -9.56815 -10.42039 -11.28702
 274.82154    0.67320   0.60276   0.35993   0.00081  -0.44110  -0.94572  -1.50108  -2.09915  -2.73430  -3.40019  -4.09582  -4.81699  -5.56111  -6.32727  -7.11295  -7.91711  -8.73849  -9.57594 -10.42863 -11.29575
 275.15111    0.67281   0.60217   0.35895  -0.00058  -0.44295  -0.94801  -1.50383  -2.10236  -2.73796  -3.40426  -4.10036  -4.82200  -5.56655  -6.33316  -7.11925  -7.92388  -8.74569  -9.58358 -10.43674 -11.30434
 275.48067    0.67254   0.60171   0.35808  -0.00185  -0.44468  -0.95018  -1.50646  -2.10544  -2.74150  -3.40821  -4.10478  -4.82688  -5.57185  -6.33890  -7.12541  -7.93051  -8.75275  -9.59108 -10.44470 -11.31279
 275.81024    0.67239   0.60136   0.35733  -0.00299  -0.44628  -0.95223  -1.50897  -2.10841  -2.74491  -3.41202  -4.10907  -4.83163  -5.57702  -6.34452  -7.13143  -7.93701  -8.75968  -9.59844 -10.45251 -11.32109
 276.13981    0.67235   0.60113   0.35671  -0.00402  -0.44777  -0.95416  -1.51135  -2.11124  -2.74820  -3.41571  -4.11323  -4.83625  -5.58206  -6.35000  -7.13732  -7.94337  -8.76647  -9.60566 -10.46019 -11.32925
 276.46937    0.67244   0.60102   0.35620  -0.00493  -0.44914  -0.95596  -1.51361  -2.11396  -2.75136  -3.41928  -4.11726  -4.84074  -5.58697  -6.35535  -7.14308  -7.94959  -8.77312  -9.61274 -10.46773 -11.33727
 276.79894    0.67264   0.60103   0.35580  -0.00572  -0.45038  -0.95765  -1.51575  -2.11655  -2.75439  -3.42272  -4.12116  -4.84510  -5.59175  -6.36057  -7.14871  -7.95568  -8.77964  -9.61968 -10.47512 -11.34514
 277.12851    0.67295   0.60115   0.35553  -0.00640  -0.45151  -0.95922  -1.51777  -2.11903  -2.75731  -3.42604  -4.12494  -4.84933  -5.59640  -6.36566  -7.15420  -7.96164  -8.78601  -9.62649 -10.48238 -11.35287
 277.45808    0.67338   0.60138   0.35536  -0.00696  -0.45253  -0.96067  -1.51967  -2.12138  -2.76010  -3.42923  -4.12860  -4.85344  -5.60093  -6.37062  -7.15956  -7.96746  -8.79226  -9.63316 -10.48950 -11.36046
 277.78764    0.67393   0.60173   0.35531  -0.00741  -0.45343  -0.96201  -1.52145  -2.12361  -2.76277  -3.43230  -4.13213  -4.85742  -5.60532  -6.37545  -7.16480  -7.97315  -8.79837  -9.63969 -10.49647 -11.36791
 278.11721    0.67458   0.60219   0.35538  -0.00774  -0.45421  -0.96322  -1.52312  -2.12572  -2.76532  -3.43525  -4.13554  -4.86128  -5.60959  -6.38015  -7.16990  -7.97871  -8.80434  -9.64609 -10.50331 -11.37521
 278.44678    0.67535   0.60276   0.35556  -0.00796  -0.45488  -0.96433  -1.52467  -2.12772  -2.76775  -3.43808  -4.13882  -4.86501  -5.61373  -6.38472  -7.17487  -7.98413  -8.81019  -9.65235 -10.51002 -11.38238
 278.77634    0.67623   0.60344   0.35584  -0.00807  -0.45544  -0.96532  -1.52610  -2.12959  -2.77006  -3.44079  -4.14198  -4.86861  -5.61775  -6.38917  -7.17971  -7.98943  -8.81589  -9.65847 -10.51658 -11.38940
 279.10591    0.67721   0.60423   0.35624  -0.00807  -0.45588  -0.96619  -1.52742  -2.13135  -2.77225  -3.44339  -4.14502  -4.87210  -5.62164  -6.39349  -7.18443  -7.99459  -8.82147  -9.66446 -10.52301 -11.39629
 279.43548    0.67831   0.60513   0.35675  -0.00796  -0.45622  -0.96696  -1.52862  -2.13300  -2.77432  -3.44586  -4.14794  -4.87546  -5.62541  -6.39768  -7.18901  -7.99963  -8.82692  -9.67032 -10.52930 -11.40304
 279.76504    0.67951   0.60614   0.35736  -0.00774  -0.45644  -0.96761  -1.52972  -2.13453  -2.77628  -3.44821  -4.15075  -4.87869  -5.62905  -6.40175  -7.19347  -8.00453  -8.83223  -9.67605 -10.53546 -11.40965
 280.09461    0.68082   0.60725   0.35809  -0.00741  -0.45655  -0.96815  -1.53069  -2.13595  -2.77812  -3.45045  -4.15343  -4.88181  -5.63257  -6.40569  -7.19781  -8.00931  -8.83741  -9.68164 -10.54148 -11.41612
 280.42418    0.68223   0.60847   0.35892  -0.00697  -0.45656  -0.96858  -1.53156  -2.13725  -2.77985  -3.45257  -4.15599  -4.88481  -5.63597  -6.40951  -7.20201  -8.01395  -8.84246  -9.68710 -10.54737 -11.42245
 280.75374    0.68375   0.60979   0.35985  -0.00643  -0.45646  -0.96890  -1.53232  -2.13844  -2.78146  -3.45458  -4.15844  -4.88768  -5.63925  -6.41320  -7.20610  -8.01847  -8.84739  -9.69242 -10.55312 -11.42864
 281.08331    0.68537   0.61122   0.36089  -0.00579  -0.45625  -0.96912  -1.53297  -2.13952  -2.78296  -3.45647  -4.16076  -4.89044  -5.64241  -6.41677  -7.21005  -8.02286  -8.85218  -9.69762 -10.55874 -11.43470
 281.41288    0.68710   0.61275   0.36204  -0.00503  -0.45593  -0.96922  -1.53350  -2.14048  -2.78435  -3.45825  -4.16298  -4.89307  -5.64544  -6.42022  -7.21389  -8.02713  -8.85685  -9.70269 -10.56422 -11.44062
 281.74244    0.68893   0.61438   0.36329  -0.00418  -0.45551  -0.96922  -1.53393  -2.14134  -2.78562  -3.45992  -4.16507  -4.89559  -5.64836  -6.42355  -7.21760  -8.03127  -8.86138  -9.70762 -10.56958 -11.44641
 282.07201    0.69086   0.61611   0.36464  -0.00322  -0.45498  -0.96911  -1.53426  -2.14209  -2.78678  -3.46147  -4.16705  -4.89799  -5.65115  -6.42675  -7.22119  -8.03528  -8.86579  -9.71243 -10.57480 -11.45206
 282.40158    0.69288   0.61794   0.36609  -0.00216  -0.45436  -0.96890  -1.53447  -2.14273  -2.78783  -3.46291  -4.16892  -4.90028  -5.65383  -6.42984  -7.22465  -8.03917  -8.87007  -9.71711 -10.57989 -11.45757
 282.73115    0.69501   0.61988   0.36764  -0.00100  -0.45362  -0.96859  -1.53458  -2.14326  -2.78877  -3.46424  -4.17067  -4.90244  -5.65639  -6.43280  -7.22800  -8.04294  -8.87423  -9.72165 -10.58484 -11.46295
 283.06071    0.69724   0.62191   0.36929   0.00026  -0.45279  -0.96817  -1.53458  -2.14368  -2.78960  -3.46546  -4.17232  -4.90450  -5.65884  -6.43565  -7.23122  -8.04658  -8.87826  -9.72607 -10.58967 -11.46819
 283.39028    0.69956   0.62404   0.37104   0.00161  -0.45185  -0.96764  -1.53448  -2.14400  -2.79032  -3.46657  -4.17384  -4.90643  -5.66116  -6.43838  -7.23433  -8.05010  -8.88217  -9.73037 -10.59436 -11.47331
 283.71985    0.70198   0.62626   0.37289   0.00307  -0.45082  -0.96702  -1.53428  -2.14421  -2.79093  -3.46757  -4.17526  -4.90826  -5.66337  -6.44098  -7.23731  -8.05349  -8.88595  -9.73453 -10.59893 -11.47828
 284.04941    0.70450   0.62858   0.37484   0.00463  -0.44968  -0.96629  -1.53397  -2.14431  -2.79144  -3.46847  -4.17657  -4.90996  -5.66547  -6.44347  -7.24017  -8.05676  -8.88960  -9.73857 -10.60337 -11.48313
 284.37898    0.70711   0.63100   0.37688   0.00628  -0.44845  -0.96547  -1.53356  -2.14431  -2.79184  -3.46925  -4.17776  -4.91156  -5.66745  -6.44585  -7.24292  -8.05991  -8.89313  -9.74248 -10.60767 -11.48784
 284.70855    0.70982   0.63351   0.37902   0.00803  -0.44712  -0.96454  -1.53305  -2.14421  -2.79213  -3.46993  -4.17885  -4.91304  -5.66932  -6.44811  -7.24555  -8.06294  -8.89654  -9.74627 -10.61185 -11.49241
 285.03811    0.71261   0.63612   0.38126   0.00987  -0.44569  -0.96352  -1.53244  -2.14400  -2.79232  -3.47050  -4.17982  -4.91441  -5.67107  -6.45025  -7.24806  -8.06585  -8.89983  -9.74993 -10.61590 -11.49686
 285.36768    0.71550   0.63882   0.38359   0.01181  -0.44416  -0.96239  -1.53172  -2.14369  -2.79240  -3.47097  -4.18069  -4.91567  -5.67271  -6.45227  -7.25045  -8.06864  -8.90299  -9.75347 -10.61983 -11.50118
 285.69725    0.71849   0.64160   0.38601   0.01384  -0.44254  -0.96117  -1.53091  -2.14328  -2.79238  -3.47133  -4.18145  -4.91682  -5.67424  -6.45419  -7.25273  -8.07131  -8.90604  -9.75688 -10.62362 -11.50536
 286.02681    0.72156   0.64448   0.38852   0.01597  -0.44082  -0.95986  -1.53000  -2.14277  -2.79226  -3.47159  -4.18210  -4.91786  -5.67565  -6.45598  -7.25489  -8.07387  -8.90896  -9.76017 -10.62729 -11.50941
 286.35638    0.72472   0.64746   0.39113   0.01819  -0.43901  -0.95844  -1.52899  -2.14216  -2.79203  -3.47175  -4.18265  -4.91879  -5.67696  -6.45767  -7.25694  -8.07630  -8.91176  -9.76334 -10.63083 -11.51334
 286.68595    0.72798   0.65052   0.39382   0.02050  -0.43710  -0.95693  -1.52788  -2.14144  -2.79170  -3.47180  -4.18309  -4.91961  -5.67815  -6.45924  -7.25887  -8.07861  -8.91444  -9.76638 -10.63425 -11.51713
 287.01551    0.73132   0.65366   0.39661   0.02290  -0.43510  -0.95533  -1.52668  -2.14063  -2.79127  -3.47175  -4.18343  -4.92032  -5.67923  -6.46070  -7.26069  -8.08081  -8.91700  -9.76931 -10.63754 -11.52079
 287.34508    0.73475   0.65690   0.39949   0.02538  -0.43301  -0.95363  -1.52538  -2.13972  -2.79074  -3.47160  -4.18366  -4.92093  -5.68021  -6.46204  -7.26239  -8.08289  -8.91944  -9.77211 -10.64071 -11.52433
 287.67465    0.73826   0.66023   0.40245   0.02796  -0.43083  -0.95184  -1.52399  -2.13872  -2.79010  -3.47135  -4.18378  -4.92142  -5.68108  -6.46328  -7.26399  -8.08486  -8.92176  -9.77479 -10.64375 -11.52773
 288.00422    0.74186   0.66364   0.40551   0.03063  -0.42856  -0.94996  -1.52250  -2.13761  -2.78937  -3.47099  -4.18381  -4.92181  -5.68183  -6.46440  -7.26546  -8.08670  -8.92397  -9.77735 -10.64667 -11.53101
 288.33378    0.74555   0.66713   0.40865   0.03339  -0.42620  -0.94799  -1.52091  -2.13641  -2.78854  -3.47054  -4.18373  -4.92210  -5.68248  -6.46542  -7.26683  -8.08844  -8.92606  -9.77978 -10.64947 -11.53416
 288.66335    0.74932   0.67071   0.41188   0.03623  -0.42374  -0.94592  -1.51924  -2.13511  -2.78761  -3.46999  -4.18355  -4.92228  -5.68302  -6.46632  -7.26809  -8.09006  -8.92803  -9.78210 -10.65214 -11.53718
 288.99292    0.75317   0.67438   0.41519   0.03916  -0.42120  -0.94376  -1.51747  -2.13372  -2.78659  -3.46934  -4.18326  -4.92235  -5.68346  -6.46712  -7.26923  -8.09156  -8.92988  -9.78430 -10.65469 -11.54008
 289.32248    0.75711   0.67813   0.41859   0.04217  -0.41857  -0.94152  -1.51561  -2.13224  -2.78546  -3.46859  -4.18288  -4.92232  -5.68379  -6.46781  -7.27027  -8.09295  -8.93162  -9.78638 -10.65712 -11.54284
 289.65205    0.76113   0.68196   0.42207   0.04527  -0.41586  -0.93918  -1.51366  -2.13066  -2.78424  -3.46775  -4.18239  -4.92218  -5.68402  -6.46839  -7.27120  -8.09423  -8.93324  -9.78835 -10.65942 -11.54549
 289.98162    0.76523   0.68587   0.42564   0.04845  -0.41306  -0.93676  -1.51161  -2.12898  -2.78293  -3.46681  -4.18181  -4.92195  -5.68413  -6.46886  -7.27201  -8.09539  -8.93475  -9.79019 -10.66161 -11.54800
 290.31118    0.76942   0.68987   0.42929   0.05172  -0.41017  -0.93425  -1.50948  -2.12722  -2.78152  -3.46577  -4.18112  -4.92161  -5.68415  -6.46922  -7.27272  -8.09644  -8.93614  -9.79192 -10.66367 -11.55040
 290.64075    0.77368   0.69394   0.43302   0.05506  -0.40719  -0.93165  -1.50726  -2.12536  -2.78001  -3.46464  -4.18034  -4.92116  -5.68406  -6.46948  -7.27332  -8.09738  -8.93742  -9.79353 -10.66561 -11.55266
 290.97032    0.77802   0.69810   0.43683   0.05850  -0.40414  -0.92897  -1.50495  -2.12341  -2.77841  -3.46342  -4.17946  -4.92062  -5.68387  -6.46963  -7.27381  -8.09821  -8.93858  -9.79502 -10.66744 -11.55480
 291.29988    0.78244   0.70233   0.44073   0.06201  -0.40099  -0.92620  -1.50255  -2.12137  -2.77672  -3.46210  -4.17848  -4.91998  -5.68357  -6.46968  -7.27420  -8.09893  -8.93963  -9.79640 -10.66914 -11.55682
 291.62945    0.78694   0.70664   0.44470   0.06560  -0.39777  -0.92334  -1.50006  -2.11924  -2.77493  -3.46068  -4.17741  -4.91923  -5.68318  -6.46962  -7.27448  -8.09954  -8.94057  -9.79767 -10.67073 -11.55872
 291.95902    0.79151   0.71103   0.44876   0.06927  -0.39446  -0.92040  -1.49749  -2.11702  -2.77305  -3.45918  -4.17624  -4.91839  -5.68268  -6.46946  -7.27465  -8.10004  -8.94139  -9.79882 -10.67219 -11.56049
 292.28858    0.79617   0.71550   0.45289   0.07302  -0.39107  -0.91738  -1.49483  -2.11471  -2.77109  -3.45758  -4.17497  -4.91744  -5.68208  -6.46919  -7.27472  -8.10043  -8.94211  -9.79985 -10.67354 -11.56214
 292.61815    0.80089   0.72004   0.45710   0.07686  -0.38760  -0.91427  -1.49209  -2.11232  -2.76902  -3.45589  -4.17361  -4.91640  -5.68138  -6.46882  -7.27468  -8.10071  -8.94271  -9.80077 -10.67477 -11.56366
 292.94772    0.80570   0.72466   0.46139   0.08076  -0.38405  -0.91108  -1.48926  -2.10983  -2.76687  -3.45410  -4.17215  -4.91526  -5.68058  -6.46835  -7.27454  -8.10088  -8.94320  -9.80157 -10.67589 -11.56506
 293.27729    0.81057   0.72935   0.46576   0.08475  -0.38042  -0.90781  -1.48634  -2.10726  -2.76463  -3.45223  -4.17060  -4.91402  -5.67968  -6.46778  -7.27429  -8.10094  -8.94359  -9.80227 -10.67688 -11.56635
 293.60685    0.81552   0.73412   0.47020   0.08881  -0.37671  -0.90446  -1.48334  -2.10460  -2.76230  -3.45027  -4.16895  -4.91268  -5.67868  -6.46710  -7.27394  -8.10090  -8.94386  -9.80285 -10.67776 -11.56751
 293.93642    0.82055   0.73896   0.47472   0.09295  -0.37292  -0.90102  -1.48026  -2.10186  -2.75988  -3.44822  -4.16721  -4.91125  -5.67758  -6.46632  -7.27349  -8.10075  -8.94402  -9.80332 -10.67853 -11.56855
 294.26599    0.82564   0.74388   0.47931   0.09716  -0.36905  -0.89751  -1.47710  -2.09903  -2.75738  -3.44608  -4.16538  -4.90972  -5.67639  -6.46544  -7.27294  -8.10049  -8.94407  -9.80367 -10.67918 -11.56946
 294.59555    0.83081   0.74887   0.48398   0.10145  -0.36511  -0.89392  -1.47385  -2.09612  -2.75478  -3.44385  -4.16346  -4.90809  -5.67509  -6.46447  -7.27228  -8.10013  -8.94402  -9.80392 -10.67971 -11.57026
 294.92512    0.83605   0.75393   0.48872   0.10582  -0.36108  -0.89025  -1.47053  -2.09312  -2.75210  -3.44153  -4.16144  -4.90637  -5.67370  -6.46339  -7.27152  -8.09966  -8.94385  -9.80405 -10.68013 -11.57094
 295.25469    0.84136   0.75905   0.49353   0.11025  -0.35699  -0.88650  -1.46712  -2.09004  -2.74933  -3.43913  -4.15934  -4.90456  -5.67222  -6.46221  -7.27067  -8.09909  -8.94358  -9.80408 -10.68043 -11.57150
 295.58425    0.84674   0.76425   0.49842   0.11476  -0.35281  -0.88267  -1.46363  -2.08687  -2.74648  -3.43664  -4.15714  -4.90265  -5.67064  -6.46093  -7.26971  -8.09841  -8.94321  -9.80399 -10.68062 -11.57194
 295.91382    0.85219   0.76952   0.50338   0.11934  -0.34856  -0.87876  -1.46006  -2.08362  -2.74354  -3.43406  -4.15486  -4.90065  -5.66896  -6.45956  -7.26865  -8.09763  -8.94272  -9.80379 -10.68070 -11.57226
 296.24339    0.85770   0.77486   0.50841   0.12400  -0.34424  -0.87478  -1.45642  -2.08029  -2.74051  -3.43140  -4.15248  -4.89855  -5.66718  -6.45809  -7.26749  -8.09675  -8.94213  -9.80349 -10.68067 -11.57247
 296.57295    0.86329   0.78027   0.51351   0.12872  -0.33984  -0.87073  -1.45269  -2.07688  -2.73740  -3.42866  -4.15002  -4.89636  -5.66532  -6.45652  -7.26623  -8.09576  -8.94143  -9.80308 -10.68052 -11.57255
 296.90252    0.86894   0.78575   0.51868   0.13351  -0.33537  -0.86659  -1.44889  -2.07339  -2.73421  -3.42583  -4.14747  -4.89408  -5.66336  -6.45485  -7.26488  -8.09467  -8.94063  -9.80255 -10.68026 -11.57252
 297.23209    0.87466   0.79129   0.52391   0.13838  -0.33083  -0.86239  -1.44501  -2.06982  -2.73093  -3.42291  -4.14483  -4.89171  -5.66130  -6.45309  -7.26342  -8.09348  -8.93972  -9.80193 -10.67989 -11.57238
 297.56166    0.88044   0.79690   0.52922   0.14331  -0.32622  -0.85810  -1.44105  -2.06617  -2.72757  -3.41991  -4.14210  -4.88924  -5.65915  -6.45123  -7.26187  -8.09218  -8.93871  -9.80119 -10.67940 -11.57211
 297.89122    0.88629   0.80257   0.53460   0.14831  -0.32153  -0.85375  -1.43702  -2.06244  -2.72413  -3.41683  -4.13929  -4.88669  -5.65691  -6.44927  -7.26022  -8.09078  -8.93760  -9.80035 -10.67881 -11.57173
 298.22079    0.89220   0.80831   0.54004   0.15338  -0.31677  -0.84932  -1.43291  -2.05863  -2.72061  -3.41367  -4.13639  -4.88405  -5.65458  -6.44722  -7.25848  -8.08929  -8.93638  -9.79940 -10.67810 -11.57123
 298.55036    0.89818   0.81412   0.54555   0.15852  -0.31194  -0.84482  -1.42872  -2.05474  -2.71701  -3.41043  -4.13340  -4.88131  -5.65216  -6.44508  -7.25664  -8.08769  -8.93506  -9.79834 -10.67729 -11.57062
 298.87992    0.90422   0.81999   0.55113   0.16373  -0.30705  -0.84025  -1.42447  -2.05077  -2.71332  -3.40710  -4.13033  -4.87849  -5.64964  -6.44284  -7.25470  -8.08599  -8.93363  -9.79718 -10.67636 -11.56989
 299.20949    0.91033   0.82592   0.55678   0.16900  -0.30208  -0.83560  -1.42013  -2.04673  -2.70956  -3.40369  -4.12717  -4.87558  -5.64704  -6.44051  -7.25267  -8.08419  -8.93211  -9.79591 -10.67533 -11.56905
 299.53906    0.91649   0.83192   0.56248   0.17433  -0.29704  -0.83089  -1.41573  -2.04261  -2.70571  -3.40021  -4.12393  -4.87258  -5.64434  -6.43809  -7.25054  -8.08230  -8.93048  -9.79454 -10.67419 -11.56810
 299.86862    0.92272   0.83798   0.56826   0.17974  -0.29194  -0.82610  -1.41125  -2.03841  -2.70179  -3.39664  -4.12061  -4.86949  -5.64156  -6.43557  -7.24832  -8.08030  -8.92875  -9.79306 -10.67294 -11.56703
 300.19819    0.92901   0.84410   0.57410   0.18520  -0.28677  -0.82125  -1.40669  -2.03414  -2.69778  -3.39299  -4.11720  -4.86632  -5.63868  -6.43296  -7.24600  -8.07821  -8.92692  -9.79148 -10.67158 -11.56584
 300.52776    0.93536   0.85028   0.58000   0.19073  -0.28153  -0.81632  -1.40207  -2.02980  -2.69370  -3.38927  -4.11371  -4.86305  -5.63572  -6.43026  -7.24360  -8.07602  -8.92499  -9.78980 -10.67011 -11.56455
 300.85732    0.94177   0.85652   0.58596   0.19633  -0.27622  -0.81133  -1.39737  -2.02538  -2.68955  -3.38547  -4.11014  -4.85971  -5.63267  -6.42747  -7.24109  -8.07373  -8.92295  -9.78801 -10.66854 -11.56314
 301.18689    0.94824   0.86283   0.59199   0.20198  -0.27085  -0.80627  -1.39261  -2.02088  -2.68531  -3.38159  -4.10649  -4.85627  -5.62953  -6.42458  -7.23850  -8.07135  -8.92082  -9.78612 -10.66686 -11.56162
 301.51646    0.95477   0.86919   0.59808   0.20770  -0.26541  -0.80114  -1.38777  -2.01631  -2.68100  -3.37763  -4.10275  -4.85275  -5.62630  -6.42161  -7.23582  -8.06886  -8.91859  -9.78413 -10.66507 -11.55998
 301.84602    0.96136   0.87561   0.60423   0.21348  -0.25991  -0.79594  -1.38286  -2.01167  -2.67661  -3.37359  -4.09893  -4.84915  -5.62299  -6.41855  -7.23304  -8.06629  -8.91626  -9.78204 -10.66318 -11.55824
 302.17559    0.96800   0.88209   0.61044   0.21933  -0.25435  -0.79068  -1.37789  -2.00696  -2.67215  -3.36948  -4.09504  -4.84546  -5.61959  -6.41540  -7.23017  -8.06361  -8.91384  -9.77984 -10.66118 -11.55638
 302.50516    0.97471   0.88863   0.61671   0.22523  -0.24872  -0.78535  -1.37284  -2.00217  -2.66761  -3.36530  -4.09106  -4.84169  -5.61610  -6.41215  -7.22721  -8.06084  -8.91131  -9.77755 -10.65907 -11.55441
 302.83473    0.98147   0.89523   0.62304   0.23119  -0.24302  -0.77995  -1.36773  -1.99731  -2.66299  -3.36104  -4.08700  -4.83783  -5.61253  -6.40882  -7.22416  -8.05798  -8.90869  -9.77515 -10.65686 -11.55234
 303.16429    0.98828   0.90188   0.62943   0.23722  -0.23727  -0.77449  -1.36255  -1.99238  -2.65830  -3.35670  -4.08287  -4.83389  -5.60887  -6.40541  -7.22102  -8.05502  -8.90597  -9.77266 -10.65455 -11.55015
 303.49386    0.99515   0.90859   0.63588   0.24330  -0.23145  -0.76897  -1.35730  -1.98738  -2.65354  -3.35229  -4.07865  -4.82987  -5.60513  -6.40190  -7.21779  -8.05197  -8.90315  -9.77006 -10.65213 -11.54785
 303.82343    1.00208   0.91535   0.64239   0.24944  -0.22557  -0.76338  -1.35198  -1.98231  -2.64871  -3.34780  -4.07436  -4.82576  -5.60131  -6.39831  -7.21448  -8.04883  -8.90024  -9.76736 -10.64961 -11.54544
 304.15299    1.00906   0.92217   0.64896   0.25564  -0.21963  -0.75773  -1.34660  -1.97717  -2.64380  -3.34325  -4.06999  -4.82158  -5.59740  -6.39463  -7.21107  -8.04559  -8.89723  -9.76457 -10.64699 -11.54293
 304.48256    1.01609   0.92905   0.65558   0.26190  -0.21362  -0.75201  -1.34115  -1.97196  -2.63882  -3.33861  -4.06555  -4.81731  -5.59341  -6.39086  -7.20758  -8.04226  -8.89412  -9.76168 -10.64426 -11.54030
 304.81213    1.02318   0.93598   0.66226   0.26821  -0.20756  -0.74624  -1.33564  -1.96669  -2.63377  -3.33391  -4.06102  -4.81296  -5.58933  -6.38701  -7.20399  -8.03883  -8.89092  -9.75869 -10.64143 -11.53757
 305.14169    1.03032   0.94296   0.66899   0.27458  -0.20144  -0.74040  -1.33006  -1.96134  -2.62864  -3.32914  -4.05642  -4.80853  -5.58517  -6.38307  -7.20032  -8.03532  -8.88763  -9.75560 -10.63850 -11.53473
 305.47126    1.03751   0.95000   0.67579   0.28101  -0.19525  -0.73449  -1.32441  -1.95593  -2.62345  -3.32429  -4.05175  -4.80402  -5.58093  -6.37905  -7.19657  -8.03171  -8.88424  -9.75241 -10.63546 -11.53178
 305.80083    1.04476   0.95709   0.68263   0.28749  -0.18901  -0.72853  -1.31871  -1.95045  -2.61818  -3.31937  -4.04699  -4.79943  -5.57661  -6.37494  -7.19273  -8.02802  -8.88076  -9.74913 -10.63233 -11.52873
 306.13039    1.05205   0.96423   0.68954   0.29403  -0.18271  -0.72251  -1.31293  -1.94490  -2.61285  -3.31438  -4.04217  -4.79476  -5.57221  -6.37075  -7.18880  -8.02423  -8.87718  -9.74575 -10.62909 -11.52556
 306.45996    1.05940   0.97143   0.69649   0.30063  -0.17635  -0.71642  -1.30710  -1.93928  -2.60744  -3.30932  -4.03727  -4.79002  -5.56773  -6.36647  -7.18478  -8.02035  -8.87351  -9.74227 -10.62575 -11.52229
 306.78953    1.06680   0.97867   0.70350   0.30727  -0.16994  -0.71028  -1.30120  -1.93360  -2.60197  -3.30420  -4.03229  -4.78519  -5.56316  -6.36211  -7.18069  -8.01638  -8.86975  -9.73870 -10.62232 -11.51892
 307.11909    1.07424   0.98597   0.71057   0.31397  -0.16347  -0.70407  -1.29524  -1.92786  -2.59642  -3.29900  -4.02724  -4.78029  -5.55852  -6.35767  -7.17650  -8.01232  -8.86589  -9.73503 -10.61878 -11.51544
 307.44866    1.08174   0.99331   0.71768   0.32073  -0.15694  -0.69781  -1.28922  -1.92205  -2.59081  -3.29373  -4.02212  -4.77531  -5.55379  -6.35314  -7.17223  -8.00818  -8.86195  -9.73127 -10.61514 -11.51185
 307.77823    1.08929   1.00071   0.72485   0.32754  -0.15035  -0.69149  -1.28314  -1.91617  -2.58513  -3.28840  -4.01693  -4.77025  -5.54899  -6.34854  -7.16788  -8.00394  -8.85791  -9.72741 -10.61141 -11.50816
 308.10780    1.09688   1.00816   0.73207   0.33439  -0.14371  -0.68511  -1.27699  -1.91023  -2.57938  -3.28299  -4.01166  -4.76511  -5.54411  -6.34385  -7.16345  -7.99962  -8.85378  -9.72346 -10.60758 -11.50437
 308.43736    1.10452   1.01565   0.73934   0.34131  -0.13702  -0.67868  -1.27079  -1.90423  -2.57357  -3.27752  -4.00632  -4.75990  -5.53915  -6.33908  -7.15893  -7.99520  -8.84956  -9.71941 -10.60364 -11.50047
 308.76693    1.11221   1.02319   0.74666   0.34827  -0.13027  -0.67218  -1.26453  -1.89816  -2.56769  -3.27198  -4.00091  -4.75462  -5.53411  -6.33422  -7.15433  -7.99070  -8.84525  -9.71528 -10.59961 -11.49647

# Minimas
 276.06770    0.67235 
 276.61990    0.60101 
 277.76403    0.35531 
 278.93657   -0.00808 
 280.27526   -0.45657 
 281.57539   -0.96923 
 282.90738   -1.53460 
 284.21503   -2.14432 
 285.46461   -2.79241 
 286.68935   -3.47180 
 287.91383   -4.18381 
 289.06095   -4.92235 
 290.19433   -5.68416 
 291.28210   -6.46968 
 292.33611   -7.27472 
 293.30916   -8.10095 
 294.26298   -8.94407 
 295.16128   -9.80408 
 295.97464  -10.68070 
 296.65036  -11.57256 

