        0.000000000000000       276.067696879415337
       10.000000000000000       276.131196638752670
       20.000000000000000       276.148023942260863
       30.000000000000000       276.182015140378837
       40.000000000000000       276.191739210796356
       50.000000000000000       276.193679588143596
       60.000000000000000       276.306617930817822
       70.000000000000000       276.334016791003762
       80.000000000000000       276.471876211649828
       90.000000000000000       276.591346187328725
      100.000000000000000       276.619903786102157
      110.000000000000000       276.748778911214970
      120.000000000000000       276.852100424367620
      130.000000000000000       276.985775588403271
      140.000000000000000       277.045050691303288
      150.000000000000000       277.172151076447904
      160.000000000000000       277.262572006859330
      170.000000000000000       277.369976486315636
      180.000000000000000       277.480257809403668
      190.000000000000000       277.654543561551861
      200.000000000000000       277.764033989944721
      210.000000000000000       277.905309466254209
      220.000000000000000       278.008242115238318
      230.000000000000000       278.098906342929979
      240.000000000000000       278.211266805024536
      250.000000000000000       278.337108305360289
      260.000000000000000       278.441631002794793
      270.000000000000000       278.596485349937950
      280.000000000000000       278.711509084197075
      290.000000000000000       278.829878050294553
      300.000000000000000       278.936565789431199
      310.000000000000000       279.110911753659423
      320.000000000000000       279.269775649299334
      330.000000000000000       279.365660767810539
      340.000000000000000       279.493089744918620
      350.000000000000000       279.653593029292495
      360.000000000000000       279.766037698743105
      370.000000000000000       279.862530589670541
      380.000000000000000       280.033565665037713
      390.000000000000000       280.185607650537008
      400.000000000000000       280.275257041520092
      410.000000000000000       280.388972529766875
      420.000000000000000       280.524952805377495
      430.000000000000000       280.627761069243491
      440.000000000000000       280.799460614823545
      450.000000000000000       280.945350279734669
      460.000000000000000       281.093802699414994
      470.000000000000000       281.173913703378162
      480.000000000000000       281.357213659125307
      490.000000000000000       281.480922175490321
      500.000000000000000       281.575392078688367
      510.000000000000000       281.701328192977087
      520.000000000000000       281.856234441870924
      530.000000000000000       281.964945632009290
      540.000000000000000       282.120143789208782
      550.000000000000000       282.240073654214143
      560.000000000000000       282.405964641501726
      570.000000000000000       282.537578133190948
      580.000000000000000       282.647580929207152
      590.000000000000000       282.743916642852128
      600.000000000000000       282.907378382334514
      610.000000000000000       283.028292038817312
      620.000000000000000       283.156791734148271
      630.000000000000000       283.282134468842003
      640.000000000000000       283.413043290566350
      650.000000000000000       283.567961188323295
      660.000000000000000       283.686255154831315
      670.000000000000000       283.792312090884764
      680.000000000000000       283.881177601129423
      690.000000000000000       283.988474336484046
      700.000000000000000       284.215034632128436
      710.000000000000000       284.340804777168557
      720.000000000000000       284.463283479956488
      730.000000000000000       284.591952329535843
      740.000000000000000       284.713527757996246
      750.000000000000000       284.857298709264228
      760.000000000000000       284.916194573950236
      770.000000000000000       285.134273135662056
      780.000000000000000       285.212804559272342
      790.000000000000000       285.304814833781791
      800.000000000000000       285.464608967561787
      810.000000000000000       285.555749205124926
      820.000000000000000       285.671412219263289
      830.000000000000000       285.859866709886376
      840.000000000000000       285.928308584758724
      850.000000000000000       286.062188308750081
      860.000000000000000       286.185634160512734
      870.000000000000000       286.306706716053213
      880.000000000000000       286.428373442751251
      890.000000000000000       286.555764020096035
      900.000000000000000       286.689348821696228
      910.000000000000000       286.811588771986123
      920.000000000000000       286.967563114607799
      930.000000000000000       287.060541799162195
      940.000000000000000       287.195964817929905
      950.000000000000000       287.306186120796895
      960.000000000000000       287.422718195764958
      970.000000000000000       287.558008005910779
      980.000000000000000       287.657783681663204
      990.000000000000000       287.787683591566065
     1000.000000000000000       287.913825914762356
     1010.000000000000000       288.021417525228912
     1020.000000000000000       288.139368025228976
     1030.000000000000000       288.260205636459659
     1040.000000000000000       288.390966072820504
     1050.000000000000000       288.487289864893569
     1060.000000000000000       288.619579703658928
     1070.000000000000000       288.720389082451049
     1080.000000000000000       288.832628412573854
     1090.000000000000000       288.966707809423212
     1100.000000000000000       289.060945703864206
     1110.000000000000000       289.208029807318042
     1120.000000000000000       289.293164864652340
     1130.000000000000000       289.421985743488790
     1140.000000000000000       289.538534472422157
     1150.000000000000000       289.654813671940701
     1160.000000000000000       289.751687634887162
     1170.000000000000000       289.865302233107002
     1180.000000000000000       289.983590745295317
     1190.000000000000000       290.100435307914722
     1200.000000000000000       290.194325823443023
     1210.000000000000000       290.305414382826598
     1220.000000000000000       290.433693962196344
     1230.000000000000000       290.515761631097234
     1240.000000000000000       290.651016991837650
     1250.000000000000000       290.738387856145323
     1260.000000000000000       290.846906733745072
     1270.000000000000000       290.967979471016235
     1280.000000000000000       291.063953904987784
     1290.000000000000000       291.172263253904191
     1300.000000000000000       291.282100040817113
     1310.000000000000000       291.349271551248705
     1320.000000000000000       291.491415224172044
     1330.000000000000000       291.602756104926812
     1340.000000000000000       291.688915923338982
     1350.000000000000000       291.809472109881426
     1360.000000000000000       291.910341350904730
     1370.000000000000000       292.038449321493772
     1380.000000000000000       292.119025423394419
     1390.000000000000000       292.214062545195020
     1400.000000000000000       292.336114950880699
     1410.000000000000000       292.417370761464326
     1420.000000000000000       292.523040483960756
     1430.000000000000000       292.630325288602251
     1440.000000000000000       292.669417765730486
     1450.000000000000000       292.777602178383290
     1460.000000000000000       292.900821881798720
     1470.000000000000000       293.012937722475385
     1480.000000000000000       293.090206609267227
     1490.000000000000000       293.232556693327183
     1500.000000000000000       293.309164660615636
     1510.000000000000000       293.374409507949338
     1520.000000000000000       293.500677991342968
     1530.000000000000000       293.584348865367929
     1540.000000000000000       293.685320032001641
     1550.000000000000000       293.785160330376300
     1560.000000000000000       293.820120008348852
     1570.000000000000000       293.982583826540520
     1580.000000000000000       294.078063176635567
     1590.000000000000000       294.171015115710020
     1600.000000000000000       294.262983890178305
     1610.000000000000000       294.368823526839435
     1620.000000000000000       294.405912175440676
     1630.000000000000000       294.537715108561599
     1640.000000000000000       294.588177089379371
     1650.000000000000000       294.691220925356731
     1660.000000000000000       294.808136478509709
     1670.000000000000000       294.857163876037930
     1680.000000000000000       294.969071104100351
     1690.000000000000000       295.017512187175555
     1700.000000000000000       295.161276839929428
     1710.000000000000000       295.162190066969970
     1720.000000000000000       295.288804088789675
     1730.000000000000000       295.355632538050145
     1740.000000000000000       295.461849159759481
     1750.000000000000000       295.591559698478250
     1760.000000000000000       295.633304969988217
     1770.000000000000000       295.711748411512190
     1780.000000000000000       295.798068897231644
     1790.000000000000000       295.866041608652381
     1800.000000000000000       295.974638197286140
     1810.000000000000000       296.038246621669657
     1820.000000000000000       296.131430092197661
     1830.000000000000000       296.280805404435228
     1840.000000000000000       296.285142426488790
     1850.000000000000000       296.320094919626115
     1860.000000000000000       296.470184311802825
     1870.000000000000000       296.537329737837069
     1880.000000000000000       296.583869108057684
     1890.000000000000000       296.720023357879825
     1900.000000000000000       296.650356122545816
     1910.000000000000000       296.873790489625378
     1920.000000000000000       296.923863764336772
     1930.000000000000000       297.020140067027569
     1940.000000000000000       297.088294855439926
     1950.000000000000000       297.129752727921982
     1960.000000000000000       297.167525038738063
     1970.000000000000000       297.324311730517422
     1980.000000000000000       297.331272578143114
     1990.000000000000000       297.484124811429012
