   0.000000000000000       145.595105863555631
  10.000000000000000       145.574096540967361
  20.000000000000000       145.534204540635756
  30.000000000000000       145.432661885321664
  40.000000000000000       145.323641439316077
  50.000000000000000       145.260199490266388
  60.000000000000000       145.221698501372856
  70.000000000000000       145.159901737407608
  80.000000000000000       145.150400518449032
  90.000000000000000       145.134960424368785
 100.000000000000000       145.148210667929419
 110.000000000000000       145.132605121194757
 120.000000000000000       145.207068663073613
 130.000000000000000       145.231132333387080
 140.000000000000000       145.265077284013501
 150.000000000000000       145.307818751219855
 160.000000000000000       145.413540207014876
 170.000000000000000       145.528963317671412
 180.000000000000000       145.587036589437218
 190.000000000000000       145.645876813562410
 200.000000000000000       145.781517963154840
 210.000000000000000       145.956404211553263
 220.000000000000000       146.096435145536276
 230.000000000000000       146.283152555881856
 240.000000000000000       146.430129588542002
 250.000000000000000       146.648640892589810
 260.000000000000000       146.573298562214461
 270.000000000000000       146.968989240379244
 280.000000000000000       147.119634378190170
 290.000000000000000       147.319156203872950
 300.000000000000000       147.596357613941535
 310.000000000000000       147.799194193769921
 320.000000000000000       148.090809741817139
 330.000000000000000       148.241989564779800
 340.000000000000000       148.406078460050679
 350.000000000000000       148.844173627402057
 360.000000000000000       148.996943466217687
 370.000000000000000       149.237304979275621
 380.000000000000000       149.456568038099249
 390.000000000000000       149.809207004868284
 400.000000000000000       150.520602888798805
 410.000000000000000       150.463787008405461
 420.000000000000000       151.007703844681600
 430.000000000000000       151.308958948674103
 440.000000000000000       151.758468890782268
 450.000000000000000       151.620451305128853
 460.000000000000000       151.903481356199592
 470.000000000000000       152.096084699769364
 480.000000000000000       153.260253239648421
 490.000000000000000       152.785077142909813
 500.000000000000000       153.506317360301637
 510.000000000000000       153.857529978587479
 520.000000000000000       154.399286924800634
 530.000000000000000       154.670070957863658
 540.000000000000000       155.056744243501612
 550.000000000000000       155.105588528360869
 560.000000000000000       155.863380098172740
 570.000000000000000       155.735342975532120
 580.000000000000000       157.140297583102551
 590.000000000000000       156.373931452756096
 600.000000000000000       156.950761070670922
 610.000000000000000       157.845999295193536
 620.000000000000000       158.528438514068768
 630.000000000000000       158.789084112864828
 640.000000000000000       159.046748974374225
 650.000000000000000       159.970710955401159
 660.000000000000000       160.205133120611379
 670.000000000000000       160.750927432670039
 680.000000000000000       161.134249716491269
 690.000000000000000       161.385269397279473
 700.000000000000000       162.904640764053084
 710.000000000000000       161.244020143791317
 720.000000000000000       161.863237962274070
 730.000000000000000       163.326885082328459
 740.000000000000000       164.247397460916034
 750.000000000000000       163.476857635606819
 760.000000000000000       165.506467199136296
 770.000000000000000       165.546301363432377
 780.000000000000000       165.812040620046076
 790.000000000000000       166.687739820056890
 800.000000000000000       167.521259515749676
 810.000000000000000       167.265927351983009
 820.000000000000000       166.946259697122741
 830.000000000000000       168.612792082780743
 840.000000000000000       167.533698671826670
 850.000000000000000       168.763502850893076
 860.000000000000000       170.353167072149517
 870.000000000000000       170.163292479105650
 880.000000000000000       171.263895985240453
 890.000000000000000       171.256257405636660
 900.000000000000000       172.209668073245552
 910.000000000000000       172.981716648389494
 920.000000000000000       172.686742906945483
 930.000000000000000       172.592051095379219
 940.000000000000000       173.077832336244768
 950.000000000000000       174.615156721539051
 960.000000000000000       174.308844862154189
 970.000000000000000       176.785116863810487
 980.000000000000000       176.164872775833061
 990.000000000000000       174.372008767420482
1000.000000000000000       177.409733112532848
1010.000000000000000       178.332898227412102
1020.000000000000000       178.594354812088284
1030.000000000000000       179.546306798932079
1040.000000000000000       177.586522891945322
1050.000000000000000       179.855310538535292
1060.000000000000000       181.812131483378067
1070.000000000000000       180.596087839484625
1080.000000000000000       181.056351957032206
1090.000000000000000       182.503179295659180
1100.000000000000000       181.747714832269054
1110.000000000000000       182.856515932942045
1120.000000000000000       184.181526659919115
1130.000000000000000       182.171838714639335
1140.000000000000000       184.276933037561321
1150.000000000000000       186.858813835552809
1160.000000000000000       186.680457915241163
1170.000000000000000       187.952337015726897
1180.000000000000000       189.240772366391298
1190.000000000000000       186.602717538967767
1200.000000000000000       188.460604188752257
1210.000000000000000       187.045824887110257
1220.000000000000000       189.392488833308903
1230.000000000000000       191.089756590687159
1240.000000000000000       191.282869410106372
1250.000000000000000       190.251319629740664
1260.000000000000000       189.884685031557723
1270.000000000000000       192.581212277202042
1280.000000000000000       192.729785713440435
1290.000000000000000       193.718314184780183
1300.000000000000000       194.001141493341294
1310.000000000000000       194.537990089168289
1320.000000000000000       194.726778203390040
1330.000000000000000       196.297283864461207
1340.000000000000000       198.479826796500930
1350.000000000000000       198.693598033487746
1360.000000000000000       200.353622951588733
1370.000000000000000       199.150694976090676
1380.000000000000000       196.843455217902374
1390.000000000000000       201.564432981948073
1400.000000000000000       201.084875928855212
1410.000000000000000       200.066297465912356
1420.000000000000000       204.118209054474733
1430.000000000000000       203.331788993500567
1440.000000000000000       201.310941961227570
1450.000000000000000       205.680347084626590
1460.000000000000000       204.355180258065843
1470.000000000000000       206.653305799196175
1480.000000000000000       202.170596434464017
1490.000000000000000       205.216687827240236
1500.000000000000000       203.548582451074822
1510.000000000000000       208.655901303265864
1520.000000000000000       208.228210865013665
1530.000000000000000       206.300310093787346
1540.000000000000000       210.297371777424587
1550.000000000000000       209.810218996202480
1560.000000000000000       212.405566001537466
1570.000000000000000       210.715064373538524
1580.000000000000000       212.655094075445220
1590.000000000000000       212.276714229066755
1600.000000000000000       214.664621719815358
1610.000000000000000       209.611835728944271
1620.000000000000000       213.363938651506118
1630.000000000000000       214.954632183610386
1640.000000000000000       217.268861416316923
1650.000000000000000       215.178491113728143
1660.000000000000000       216.430468016551288
1670.000000000000000       210.323885741795493
1680.000000000000000       217.801308071959340
1690.000000000000000       219.332666057043525
1700.000000000000000       220.152187594975715
1710.000000000000000       219.536541750521565
1720.000000000000000       222.800126718813573
1730.000000000000000       215.149119383116386
1740.000000000000000       221.364224850255653
1750.000000000000000       220.342511668530932
1760.000000000000000       225.364097975486089
1770.000000000000000       223.000903942012428
1780.000000000000000       226.727787657924210
1790.000000000000000       226.015694340405673
1800.000000000000000       227.696297304332774
1810.000000000000000       228.557432558083605
1820.000000000000000       226.416061856486948
1830.000000000000000       228.137528829447547
1840.000000000000000       225.324812165495018
1850.000000000000000       226.804465301479240
1860.000000000000000       230.720647428932921
1870.000000000000000       227.160187516290364
1880.000000000000000       232.660791817252914
1890.000000000000000       234.095776401852874
1900.000000000000000       234.048416121871242
1910.000000000000000       234.780139733433572
1920.000000000000000       235.513002731143644
1930.000000000000000       234.017318046849709
1940.000000000000000       236.026408234254319
1950.000000000000000       235.403718422688428
1960.000000000000000       237.989593398370829
1970.000000000000000       237.580348128487998
1980.000000000000000       237.053913309575108
1990.000000000000000       236.791074637716548
