   0.000000000000000    0.000000000000000
  10.000000000000000    0.844057975801274
  20.000000000000000    3.540004408337383
  30.000000000000000    6.902820357540419
  40.000000000000000    9.796327545341496
  50.000000000000000   12.118597496481424
  60.000000000000000   14.165647497575138
  70.000000000000000   16.158204632318128
  80.000000000000000   18.161108184138442
  90.000000000000000   20.148158039049914
 100.000000000000000   22.074000650151032
 110.000000000000000   23.900057383222254
 120.000000000000000   25.592973473326875
 130.000000000000000   27.135026542252401
 140.000000000000000   28.538930463962870
 150.000000000000000   29.810905374940155
 160.000000000000000   30.952156678334749
 170.000000000000000   31.961678340549216
 180.000000000000000   32.863479341327874
 190.000000000000000   33.684547860103351
 200.000000000000000   34.434888042755290
 210.000000000000000   35.085016233191595
 220.000000000000000   35.665044743379418
 230.000000000000000   36.197265683955862
 240.000000000000000   36.675460228037906
 250.000000000000000   37.071345291988528
 260.000000000000000   37.482873401076390
 270.000000000000000   37.882117356743734
 280.000000000000000   38.165302945928040
 290.000000000000000   38.461847447045535
 300.000000000000000   38.737298158213328
 310.000000000000000   38.982621053269916
 320.000000000000000   39.195598790566599
 330.000000000000000   39.393845253850202
 340.000000000000000   39.611558532051049
 350.000000000000000   39.763388835965323
 360.000000000000000   39.904432514913310
 370.000000000000000   40.071180508337285
 380.000000000000000   40.218417514657844
 390.000000000000000   40.411945069457190
 400.000000000000000   40.464381768324344
 410.000000000000000   40.549399999837775
 420.000000000000000   40.700218184619672
 430.000000000000000   40.765693567578424
 440.000000000000000   40.809830315680379
 450.000000000000000   40.880751172780798
 460.000000000000000   40.978351367888720
 470.000000000000000   41.183108997074868
 480.000000000000000   41.150753879974211
 490.000000000000000   41.127530397239994
 500.000000000000000   41.302470172567197
 510.000000000000000   41.332689413991858
 520.000000000000000   41.384109561604923
 530.000000000000000   41.421153956241902
 540.000000000000000   41.425424284272133
 550.000000000000000   41.519217430023147
 560.000000000000000   41.535047211408958
 570.000000000000000   41.641638817841610
 580.000000000000000   41.596803930636078
 590.000000000000000   41.533087064440956
 600.000000000000000   41.751342421134524
 610.000000000000000   41.753923699969256
 620.000000000000000   41.792452548317904
 630.000000000000000   41.767145599238212
 640.000000000000000   41.812208583494844
 650.000000000000000   41.834248431497159
 660.000000000000000   41.831497709587225
 670.000000000000000   41.880429129080454
 680.000000000000000   41.881966660143952
 690.000000000000000   42.007529591564825
 700.000000000000000   41.791039137956687
 710.000000000000000   41.760196649661225
 720.000000000000000   42.111737429042044
 730.000000000000000   42.087192630287120
 740.000000000000000   41.844748137967947
 750.000000000000000   42.063451527766880
 760.000000000000000   42.094888321619550
 770.000000000000000   41.929736565830460
 780.000000000000000   42.081403308110168
 790.000000000000000   42.070095908833970
 800.000000000000000   42.029203827616513
 810.000000000000000   41.945075113891342
 820.000000000000000   42.019427328394343
 830.000000000000000   42.077194298377485
 840.000000000000000   42.127638768744745
 850.000000000000000   42.280405498410552
 860.000000000000000   42.118446851200780
 870.000000000000000   42.057995985803494
 880.000000000000000   42.082099900202117
 890.000000000000000   42.035822222484086
 900.000000000000000   42.246234275358773
 910.000000000000000   42.220617334151846
 920.000000000000000   42.057616079090600
 930.000000000000000   42.122208858024052
 940.000000000000000   42.216843966510794
 950.000000000000000   42.187524758862139
 960.000000000000000   42.218627571643694
 970.000000000000000   42.239561016973525
 980.000000000000000   41.956298705809353
 990.000000000000000   42.207971025367272
1000.000000000000000   42.437407129236156
1010.000000000000000   42.252827758509923
1020.000000000000000   42.219145556977210
1030.000000000000000   42.061745221702850
1040.000000000000000   42.151058052883954
1050.000000000000000   42.359973707080961
1060.000000000000000   42.210033596557501
1070.000000000000000   42.148210738548400
1080.000000000000000   42.308354170282499
1090.000000000000000   42.230257109807710
1100.000000000000000   42.198835210057872
1110.000000000000000   42.319095560217576
1120.000000000000000   42.151734647506288
1130.000000000000000   42.161688006936288
1140.000000000000000   42.433292291018773
1150.000000000000000   42.332324440532481
1160.000000000000000   42.255775385372807
1170.000000000000000   42.290955081840494
1180.000000000000000   42.178822152999949
1190.000000000000000   42.239357334282531
1200.000000000000000   42.274447627957947
1210.000000000000000   42.327228802120999
1220.000000000000000   42.331571533701208
1230.000000000000000   42.206932617882863
1240.000000000000000   42.255859558519134
1250.000000000000000   42.270487363068085
1260.000000000000000   42.306894749701279
1270.000000000000000   42.323781881912375
1280.000000000000000   42.302641975950763
1290.000000000000000   42.318061513513797
1300.000000000000000   42.300754981455299
1310.000000000000000   42.290777273770885
1320.000000000000000   42.323115479814817
1330.000000000000000   42.370852300651237
1340.000000000000000   42.338539352713923
1350.000000000000000   42.300916574842908
1360.000000000000000   42.344090584175241
1370.000000000000000   42.244988265372150
1380.000000000000000   42.324058055050713
1390.000000000000000   42.306786904636304
1400.000000000000000   42.275586540001932
1410.000000000000000   42.422593090923584
1420.000000000000000   42.357483798897945
1430.000000000000000   42.293922713859381
1440.000000000000000   42.362312707252350
1450.000000000000000   42.356625490000951
1460.000000000000000   42.358973956734552
1470.000000000000000   42.315298020889898
1480.000000000000000   42.320918340105877
1490.000000000000000   42.352898406442371
1500.000000000000000   42.374757092166433
1510.000000000000000   42.372835654441637
1520.000000000000000   42.333902489964025
1530.000000000000000   42.376889565596215
1540.000000000000000   42.371477064789218
1550.000000000000000   42.368369554859221
1560.000000000000000   42.367074266838479
1570.000000000000000   42.373777745746246
1580.000000000000000   42.372950180894989
1590.000000000000000   42.377093218047811
1600.000000000000000   42.398841496328771
1610.000000000000000   42.395941775695860
1620.000000000000000   42.364528683394241
1630.000000000000000   42.374629275682729
1640.000000000000000   42.390919648053213
1650.000000000000000   42.425008995600763
1660.000000000000000   42.452270060971422
1670.000000000000000   42.404587103993649
1680.000000000000000   42.315049093469419
1690.000000000000000   42.373885691473788
1700.000000000000000   42.419200800206177
1710.000000000000000   42.381987656020087
1720.000000000000000   42.508310320341238
1730.000000000000000   42.465012984388075
1740.000000000000000   42.319840048963371
1750.000000000000000   42.382545877316922
1760.000000000000000   42.417662065407541
1770.000000000000000   42.363318329454486
1780.000000000000000   42.374477102494865
1790.000000000000000   42.507958417455733
1800.000000000000000   42.398178280075193
1810.000000000000000   42.484007304330120
1820.000000000000000   42.482897807467701
1830.000000000000000   42.463269022397931
1840.000000000000000   42.509631640718069
1850.000000000000000   42.377619071157724
1860.000000000000000   42.484641133867989
1870.000000000000000   42.431981814791342
1880.000000000000000   42.260040766661646
1890.000000000000000   42.439395176616870
1900.000000000000000   42.498738784710042
1910.000000000000000   42.468665284266976
1920.000000000000000   42.507780238266555
1930.000000000000000   42.494833738405973
1940.000000000000000   42.467816489211735
1950.000000000000000   42.433927592266386
1960.000000000000000   42.465156886500111
1970.000000000000000   42.578132450033657
1980.000000000000000   42.561574035298364
1990.000000000000000   42.387146499576602
