   0.000000000000000    0.000000000000000
  10.000000000000000    0.870159041278878
  20.000000000000000    3.445461855795720
  30.000000000000000    6.806058294354801
  40.000000000000000    9.863278920082079
  50.000000000000000   12.134665767952313
  60.000000000000000   13.882069514495340
  70.000000000000000   16.425457936068153
  80.000000000000000   18.109735144009015
  90.000000000000000   20.178795688736070
 100.000000000000000   21.822652040455324
 110.000000000000000   24.108424913754451
 120.000000000000000   26.006151208614057
 130.000000000000000   25.921498077105070
 140.000000000000000   29.941101033709970
 150.000000000000000   28.868508133070144
 160.000000000000000   32.660934427762342
 170.000000000000000   30.053852888272576
 180.000000000000000   32.614462295635057
 190.000000000000000   34.882475736110507
 200.000000000000000   33.570625485808755
 210.000000000000000   36.885865673618014
 220.000000000000000   35.084018075487343
 230.000000000000000   35.318537956602647
 240.000000000000000   37.398474016222160
 250.000000000000000   29.239681578514340
 260.000000000000000   51.613421368321291
 270.000000000000000   29.775012584482440
 280.000000000000000   38.789242393072790
 290.000000000000000   40.880787403682099
 300.000000000000000   36.958717736717134
 310.000000000000000   39.557010002418082
 320.000000000000000   36.304680167556896
 330.000000000000000   39.441935926260932
 340.000000000000000   45.095365955392424
 350.000000000000000   35.008227001974106
 360.000000000000000   40.567748940080797
 370.000000000000000   35.094303950991254
 380.000000000000000   51.641590088026291
 390.000000000000000   38.943045557644389
 400.000000000000000   34.794342951935207
 410.000000000000000   49.649116261759993
 420.000000000000000   29.806428299631278
 430.000000000000000   44.937344565287610
 440.000000000000000   27.054814801083666
 450.000000000000000   50.458036859728061
 460.000000000000000   41.395561708710851
 470.000000000000000   74.632757134980878
 480.000000000000000  -22.931803870134221
 490.000000000000000   91.688133673335003
 500.000000000000000   25.465935225328057
 510.000000000000000   48.893722015878609
 520.000000000000000   22.711306404921419
 530.000000000000000   61.670519568516184
 540.000000000000000    8.724866520192572
 550.000000000000000   84.852082400097842
 560.000000000000000   -7.784842551820248
 570.000000000000000  116.482996931477103
 580.000000000000000  -58.676881891002409
 590.000000000000000  103.396210548103667
 600.000000000000000   48.597027984628966
 610.000000000000000   54.462190894946076
 620.000000000000000   -3.212684538313549
 630.000000000000000   56.160395434461414
 640.000000000000000   73.314966570805126
 650.000000000000000   -8.053732004522066
 660.000000000000000   63.703698754959667
 670.000000000000000   38.834741693329775
 680.000000000000000   37.290789320717458
 690.000000000000000   90.831052161027017
 700.000000000000000  -91.862022034100889
 710.000000000000000  137.481425482588236
 720.000000000000000   83.505627948578621
 730.000000000000000   26.245709700785699
 740.000000000000000  -52.305122631858772
 750.000000000000000  191.826872161331153
 760.000000000000000  -70.149565263116926
 770.000000000000000   58.760006044617612
 780.000000000000000   74.482552190062137
 790.000000000000000   40.566860988867823
 800.000000000000000  -23.245514657417061
 810.000000000000000   25.026910201532324
 820.000000000000000  174.281101473894751
 830.000000000000000 -125.124433511671313
 840.000000000000000  196.310698642394300
 850.000000000000000   51.394222991328228
 860.000000000000000  -65.822060800637544
 870.000000000000000  133.839623597845446
 880.000000000000000  -59.588408124016830
 890.000000000000000   94.532201833364397
 900.000000000000000   99.210349543754717
 910.000000000000000 -117.289295221045492
 920.000000000000000  117.371048902754765
 930.000000000000000   71.464180585407220
 940.000000000000000  163.230996709614573
 950.000000000000000 -206.605193903364977
 960.000000000000000  279.287087020833098
 970.000000000000000 -132.516653937308234
 980.000000000000000 -102.675751414897960
 990.000000000000000  483.093157341858330
1000.000000000000000 -164.126259096811538
1010.000000000000000  -59.381923467149576
1020.000000000000000  206.623062851443763
1030.000000000000000 -245.736946352135874
1040.000000000000000  374.343700480407790
1050.000000000000000  -18.202597414985213
1060.000000000000000 -147.841941582250740
1070.000000000000000   98.366045523179608
1080.000000000000000  226.236978588800184
1090.000000000000000 -181.357837935484383
1100.000000000000000  180.547401828940366
1110.000000000000000   22.630465140551806
1120.000000000000000 -152.834069689632912
1130.000000000000000  244.112364441091984
1140.000000000000000  283.940508550089874
1150.000000000000000 -240.459309126713038
1160.000000000000000   65.989128338478338
1170.000000000000000   92.789457733938377
1180.000000000000000 -282.681962873103430
1190.000000000000000  455.456137131382377
1200.000000000000000 -316.587252998464351
1210.000000000000000  292.924602577222231
1220.000000000000000  231.217915701621507
1230.000000000000000 -153.606065196208959
1240.000000000000000 -249.867582954458328
1250.000000000000000  213.971739979748207
1260.000000000000000  321.459116071744916
1270.000000000000000 -140.930120258324536
1280.000000000000000   36.285971150798808
1290.000000000000000    6.749674428190468
1300.000000000000000   71.332244052166558
1310.000000000000000    7.660600905889412
1320.000000000000000  153.059330755782810
1330.000000000000000  172.742486728584595
1340.000000000000000 -258.036576360061474
1350.000000000000000  268.915090224565972
1360.000000000000000 -537.421512111046127
1370.000000000000000  495.067255906705100
1380.000000000000000  439.602965462907434
1390.000000000000000 -766.736346881849954
1400.000000000000000  589.776055376663635
1410.000000000000000  145.381688818084854
1420.000000000000000 -245.073468058020211
1430.000000000000000 -154.386231643466800
1440.000000000000000  613.380584167997199
1450.000000000000000 -416.919968529675316
1460.000000000000000  333.332056701589693
1470.000000000000000 -672.433173432795456
1480.000000000000000  907.009674797618345
1490.000000000000000 -556.132119521952632
1500.000000000000000  827.066637722558198
1510.000000000000000 -582.502940267525787
1520.000000000000000 -101.196389858932065
1530.000000000000000  669.297695676540002
1540.000000000000000 -638.712587838793638
1550.000000000000000  775.396256791035398
1560.000000000000000 -590.307255402035935
1570.000000000000000  435.355765360509395
1580.000000000000000 -193.121318118669706
1590.000000000000000  257.500005705188300
1600.000000000000000 -763.993165714444331
1610.000000000000000 1055.687585973324985
1620.000000000000000 -219.329745058738808
1630.000000000000000  179.722395703929607
1640.000000000000000 -522.201085410547876
1650.000000000000000  380.068999996779098
1660.000000000000000 -681.314194680525475
1670.000000000000000 1610.242689834342173
1680.000000000000000 -744.760721183902433
1690.000000000000000   26.688375272331903
1700.000000000000000 -164.829774427006214
1710.000000000000000  520.101873741432996
1720.000000000000000 -1255.375442448251533
1730.000000000000000 1665.158755039825110
1740.000000000000000 -676.194305932459997
1750.000000000000000  532.074700120212356
1760.000000000000000 -705.005973058352197
1770.000000000000000  831.873541646140779
1780.000000000000000 -646.260974058149031
1790.000000000000000  394.917038655087197
1800.000000000000000  -31.626230329383397
1810.000000000000000 -345.179011074034634
1820.000000000000000  524.703525006788595
1830.000000000000000 -511.784987392016944
1840.000000000000000  509.728445904307080
1850.000000000000000  574.630818968572498
1860.000000000000000 -1361.944928865952306
1870.000000000000000 1659.136707425890563
1880.000000000000000 -656.919840249803769
1890.000000000000000 -151.610021577143925
1900.000000000000000  124.802332337077843
1910.000000000000000  107.829547770837607
1920.000000000000000 -290.061725224812392
1930.000000000000000  474.257969379324493
1940.000000000000000 -314.920125664033435
1950.000000000000000  539.480015909040048
1960.000000000000000 -331.105735104056748
1970.000000000000000  -66.002163770399591
1980.000000000000000  120.656411957665057
1990.000000000000000  549.599481293369081
