   0.000000000000000    0.000000000000000
  10.000000000000000    0.000140048242978
  20.000000000000000    0.000553685921675
  30.000000000000000    0.000999102926215
  40.000000000000000    0.001311885122528
  50.000000000000000    0.001500996149111
  60.000000000000000    0.001624467195283
  70.000000000000000    0.001723059634364
  80.000000000000000    0.001813971299569
  90.000000000000000    0.001900905763320
 100.000000000000000    0.001982212579931
 110.000000000000000    0.002055473273619
 120.000000000000000    0.002118903546946
 130.000000000000000    0.002171708210504
 140.000000000000000    0.002213737155111
 150.000000000000000    0.002245737776762
 160.000000000000000    0.002268419824535
 170.000000000000000    0.002282663235616
 180.000000000000000    0.002289589800529
 190.000000000000000    0.002290048148184
 200.000000000000000    0.002285013031587
 210.000000000000000    0.002275114615521
 220.000000000000000    0.002261409754430
 230.000000000000000    0.002243877061432
 240.000000000000000    0.002223647246731
 250.000000000000000    0.002200851272963
 260.000000000000000    0.002175837379932
 270.000000000000000    0.002149023398706
 280.000000000000000    0.002121229297801
 290.000000000000000    0.002092110328272
 300.000000000000000    0.002062235929935
 310.000000000000000    0.002031542341777
 320.000000000000000    0.001999641933369
 330.000000000000000    0.001968036510704
 340.000000000000000    0.001936015708877
 350.000000000000000    0.001903513559867
 360.000000000000000    0.001871397417146
 370.000000000000000    0.001837916773452
 380.000000000000000    0.001804841605612
 390.000000000000000    0.001772306409115
 400.000000000000000    0.001739784490425
 410.000000000000000    0.001707148221080
 420.000000000000000    0.001674514192611
 430.000000000000000    0.001642726073008
 440.000000000000000    0.001610670175693
 450.000000000000000    0.001578821346773
 460.000000000000000    0.001547435313836
 470.000000000000000    0.001514722409159
 480.000000000000000    0.001485326685791
 490.000000000000000    0.001452846410084
 500.000000000000000    0.001424241555246
 510.000000000000000    0.001393600975620
 520.000000000000000    0.001363568266967
 530.000000000000000    0.001333141941038
 540.000000000000000    0.001304578431878
 550.000000000000000    0.001274985626686
 560.000000000000000    0.001246900542129
 570.000000000000000    0.001220410927372
 580.000000000000000    0.001191123278025
 590.000000000000000    0.001163464005002
 600.000000000000000    0.001136735778425
 610.000000000000000    0.001109542453196
 620.000000000000000    0.001082687708507
 630.000000000000000    0.001055844363433
 640.000000000000000    0.001028920322024
 650.000000000000000    0.001004976253900
 660.000000000000000    0.000979430917270
 670.000000000000000    0.000954104555230
 680.000000000000000    0.000930973393565
 690.000000000000000    0.000904074079837
 700.000000000000000    0.000880521665072
 710.000000000000000    0.000859119932465
 720.000000000000000    0.000831760991210
 730.000000000000000    0.000812062197083
 740.000000000000000    0.000788503268899
 750.000000000000000    0.000766310356446
 760.000000000000000    0.000743410349796
 770.000000000000000    0.000719206398181
 780.000000000000000    0.000697483183528
 790.000000000000000    0.000675964218224
 800.000000000000000    0.000653741029691
 810.000000000000000    0.000634934623927
 820.000000000000000    0.000612088786989
 830.000000000000000    0.000592334877067
 840.000000000000000    0.000576849277332
 850.000000000000000    0.000554854150270
 860.000000000000000    0.000537053722999
 870.000000000000000    0.000509939521750
 880.000000000000000    0.000496450305544
 890.000000000000000    0.000476251108098
 900.000000000000000    0.000457235001322
 910.000000000000000    0.000432672329771
 920.000000000000000    0.000421300500507
 930.000000000000000    0.000406833650967
 940.000000000000000    0.000382102299291
 950.000000000000000    0.000363957521954
 960.000000000000000    0.000344076783939
 970.000000000000000    0.000327907927138
 980.000000000000000    0.000308756808362
 990.000000000000000    0.000302288125294
1000.000000000000000    0.000273864455178
1010.000000000000000    0.000253741996911
1020.000000000000000    0.000238118695384
1030.000000000000000    0.000220778544712
1040.000000000000000    0.000208329761705
1050.000000000000000    0.000196882258432
1060.000000000000000    0.000177698276780
1070.000000000000000    0.000171372126572
1080.000000000000000    0.000140194272672
1090.000000000000000    0.000134439305345
1100.000000000000000    0.000121482005994
1110.000000000000000    0.000096713125796
1120.000000000000000    0.000090019996276
1130.000000000000000    0.000085409658192
1140.000000000000000    0.000058725105400
1150.000000000000000    0.000045316588867
1160.000000000000000    0.000039703683494
1170.000000000000000    0.000046726771092
1180.000000000000000    0.000006280053560
1190.000000000000000   -0.000005675071203
1200.000000000000000   -0.000017507596257
1210.000000000000000   -0.000034958346681
1220.000000000000000   -0.000047356125323
1230.000000000000000   -0.000056825762611
1240.000000000000000   -0.000056158779372
1250.000000000000000   -0.000076556096269
1260.000000000000000   -0.000077433750244
1270.000000000000000   -0.000099365771643
1280.000000000000000   -0.000139306188514
1290.000000000000000   -0.000117651251480
1300.000000000000000   -0.000130026310378
1310.000000000000000   -0.000163488196899
1320.000000000000000   -0.000195336692775
1330.000000000000000   -0.000154480099868
1340.000000000000000   -0.000171664129095
1350.000000000000000   -0.000179309899478
1360.000000000000000   -0.000225649164422
1370.000000000000000   -0.000228776226954
1380.000000000000000   -0.000230295166963
1390.000000000000000   -0.000251267491077
1400.000000000000000   -0.000248163857795
1410.000000000000000   -0.000275880053683
1420.000000000000000   -0.000282584486874
1430.000000000000000   -0.000279287421561
1440.000000000000000   -0.000311373141914
1450.000000000000000   -0.000308790816202
1460.000000000000000   -0.000317880872538
1470.000000000000000   -0.000323009799996
1480.000000000000000   -0.000331149500184
1490.000000000000000   -0.000338132838514
1500.000000000000000   -0.000350182595537
1510.000000000000000   -0.000369901375270
1520.000000000000000   -0.000381080559933
1530.000000000000000   -0.000388722543870
1540.000000000000000   -0.000394229837194
1550.000000000000000   -0.000401353665416
1560.000000000000000   -0.000411617476077
1570.000000000000000   -0.000422187414866
1580.000000000000000   -0.000423698688669
1590.000000000000000   -0.000434527608260
1600.000000000000000   -0.000455092369022
1610.000000000000000   -0.000455999196564
1620.000000000000000   -0.000463187632077
1630.000000000000000   -0.000477829732105
1640.000000000000000   -0.000485934455661
1650.000000000000000   -0.000493510157247
1660.000000000000000   -0.000502853036238
1670.000000000000000   -0.000505567336124
1680.000000000000000   -0.000513281648928
1690.000000000000000   -0.000522515650000
1700.000000000000000   -0.000528981963784
1710.000000000000000   -0.000541062244371
1720.000000000000000   -0.000544213690228
1730.000000000000000   -0.000550895874152
1740.000000000000000   -0.000565889780747
1750.000000000000000   -0.000564688353634
1760.000000000000000   -0.000578871031007
1770.000000000000000   -0.000585357422564
1780.000000000000000   -0.000591766010497
1790.000000000000000   -0.000592848958268
1800.000000000000000   -0.000606527798396
1810.000000000000000   -0.000612281502757
1820.000000000000000   -0.000618039774643
1830.000000000000000   -0.000626125956362
1840.000000000000000   -0.000636712679312
1850.000000000000000   -0.000637418528296
1860.000000000000000   -0.000650454780741
1870.000000000000000   -0.000656635404989
1880.000000000000000   -0.000656173705898
1890.000000000000000   -0.000666132877016
1900.000000000000000   -0.000673187920133
1910.000000000000000   -0.000680406246761
1920.000000000000000   -0.000685277103558
1930.000000000000000   -0.000690523676482
1940.000000000000000   -0.000696211177731
1950.000000000000000   -0.000701676310717
1960.000000000000000   -0.000706702215756
1970.000000000000000   -0.000715182352645
1980.000000000000000   -0.000719071087944
1990.000000000000000   -0.000724092765934
