# Volume points
  30.48886    0.37810   0.37178   0.34688   0.30529   0.25037   0.18474   0.11028   0.02832  -0.06014  -0.15431  -0.25359  -0.35748  -0.46558  -0.57754  -0.69307  -0.81191  -0.93385  -1.05870  -1.18629  -1.31647
  31.45159    0.25111   0.24429   0.21810   0.17489   0.11827   0.05097  -0.02513  -0.10868  -0.19868  -0.29435  -0.39509  -0.50040  -0.60987  -0.72317  -0.84001  -0.96013  -1.08332  -1.20939  -1.33817  -1.46951
  32.43439    0.16317   0.15572   0.12793   0.08278   0.02415  -0.04517  -0.12326  -0.20876  -0.30066  -0.39820  -0.50077  -0.60787  -0.71911  -0.83414  -0.95267  -1.07447  -1.19930  -1.32699  -1.45737  -1.59029
  33.43744    0.11056   0.10237   0.07285   0.02568  -0.03502  -0.10638  -0.18645  -0.27388  -0.36766  -0.46703  -0.57137  -0.68020  -0.79313  -0.90980  -1.02995  -1.15332  -1.27970  -1.40891  -1.54078  -1.67515
  34.46097    0.08993   0.08096   0.04987   0.00097  -0.06139  -0.13429  -0.21581  -0.30457  -0.39960  -0.50012  -0.60554  -0.71538  -0.82925  -0.94680  -1.06777  -1.19191  -1.31901  -1.44889  -1.58138  -1.71634
  35.50517    0.09818   0.08841   0.05594   0.00566  -0.05792  -0.13187  -0.21427  -0.30377  -0.39939  -0.50040  -0.60620  -0.71632  -0.83037  -0.94804  -1.06903  -1.19313  -1.32012  -1.44983  -1.58208  -1.71676
  36.57025    0.13244   0.12186   0.08830   0.03714  -0.02704  -0.10132  -0.18382  -0.27321  -0.36854  -0.46910  -0.57430  -0.68369  -0.79689  -0.91359  -1.03353  -1.15646  -1.28220  -1.41057  -1.54141  -1.67459
  37.65643    0.19015   0.17976   0.14717   0.09765   0.03570  -0.03587  -0.11524  -0.20116  -0.29271  -0.38922  -0.49013  -0.59501  -0.70351  -0.81533  -0.93020  -1.04792  -1.16830  -1.29117  -1.41639  -1.54382
  38.76390    0.26909   0.25902   0.22747   0.17961   0.11987   0.05099  -0.02531  -0.10783  -0.19570  -0.28826  -0.38500  -0.48551  -0.58945  -0.69653  -0.80651  -0.91919  -1.03438  -1.15194  -1.27172  -1.39360

# Fitted data
  30.48886    0.37811   0.37172   0.34674   0.30507   0.25009   0.18442   0.10988   0.02783  -0.06071  -0.15482  -0.25434  -0.35820  -0.46601  -0.57811  -0.69353  -0.81248  -0.93498  -1.05959  -1.18722  -1.31757
  30.53023    0.37173   0.36533   0.34033   0.29862   0.24359   0.17788   0.10330   0.02121  -0.06736  -0.16152  -0.26105  -0.36496  -0.47280  -0.58497  -0.70040  -0.81937  -0.94185  -1.06651  -1.19415  -1.32451
  30.57161    0.36543   0.35904   0.33400   0.29225   0.23717   0.17141   0.09679   0.01467  -0.07394  -0.16815  -0.26770  -0.37165  -0.47954  -0.59177  -0.70722  -0.82621  -0.94867  -1.07338  -1.20104  -1.33142
  30.61298    0.35923   0.35283   0.32776   0.28596   0.23084   0.16503   0.09036   0.00819  -0.08046  -0.17471  -0.27429  -0.37829  -0.48622  -0.59851  -0.71398  -0.83300  -0.95544  -1.08021  -1.20789  -1.33829
  30.65436    0.35311   0.34670   0.32160   0.27975   0.22458   0.15872   0.08400   0.00179  -0.08690  -0.18121  -0.28081  -0.38486  -0.49283  -0.60519  -0.72069  -0.83974  -0.96216  -1.08699  -1.21469  -1.34512
  30.69573    0.34707   0.34066   0.31552   0.27362   0.21840   0.15248   0.07771  -0.00454  -0.09327  -0.18764  -0.28726  -0.39137  -0.49939  -0.61181  -0.72734  -0.84642  -0.96884  -1.09372  -1.22144  -1.35190
  30.73711    0.34112   0.33470   0.30952   0.26758   0.21229   0.14632   0.07150  -0.01080  -0.09958  -0.19400  -0.29365  -0.39781  -0.50588  -0.61837  -0.73393  -0.85305  -0.97546  -1.10040  -1.22815  -1.35864
  30.77848    0.33525   0.32882   0.30361   0.26161   0.20627   0.14024   0.06537  -0.01699  -0.10582  -0.20030  -0.29998  -0.40419  -0.51232  -0.62487  -0.74047  -0.85962  -0.98203  -1.10703  -1.23481  -1.36533
  30.81986    0.32947   0.32303   0.29777   0.25572   0.20032   0.13423   0.05930  -0.02310  -0.11199  -0.20652  -0.30624  -0.41052  -0.51869  -0.63131  -0.74695  -0.86614  -0.98856  -1.11361  -1.24143  -1.37198
  30.86123    0.32376   0.31732   0.29202   0.24991   0.19445   0.12830   0.05331  -0.02915  -0.11808  -0.21268  -0.31244  -0.41677  -0.52501  -0.63769  -0.75337  -0.87260  -0.99503  -1.12015  -1.24800  -1.37859
  30.90261    0.31814   0.31168   0.28634   0.24417   0.18865   0.12244   0.04739  -0.03513  -0.12412  -0.21878  -0.31857  -0.42297  -0.53126  -0.64402  -0.75974  -0.87901  -1.00144  -1.12663  -1.25451  -1.38514
  30.94399    0.31261   0.30613   0.28075   0.23852   0.18293   0.11665   0.04155  -0.04103  -0.13008  -0.22480  -0.32464  -0.42910  -0.53745  -0.65028  -0.76604  -0.88536  -1.00781  -1.13306  -1.26098  -1.39165
  30.98536    0.30715   0.30066   0.27523   0.23294   0.17729   0.11094   0.03577  -0.04687  -0.13597  -0.23076  -0.33065  -0.43517  -0.54358  -0.65648  -0.77229  -0.89166  -1.01412  -1.13943  -1.26740  -1.39811
  31.02674    0.30177   0.29527   0.26979   0.22744   0.17172   0.10530   0.03007  -0.05263  -0.14180  -0.23666  -0.33659  -0.44117  -0.54965  -0.66262  -0.77848  -0.89789  -1.02038  -1.14576  -1.27377  -1.40453
  31.06811    0.29647   0.28996   0.26443   0.22201   0.16622   0.09974   0.02444  -0.05833  -0.14755  -0.24248  -0.34246  -0.44711  -0.55566  -0.66870  -0.78461  -0.90407  -1.02658  -1.15203  -1.28009  -1.41089
  31.10949    0.29126   0.28473   0.25914   0.21666   0.16080   0.09424   0.01888  -0.06395  -0.15324  -0.24824  -0.34827  -0.45299  -0.56160  -0.67471  -0.79068  -0.91020  -1.03273  -1.15825  -1.28635  -1.41721
  31.15086    0.28612   0.27957   0.25393   0.21138   0.15545   0.08882   0.01339  -0.06951  -0.15886  -0.25393  -0.35402  -0.45881  -0.56748  -0.68067  -0.79669  -0.91626  -1.03882  -1.16441  -1.29257  -1.42347
  31.19224    0.28106   0.27449   0.24880   0.20618   0.15018   0.08348   0.00797  -0.07499  -0.16442  -0.25956  -0.35970  -0.46456  -0.57330  -0.68656  -0.80265  -0.92227  -1.04486  -1.17052  -1.29873  -1.42968
  31.23361    0.27608   0.26949   0.24374   0.20106   0.14498   0.07820   0.00262  -0.08041  -0.16990  -0.26512  -0.36532  -0.47025  -0.57906  -0.69239  -0.80854  -0.92822  -1.05084  -1.17657  -1.30483  -1.43584
  31.27499    0.27117   0.26457   0.23876   0.19601   0.13985   0.07300  -0.00265  -0.08576  -0.17532  -0.27061  -0.37087  -0.47587  -0.58476  -0.69816  -0.81437  -0.93411  -1.05677  -1.18257  -1.31089  -1.44195
  31.31636    0.26634   0.25972   0.23386   0.19103   0.13479   0.06786  -0.00786  -0.09104  -0.18067  -0.27604  -0.37635  -0.48143  -0.59039  -0.70387  -0.82014  -0.93994  -1.06264  -1.18852  -1.31689  -1.44801
  31.35774    0.26159   0.25495   0.22902   0.18612   0.12981   0.06280  -0.01300  -0.09625  -0.18596  -0.28140  -0.38178  -0.48693  -0.59596  -0.70952  -0.82585  -0.94571  -1.06845  -1.19440  -1.32283  -1.45401
  31.39911    0.25691   0.25025   0.22427   0.18129   0.12490   0.05781  -0.01807  -0.10140  -0.19117  -0.28669  -0.38713  -0.49236  -0.60147  -0.71510  -0.83150  -0.95142  -1.07421  -1.20023  -1.32872  -1.45995
  31.44049    0.25231   0.24562   0.21958   0.17653   0.12006   0.05289  -0.02307  -0.10647  -0.19632  -0.29192  -0.39243  -0.49773  -0.60692  -0.72062  -0.83709  -0.95708  -1.07990  -1.20600  -1.33455  -1.46585
  31.48186    0.24779   0.24108   0.21497   0.17184   0.11529   0.04804  -0.02800  -0.11148  -0.20141  -0.29708  -0.39766  -0.50303  -0.61230  -0.72608  -0.84262  -0.96267  -1.08554  -1.21172  -1.34033  -1.47169
  31.52324    0.24333   0.23660   0.21043   0.16723   0.11059   0.04326  -0.03286  -0.11642  -0.20642  -0.30218  -0.40282  -0.50828  -0.61762  -0.73148  -0.84808  -0.96820  -1.09113  -1.21737  -1.34605  -1.47747
  31.56461    0.23896   0.23220   0.20597   0.16268   0.10596   0.03855  -0.03765  -0.12129  -0.21137  -0.30721  -0.40792  -0.51345  -0.62288  -0.73681  -0.85349  -0.97367  -1.09665  -1.22297  -1.35171  -1.48319
  31.60599    0.23465   0.22787   0.20157   0.15821   0.10141   0.03391  -0.04237  -0.12609  -0.21626  -0.31217  -0.41296  -0.51857  -0.62807  -0.74208  -0.85883  -0.97908  -1.10211  -1.22851  -1.35731  -1.48886
  31.64736    0.23042   0.22361   0.19725   0.15380   0.09692   0.02933  -0.04703  -0.13083  -0.22107  -0.31707  -0.41793  -0.52362  -0.63320  -0.74728  -0.86411  -0.98443  -1.10751  -1.23399  -1.36286  -1.49447
  31.68874    0.22626   0.21942   0.19300   0.14947   0.09250   0.02483  -0.05162  -0.13550  -0.22582  -0.32191  -0.42283  -0.52860  -0.63827  -0.75243  -0.86933  -0.98971  -1.11286  -1.23941  -1.36835  -1.50003
  31.73011    0.22217   0.21531   0.18882   0.14521   0.08815   0.02039  -0.05614  -0.14010  -0.23051  -0.32667  -0.42768  -0.53352  -0.64327  -0.75751  -0.87448  -0.99494  -1.11814  -1.24477  -1.37378  -1.50552
  31.77149    0.21816   0.21127   0.18470   0.14101   0.08387   0.01602  -0.06059  -0.14464  -0.23513  -0.33137  -0.43245  -0.53838  -0.64821  -0.76252  -0.87957  -1.00010  -1.12336  -1.25007  -1.37915  -1.51096
  31.81286    0.21421   0.20729   0.18066   0.13689   0.07966   0.01172  -0.06498  -0.14911  -0.23968  -0.33601  -0.43717  -0.54317  -0.65309  -0.76747  -0.88460  -1.00520  -1.12853  -1.25531  -1.38445  -1.51633
  31.85424    0.21034   0.20339   0.17669   0.13283   0.07551   0.00749  -0.06930  -0.15352  -0.24417  -0.34058  -0.44181  -0.54790  -0.65790  -0.77236  -0.88957  -1.01024  -1.13363  -1.26049  -1.38970  -1.52165
  31.89562    0.20653   0.19956   0.17279   0.12884   0.07143   0.00332  -0.07355  -0.15786  -0.24859  -0.34509  -0.44640  -0.55257  -0.66265  -0.77719  -0.89447  -1.01521  -1.13867  -1.26561  -1.39489  -1.52691
  31.93699    0.20279   0.19579   0.16895   0.12492   0.06742  -0.00078  -0.07774  -0.16213  -0.25295  -0.34953  -0.45092  -0.55717  -0.66734  -0.78195  -0.89931  -1.02013  -1.14365  -1.27066  -1.40002  -1.53210
  31.97837    0.19913   0.19210   0.16518   0.12107   0.06348  -0.00481  -0.08186  -0.16634  -0.25724  -0.35391  -0.45537  -0.56171  -0.67196  -0.78664  -0.90409  -1.02497  -1.14856  -1.27566  -1.40508  -1.53724
  32.01974    0.19553   0.18847   0.16148   0.11728   0.05960  -0.00878  -0.08592  -0.17048  -0.26146  -0.35822  -0.45976  -0.56618  -0.67652  -0.79127  -0.90880  -1.02976  -1.15342  -1.28059  -1.41008  -1.54231
  32.06112    0.19200   0.18491   0.15785   0.11356   0.05579  -0.01268  -0.08991  -0.17455  -0.26563  -0.36246  -0.46409  -0.57059  -0.68101  -0.79584  -0.91345  -1.03448  -1.15821  -1.28545  -1.41502  -1.54732
  32.10249    0.18854   0.18142   0.15428   0.10991   0.05205  -0.01651  -0.09383  -0.17856  -0.26972  -0.36665  -0.46836  -0.57493  -0.68544  -0.80034  -0.91803  -1.03914  -1.16294  -1.29026  -1.41990  -1.55227
  32.14387    0.18514   0.17799   0.15079   0.10632   0.04837  -0.02028  -0.09769  -0.18251  -0.27376  -0.37076  -0.47255  -0.57921  -0.68981  -0.80478  -0.92255  -1.04374  -1.16760  -1.29500  -1.42471  -1.55715
  32.18524    0.18182   0.17463   0.14735   0.10280   0.04476  -0.02399  -0.10148  -0.18639  -0.27772  -0.37482  -0.47669  -0.58343  -0.69411  -0.80916  -0.92701  -1.04827  -1.17220  -1.29968  -1.42947  -1.56197
  32.22662    0.17855   0.17134   0.14398   0.09934   0.04121  -0.02763  -0.10521  -0.19021  -0.28163  -0.37881  -0.48076  -0.58758  -0.69835  -0.81347  -0.93140  -1.05273  -1.17674  -1.30429  -1.43415  -1.56673
  32.26799    0.17536   0.16811   0.14068   0.09595   0.03772  -0.03120  -0.10888  -0.19396  -0.28547  -0.38273  -0.48477  -0.59167  -0.70252  -0.81771  -0.93573  -1.05714  -1.18122  -1.30884  -1.43878  -1.57142
  32.30937    0.17223   0.16495   0.13744   0.09262   0.03431  -0.03471  -0.11248  -0.19765  -0.28924  -0.38659  -0.48871  -0.59569  -0.70663  -0.82189  -0.93999  -1.06147  -1.18563  -1.31333  -1.44333  -1.57605
  32.35074    0.16916   0.16185   0.13427   0.08936   0.03095  -0.03816  -0.11602  -0.20128  -0.29295  -0.39039  -0.49259  -0.59965  -0.71068  -0.82601  -0.94419  -1.06574  -1.18997  -1.31775  -1.44783  -1.58062
  32.39212    0.16616   0.15881   0.13116   0.08616   0.02766  -0.04154  -0.11949  -0.20484  -0.29660  -0.39412  -0.49641  -0.60355  -0.71466  -0.83006  -0.94832  -1.06995  -1.19425  -1.32210  -1.45225  -1.58511
  32.43349    0.16323   0.15584   0.12811   0.08303   0.02443  -0.04486  -0.12290  -0.20834  -0.30019  -0.39779  -0.50016  -0.60738  -0.71858  -0.83404  -0.95239  -1.07409  -1.19847  -1.32639  -1.45662  -1.58955
  32.47487    0.16035   0.15294   0.12513   0.07995   0.02127  -0.04812  -0.12625  -0.21177  -0.30371  -0.40139  -0.50385  -0.61115  -0.72243  -0.83796  -0.95639  -1.07817  -1.20262  -1.33061  -1.46091  -1.59391
  32.51624    0.15754   0.15009   0.12221   0.07694   0.01816  -0.05131  -0.12953  -0.21514  -0.30716  -0.40493  -0.50747  -0.61485  -0.72622  -0.84182  -0.96033  -1.08218  -1.20671  -1.33477  -1.46515  -1.59821
  32.55762    0.15480   0.14731   0.11936   0.07400   0.01512  -0.05444  -0.13275  -0.21845  -0.31056  -0.40841  -0.51103  -0.61849  -0.72994  -0.84561  -0.96420  -1.08613  -1.21073  -1.33886  -1.46931  -1.60245
  32.59899    0.15212   0.14460   0.11656   0.07111   0.01215  -0.05751  -0.13591  -0.22170  -0.31389  -0.41183  -0.51453  -0.62207  -0.73360  -0.84934  -0.96801  -1.09001  -1.21469  -1.34289  -1.47341  -1.60662
  32.64037    0.14949   0.14194   0.11383   0.06829   0.00923  -0.06052  -0.13900  -0.22488  -0.31716  -0.41518  -0.51796  -0.62558  -0.73720  -0.85300  -0.97175  -1.09382  -1.21858  -1.34685  -1.47744  -1.61071
  32.68174    0.14693   0.13935   0.11116   0.06553   0.00638  -0.06346  -0.14204  -0.22800  -0.32037  -0.41847  -0.52133  -0.62903  -0.74073  -0.85659  -0.97543  -1.09757  -1.22240  -1.35074  -1.48140  -1.61475
  32.72312    0.14444   0.13681   0.10854   0.06283   0.00359  -0.06635  -0.14501  -0.23106  -0.32351  -0.42169  -0.52464  -0.63241  -0.74419  -0.86012  -0.97904  -1.10125  -1.22616  -1.35457  -1.48530  -1.61871
  32.76449    0.14200   0.13434   0.10599   0.06019   0.00085  -0.06917  -0.14792  -0.23406  -0.32659  -0.42485  -0.52789  -0.63573  -0.74759  -0.86359  -0.98258  -1.10487  -1.22985  -1.35833  -1.48913  -1.62260
  32.80587    0.13962   0.13193   0.10351   0.05761  -0.00182  -0.07193  -0.15077  -0.23699  -0.32961  -0.42795  -0.53107  -0.63899  -0.75093  -0.86699  -0.98606  -1.10842  -1.23347  -1.36202  -1.49289  -1.62643
  32.84725    0.13731   0.12958   0.10108   0.05509  -0.00443  -0.07463  -0.15356  -0.23987  -0.33257  -0.43099  -0.53419  -0.64218  -0.75420  -0.87032  -0.98947  -1.11190  -1.23703  -1.36564  -1.49658  -1.63019
  32.88862    0.13505   0.12728   0.09871   0.05263  -0.00698  -0.07727  -0.15628  -0.24268  -0.33546  -0.43396  -0.53724  -0.64531  -0.75741  -0.87359  -0.99282  -1.11532  -1.24052  -1.36919  -1.50020  -1.63387
  32.93000    0.13285   0.12505   0.09640   0.05023  -0.00947  -0.07985  -0.15895  -0.24543  -0.33829  -0.43687  -0.54023  -0.64838  -0.76056  -0.87679  -0.99610  -1.11867  -1.24395  -1.37268  -1.50376  -1.63749
  32.97137    0.13071   0.12287   0.09414   0.04789  -0.01190  -0.08237  -0.16156  -0.24812  -0.34107  -0.43972  -0.54316  -0.65138  -0.76364  -0.87993  -0.99932  -1.12195  -1.24730  -1.37610  -1.50724  -1.64104
  33.01275    0.12863   0.12076   0.09195   0.04561  -0.01427  -0.08483  -0.16410  -0.25075  -0.34378  -0.44251  -0.54603  -0.65432  -0.76665  -0.88300  -1.00247  -1.12517  -1.25059  -1.37945  -1.51066  -1.64452
  33.05412    0.12661   0.11870   0.08982   0.04338  -0.01658  -0.08723  -0.16659  -0.25332  -0.34643  -0.44524  -0.54883  -0.65719  -0.76960  -0.88601  -1.00555  -1.12831  -1.25381  -1.38273  -1.51400  -1.64793
  33.09550    0.12465   0.11670   0.08774   0.04122  -0.01884  -0.08957  -0.16901  -0.25583  -0.34901  -0.44790  -0.55158  -0.66000  -0.77249  -0.88895  -1.00856  -1.13140  -1.25697  -1.38594  -1.51728  -1.65126
  33.13687    0.12274   0.11476   0.08572   0.03911  -0.02103  -0.09185  -0.17138  -0.25827  -0.35154  -0.45050  -0.55426  -0.66275  -0.77531  -0.89183  -1.01151  -1.13441  -1.26005  -1.38909  -1.52049  -1.65453
  33.17825    0.12089   0.11287   0.08376   0.03706  -0.02317  -0.09407  -0.17369  -0.26066  -0.35401  -0.45304  -0.55687  -0.66543  -0.77807  -0.89464  -1.01440  -1.13736  -1.26307  -1.39216  -1.52362  -1.65772
  33.21962    0.11910   0.11104   0.08185   0.03507  -0.02525  -0.09624  -0.17593  -0.26299  -0.35641  -0.45552  -0.55943  -0.66806  -0.78076  -0.89738  -1.01722  -1.14024  -1.26602  -1.39517  -1.52669  -1.66085
  33.26100    0.11736   0.10927   0.08000   0.03313  -0.02727  -0.09834  -0.17812  -0.26526  -0.35876  -0.45794  -0.56192  -0.67061  -0.78339  -0.90006  -1.01997  -1.14305  -1.26890  -1.39810  -1.52969  -1.66390
  33.30237    0.11568   0.10755   0.07821   0.03125  -0.02924  -0.10039  -0.18025  -0.26747  -0.36104  -0.46029  -0.56435  -0.67311  -0.78595  -0.90268  -1.02265  -1.14579  -1.27172  -1.40097  -1.53261  -1.66688
  33.34375    0.11406   0.10589   0.07647   0.02943  -0.03115  -0.10238  -0.18232  -0.26962  -0.36327  -0.46259  -0.56672  -0.67554  -0.78845  -0.90523  -1.02527  -1.14847  -1.27446  -1.40376  -1.53546  -1.66979
  33.38512    0.11249   0.10429   0.07479   0.02766  -0.03300  -0.10432  -0.18434  -0.27171  -0.36543  -0.46482  -0.56902  -0.67791  -0.79089  -0.90771  -1.02782  -1.15108  -1.27714  -1.40649  -1.53825  -1.67262
  33.42650    0.11097   0.10273   0.07316   0.02595  -0.03479  -0.10619  -0.18629  -0.27374  -0.36754  -0.46699  -0.57127  -0.68021  -0.79326  -0.91013  -1.03030  -1.15362  -1.27974  -1.40915  -1.54096  -1.67539
  33.46787    0.10951   0.10124   0.07159   0.02430  -0.03653  -0.10801  -0.18819  -0.27571  -0.36958  -0.46910  -0.57345  -0.68246  -0.79557  -0.91248  -1.03272  -1.15610  -1.28228  -1.41173  -1.54360  -1.67808
  33.50925    0.10811   0.09980   0.07008   0.02270  -0.03821  -0.10978  -0.19003  -0.27763  -0.37157  -0.47115  -0.57557  -0.68464  -0.79781  -0.91477  -1.03507  -1.15850  -1.28475  -1.41425  -1.54617  -1.68069
  33.55062    0.10675   0.09841   0.06861   0.02115  -0.03984  -0.11148  -0.19181  -0.27948  -0.37349  -0.47315  -0.57763  -0.68675  -0.79999  -0.91699  -1.03736  -1.16084  -1.28715  -1.41669  -1.54866  -1.68324
  33.59200    0.10546   0.09707   0.06721   0.01966  -0.04141  -0.11313  -0.19354  -0.28128  -0.37536  -0.47508  -0.57963  -0.68881  -0.80211  -0.91914  -1.03957  -1.16311  -1.28949  -1.41907  -1.55109  -1.68571
  33.63337    0.10421   0.09579   0.06585   0.01822  -0.04293  -0.11473  -0.19521  -0.28302  -0.37717  -0.47695  -0.58156  -0.69080  -0.80416  -0.92124  -1.04173  -1.16531  -1.29175  -1.42137  -1.55344  -1.68810
  33.67475    0.10302   0.09456   0.06455   0.01684  -0.04439  -0.11627  -0.19682  -0.28470  -0.37892  -0.47875  -0.58344  -0.69273  -0.80615  -0.92326  -1.04381  -1.16745  -1.29394  -1.42360  -1.55572  -1.69043
  33.71612    0.10188   0.09338   0.06330   0.01551  -0.04580  -0.11775  -0.19837  -0.28633  -0.38061  -0.48050  -0.58525  -0.69459  -0.80807  -0.92522  -1.04583  -1.16951  -1.29606  -1.42576  -1.55793  -1.69267
  33.75750    0.10079   0.09226   0.06210   0.01424  -0.04715  -0.11918  -0.19987  -0.28789  -0.38224  -0.48219  -0.58701  -0.69640  -0.80993  -0.92712  -1.04778  -1.17151  -1.29812  -1.42785  -1.56006  -1.69485
  33.79887    0.09975   0.09119   0.06096   0.01301  -0.04845  -0.12055  -0.20132  -0.28940  -0.38381  -0.48382  -0.58870  -0.69814  -0.81173  -0.92895  -1.04966  -1.17344  -1.30010  -1.42987  -1.56213  -1.69695
  33.84025    0.09877   0.09017   0.05987   0.01184  -0.04970  -0.12187  -0.20270  -0.29086  -0.38533  -0.48539  -0.59033  -0.69982  -0.81346  -0.93071  -1.05148  -1.17530  -1.30202  -1.43182  -1.56412  -1.69898
  33.88163    0.09783   0.08920   0.05883   0.01073  -0.05089  -0.12313  -0.20404  -0.29225  -0.38678  -0.48691  -0.59190  -0.70144  -0.81512  -0.93241  -1.05323  -1.17709  -1.30386  -1.43370  -1.56603  -1.70093
  33.92300    0.09695   0.08828   0.05784   0.00966  -0.05203  -0.12434  -0.20531  -0.29359  -0.38818  -0.48836  -0.59341  -0.70299  -0.81673  -0.93404  -1.05491  -1.17882  -1.30564  -1.43550  -1.56787  -1.70280
  33.96438    0.09612   0.08741   0.05690   0.00865  -0.05312  -0.12550  -0.20653  -0.29488  -0.38952  -0.48975  -0.59486  -0.70448  -0.81827  -0.93561  -1.05653  -1.18047  -1.30734  -1.43724  -1.56964  -1.70460
  34.00575    0.09534   0.08659   0.05602   0.00769  -0.05415  -0.12660  -0.20770  -0.29610  -0.39081  -0.49108  -0.59625  -0.70591  -0.81975  -0.93712  -1.05808  -1.18206  -1.30898  -1.43890  -1.57134  -1.70633
  34.04713    0.09460   0.08583   0.05518   0.00678  -0.05513  -0.12765  -0.20881  -0.29727  -0.39203  -0.49236  -0.59757  -0.70728  -0.82116  -0.93856  -1.05956  -1.18358  -1.31054  -1.44049  -1.57296  -1.70798
  34.08850    0.09392   0.08511   0.05440   0.00592  -0.05606  -0.12864  -0.20987  -0.29839  -0.39320  -0.49357  -0.59884  -0.70859  -0.82251  -0.93993  -1.06098  -1.18503  -1.31204  -1.44201  -1.57451  -1.70956
  34.12988    0.09329   0.08444   0.05366   0.00511  -0.05694  -0.12958  -0.21087  -0.29945  -0.39431  -0.49473  -0.60005  -0.70984  -0.82379  -0.94124  -1.06233  -1.18641  -1.31346  -1.44345  -1.57599  -1.71106
  34.17125    0.09270   0.08382   0.05297   0.00435  -0.05776  -0.13047  -0.21182  -0.30045  -0.39537  -0.49583  -0.60120  -0.71102  -0.82502  -0.94248  -1.06361  -1.18773  -1.31482  -1.44483  -1.57739  -1.71248
  34.21263    0.09216   0.08325   0.05234   0.00364  -0.05854  -0.13131  -0.21271  -0.30140  -0.39637  -0.49687  -0.60228  -0.71214  -0.82618  -0.94366  -1.06483  -1.18897  -1.31610  -1.44613  -1.57872  -1.71383
  34.25400    0.09167   0.08272   0.05175   0.00299  -0.05926  -0.13209  -0.21355  -0.30229  -0.39731  -0.49785  -0.60331  -0.71320  -0.82727  -0.94478  -1.06598  -1.19015  -1.31731  -1.44736  -1.57997  -1.71510
  34.29538    0.09123   0.08225   0.05121   0.00238  -0.05993  -0.13282  -0.21434  -0.30313  -0.39819  -0.49878  -0.60428  -0.71420  -0.82831  -0.94583  -1.06706  -1.19126  -1.31846  -1.44851  -1.58115  -1.71630
  34.33675    0.09084   0.08182   0.05072   0.00182  -0.06056  -0.13350  -0.21507  -0.30391  -0.39902  -0.49964  -0.60519  -0.71514  -0.82928  -0.94681  -1.06808  -1.19230  -1.31953  -1.44960  -1.58226  -1.71742
  34.37813    0.09049   0.08144   0.05028   0.00131  -0.06113  -0.13413  -0.21575  -0.30464  -0.39979  -0.50045  -0.60604  -0.71602  -0.83018  -0.94773  -1.06903  -1.19327  -1.32053  -1.45061  -1.58329  -1.71846
  34.41950    0.09020   0.08111   0.04989   0.00085  -0.06165  -0.13471  -0.21638  -0.30531  -0.40051  -0.50120  -0.60682  -0.71683  -0.83103  -0.94858  -1.06991  -1.19417  -1.32147  -1.45155  -1.58424  -1.71943
  34.46088    0.08994   0.08083   0.04954   0.00044  -0.06212  -0.13523  -0.21695  -0.30593  -0.40117  -0.50189  -0.60755  -0.71759  -0.83181  -0.94937  -1.07073  -1.19501  -1.32233  -1.45242  -1.58513  -1.72032
  34.50225    0.08974   0.08059   0.04924   0.00008  -0.06254  -0.13570  -0.21747  -0.30650  -0.40177  -0.50253  -0.60823  -0.71828  -0.83252  -0.95010  -1.07148  -1.19577  -1.32312  -1.45322  -1.58593  -1.72113
  34.54363    0.08958   0.08040   0.04899  -0.00024  -0.06291  -0.13613  -0.21794  -0.30701  -0.40232  -0.50311  -0.60884  -0.71891  -0.83318  -0.95076  -1.07216  -1.19647  -1.32384  -1.45394  -1.58667  -1.72187
  34.58500    0.08946   0.08025   0.04878  -0.00050  -0.06323  -0.13650  -0.21836  -0.30747  -0.40281  -0.50363  -0.60939  -0.71948  -0.83377  -0.95136  -1.07278  -1.19710  -1.32449  -1.45459  -1.58732  -1.72253
  34.62638    0.08940   0.08015   0.04862  -0.00072  -0.06351  -0.13682  -0.21873  -0.30787  -0.40325  -0.50409  -0.60988  -0.72000  -0.83430  -0.95189  -1.07333  -1.19766  -1.32507  -1.45517  -1.58791  -1.72312
  34.66775    0.08937   0.08009   0.04851  -0.00089  -0.06373  -0.13709  -0.21904  -0.30822  -0.40363  -0.50450  -0.61032  -0.72045  -0.83477  -0.95236  -1.07381  -1.19815  -1.32558  -1.45567  -1.58842  -1.72362
  34.70913    0.08939   0.08008   0.04845  -0.00102  -0.06391  -0.13732  -0.21930  -0.30852  -0.40396  -0.50485  -0.61070  -0.72084  -0.83517  -0.95276  -1.07423  -1.19857  -1.32602  -1.45611  -1.58885  -1.72405
  34.75050    0.08946   0.08012   0.04842  -0.00109  -0.06404  -0.13749  -0.21952  -0.30876  -0.40424  -0.50514  -0.61101  -0.72117  -0.83551  -0.95310  -1.07458  -1.19893  -1.32638  -1.45646  -1.58921  -1.72441
  34.79188    0.08957   0.08020   0.04845  -0.00112  -0.06412  -0.13761  -0.21968  -0.30896  -0.40445  -0.50538  -0.61127  -0.72144  -0.83579  -0.95338  -1.07486  -1.19922  -1.32668  -1.45675  -1.58949  -1.72468
  34.83326    0.08972   0.08032   0.04852  -0.00111  -0.06415  -0.13768  -0.21978  -0.30909  -0.40462  -0.50556  -0.61148  -0.72165  -0.83601  -0.95359  -1.07508  -1.19943  -1.32691  -1.45697  -1.58970  -1.72488
  34.87463    0.08992   0.08049   0.04863  -0.00105  -0.06413  -0.13771  -0.21984  -0.30918  -0.40473  -0.50569  -0.61162  -0.72179  -0.83617  -0.95374  -1.07523  -1.19958  -1.32706  -1.45711  -1.58984  -1.72500
  34.91601    0.09016   0.08070   0.04879  -0.00094  -0.06407  -0.13768  -0.21985  -0.30922  -0.40478  -0.50576  -0.61170  -0.72188  -0.83626  -0.95382  -1.07532  -1.19967  -1.32715  -1.45718  -1.58989  -1.72504
  34.95738    0.09045   0.08096   0.04900  -0.00079  -0.06396  -0.13761  -0.21981  -0.30920  -0.40479  -0.50577  -0.61173  -0.72191  -0.83629  -0.95384  -1.07534  -1.19968  -1.32716  -1.45717  -1.58988  -1.72501
  34.99876    0.09078   0.08126   0.04925  -0.00059  -0.06381  -0.13749  -0.21972  -0.30913  -0.40473  -0.50573  -0.61170  -0.72188  -0.83626  -0.95380  -1.07529  -1.19963  -1.32711  -1.45709  -1.58979  -1.72490
  35.04013    0.09115   0.08160   0.04954  -0.00034  -0.06360  -0.13732  -0.21957  -0.30901  -0.40463  -0.50563  -0.61161  -0.72179  -0.83617  -0.95369  -1.07518  -1.19950  -1.32698  -1.45694  -1.58962  -1.72471
  35.08151    0.09156   0.08198   0.04988  -0.00005  -0.06335  -0.13710  -0.21938  -0.30883  -0.40447  -0.50548  -0.61147  -0.72165  -0.83601  -0.95352  -1.07500  -1.19931  -1.32678  -1.45672  -1.58938  -1.72444
  35.12288    0.09201   0.08241   0.05025   0.00028  -0.06306  -0.13684  -0.21914  -0.30861  -0.40426  -0.50527  -0.61127  -0.72144  -0.83579  -0.95329  -1.07476  -1.19905  -1.32651  -1.45642  -1.58906  -1.72410
  35.16426    0.09251   0.08288   0.05068   0.00066  -0.06272  -0.13652  -0.21885  -0.30834  -0.40399  -0.50501  -0.61101  -0.72117  -0.83552  -0.95299  -1.07445  -1.19872  -1.32617  -1.45606  -1.58867  -1.72368
  35.20563    0.09305   0.08339   0.05114   0.00108  -0.06233  -0.13616  -0.21851  -0.30801  -0.40367  -0.50469  -0.61069  -0.72084  -0.83518  -0.95263  -1.07407  -1.19833  -1.32576  -1.45561  -1.58820  -1.72318
  35.24701    0.09363   0.08394   0.05165   0.00155  -0.06190  -0.13576  -0.21812  -0.30763  -0.40330  -0.50431  -0.61032  -0.72046  -0.83478  -0.95220  -1.07363  -1.19787  -1.32528  -1.45510  -1.58765  -1.72260
  35.28838    0.09425   0.08453   0.05220   0.00206  -0.06142  -0.13530  -0.21768  -0.30720  -0.40288  -0.50389  -0.60988  -0.72001  -0.83431  -0.95172  -1.07313  -1.19733  -1.32473  -1.45451  -1.58704  -1.72194
  35.32976    0.09491   0.08517   0.05279   0.00261  -0.06090  -0.13480  -0.21719  -0.30672  -0.40240  -0.50340  -0.60940  -0.71951  -0.83379  -0.95116  -1.07255  -1.19673  -1.32411  -1.45385  -1.58634  -1.72121
  35.37113    0.09561   0.08585   0.05343   0.00321  -0.06033  -0.13425  -0.21666  -0.30620  -0.40187  -0.50287  -0.60885  -0.71894  -0.83321  -0.95055  -1.07192  -1.19607  -1.32342  -1.45312  -1.58557  -1.72040
  35.41251    0.09635   0.08656   0.05410   0.00385  -0.05972  -0.13366  -0.21607  -0.30562  -0.40129  -0.50228  -0.60825  -0.71832  -0.83256  -0.94987  -1.07121  -1.19533  -1.32266  -1.45231  -1.58473  -1.71951
  35.45388    0.09714   0.08732   0.05482   0.00453  -0.05906  -0.13302  -0.21544  -0.30499  -0.40066  -0.50163  -0.60759  -0.71764  -0.83185  -0.94913  -1.07044  -1.19453  -1.32182  -1.45143  -1.58381  -1.71854
  35.49526    0.09796   0.08812   0.05558   0.00525  -0.05836  -0.13233  -0.21476  -0.30431  -0.39997  -0.50093  -0.60688  -0.71690  -0.83109  -0.94833  -1.06961  -1.19366  -1.32092  -1.45048  -1.58281  -1.71749
  35.53663    0.09882   0.08895   0.05638   0.00602  -0.05761  -0.13160  -0.21404  -0.30358  -0.39923  -0.50018  -0.60611  -0.71611  -0.83026  -0.94747  -1.06871  -1.19272  -1.31995  -1.44946  -1.58174  -1.71637
  35.57801    0.09972   0.08983   0.05722   0.00683  -0.05682  -0.13082  -0.21326  -0.30280  -0.39845  -0.49937  -0.60528  -0.71525  -0.82937  -0.94654  -1.06774  -1.19171  -1.31890  -1.44836  -1.58059  -1.71517
  35.61938    0.10066   0.09075   0.05810   0.00768  -0.05599  -0.13000  -0.21244  -0.30197  -0.39761  -0.49851  -0.60440  -0.71434  -0.82842  -0.94555  -1.06671  -1.19064  -1.31779  -1.44719  -1.57937  -1.71389
  35.66076    0.10164   0.09170   0.05902   0.00858  -0.05512  -0.12913  -0.21157  -0.30110  -0.39671  -0.49760  -0.60347  -0.71337  -0.82741  -0.94449  -1.06562  -1.18950  -1.31660  -1.44595  -1.57807  -1.71253
  35.70213    0.10265   0.09269   0.05999   0.00951  -0.05420  -0.12822  -0.21066  -0.30017  -0.39577  -0.49663  -0.60247  -0.71234  -0.82634  -0.94338  -1.06446  -1.18829  -1.31535  -1.44463  -1.57670  -1.71110
  35.74351    0.10371   0.09373   0.06099   0.01049  -0.05323  -0.12726  -0.20969  -0.29920  -0.39478  -0.49561  -0.60142  -0.71125  -0.82521  -0.94220  -1.06323  -1.18701  -1.31402  -1.44324  -1.57525  -1.70958
  35.78489    0.10480   0.09480   0.06203   0.01150  -0.05223  -0.12626  -0.20869  -0.29817  -0.39373  -0.49454  -0.60032  -0.71011  -0.82402  -0.94096  -1.06194  -1.18567  -1.31262  -1.44178  -1.57373  -1.70799
  35.82626    0.10593   0.09591   0.06311   0.01256  -0.05118  -0.12521  -0.20763  -0.29710  -0.39264  -0.49341  -0.59916  -0.70890  -0.82277  -0.93966  -1.06059  -1.18426  -1.31116  -1.44025  -1.57213  -1.70632
  35.86764    0.10710   0.09705   0.06423   0.01366  -0.05009  -0.12412  -0.20653  -0.29598  -0.39149  -0.49223  -0.59795  -0.70765  -0.82146  -0.93830  -1.05917  -1.18278  -1.30962  -1.43864  -1.57045  -1.70457
  35.90901    0.10830   0.09824   0.06538   0.01480  -0.04896  -0.12298  -0.20538  -0.29481  -0.39030  -0.49100  -0.59668  -0.70633  -0.82009  -0.93687  -1.05768  -1.18123  -1.30802  -1.43696  -1.56870  -1.70274
  35.95039    0.10954   0.09946   0.06658   0.01598  -0.04779  -0.12180  -0.20419  -0.29360  -0.38905  -0.48972  -0.59535  -0.70496  -0.81866  -0.93538  -1.05613  -1.17962  -1.30634  -1.43521  -1.56688  -1.70084
  35.99176    0.11082   0.10072   0.06781   0.01720  -0.04657  -0.12058  -0.20295  -0.29234  -0.38776  -0.48838  -0.59397  -0.70352  -0.81716  -0.93383  -1.05452  -1.17794  -1.30459  -1.43339  -1.56498  -1.69886
  36.03314    0.11214   0.10202   0.06909   0.01845  -0.04532  -0.11932  -0.20167  -0.29102  -0.38641  -0.48699  -0.59254  -0.70204  -0.81562  -0.93222  -1.05284  -1.17619  -1.30278  -1.43149  -1.56300  -1.69680
  36.07451    0.11349   0.10335   0.07040   0.01975  -0.04402  -0.11801  -0.20034  -0.28967  -0.38502  -0.48555  -0.59105  -0.70049  -0.81401  -0.93055  -1.05110  -1.17438  -1.30089  -1.42952  -1.56095  -1.69466
  36.11589    0.11488   0.10472   0.07175   0.02109  -0.04268  -0.11666  -0.19896  -0.28826  -0.38357  -0.48406  -0.58951  -0.69889  -0.81234  -0.92882  -1.04930  -1.17250  -1.29893  -1.42748  -1.55882  -1.69244
  36.15726    0.11630   0.10613   0.07313   0.02247  -0.04130  -0.11526  -0.19754  -0.28681  -0.38208  -0.48252  -0.58791  -0.69723  -0.81061  -0.92702  -1.04743  -1.17055  -1.29691  -1.42536  -1.55662  -1.69015
  36.19864    0.11776   0.10757   0.07456   0.02388  -0.03988  -0.11382  -0.19608  -0.28531  -0.38053  -0.48092  -0.58626  -0.69552  -0.80882  -0.92517  -1.04549  -1.16854  -1.29481  -1.42318  -1.55434  -1.68778
  36.24001    0.11925   0.10905   0.07602   0.02534  -0.03842  -0.11234  -0.19457  -0.28376  -0.37894  -0.47928  -0.58456  -0.69375  -0.80698  -0.92325  -1.04349  -1.16646  -1.29264  -1.42092  -1.55199  -1.68532
  36.28139    0.12078   0.11056   0.07752   0.02683  -0.03692  -0.11082  -0.19301  -0.28217  -0.37730  -0.47758  -0.58280  -0.69192  -0.80507  -0.92127  -1.04143  -1.16431  -1.29041  -1.41859  -1.54956  -1.68280
  36.32276    0.12235   0.11211   0.07905   0.02836  -0.03538  -0.10926  -0.19142  -0.28053  -0.37561  -0.47583  -0.58099  -0.69004  -0.80311  -0.91923  -1.03931  -1.16210  -1.28810  -1.41619  -1.54706  -1.68019
  36.36414    0.12395   0.11369   0.08062   0.02993  -0.03379  -0.10765  -0.18978  -0.27884  -0.37387  -0.47403  -0.57912  -0.68810  -0.80109  -0.91714  -1.03712  -1.15982  -1.28573  -1.41371  -1.54449  -1.67751
  36.40551    0.12558   0.11531   0.08223   0.03154  -0.03217  -0.10600  -0.18809  -0.27711  -0.37208  -0.47218  -0.57720  -0.68611  -0.79901  -0.91497  -1.03486  -1.15747  -1.28329  -1.41117  -1.54183  -1.67474
  36.44689    0.12725   0.11697   0.08387   0.03318  -0.03051  -0.10431  -0.18636  -0.27533  -0.37025  -0.47028  -0.57523  -0.68405  -0.79687  -0.91275  -1.03255  -1.15506  -1.28077  -1.40855  -1.53911  -1.67190
  36.48826    0.12895   0.11866   0.08555   0.03486  -0.02881  -0.10258  -0.18459  -0.27351  -0.36836  -0.46833  -0.57320  -0.68195  -0.79467  -0.91047  -1.03017  -1.15258  -1.27819  -1.40586  -1.53631  -1.66899
  36.52964    0.13069   0.12038   0.08726   0.03658  -0.02707  -0.10081  -0.18277  -0.27164  -0.36643  -0.46633  -0.57112  -0.67979  -0.79242  -0.90813  -1.02772  -1.15003  -1.27554  -1.40309  -1.53343  -1.66599
  36.57101    0.13245   0.12214   0.08901   0.03834  -0.02530  -0.09900  -0.18091  -0.26972  -0.36445  -0.46428  -0.56899  -0.67757  -0.79010  -0.90573  -1.02522  -1.14742  -1.27282  -1.40026  -1.53048  -1.66292
  36.61239    0.13426   0.12393   0.09080   0.04013  -0.02348  -0.09714  -0.17901  -0.26776  -0.36242  -0.46217  -0.56681  -0.67530  -0.78773  -0.90327  -1.02265  -1.14475  -1.27003  -1.39735  -1.52745  -1.65977
  36.65376    0.13609   0.12575   0.09262   0.04196  -0.02162  -0.09525  -0.17707  -0.26575  -0.36035  -0.46002  -0.56457  -0.67297  -0.78530  -0.90075  -1.02002  -1.14201  -1.26717  -1.39438  -1.52435  -1.65654
  36.69514    0.13796   0.12761   0.09447   0.04383  -0.01973  -0.09332  -0.17508  -0.26370  -0.35823  -0.45782  -0.56228  -0.67059  -0.78281  -0.89817  -1.01732  -1.13920  -1.26424  -1.39133  -1.52118  -1.65323
  36.73652    0.13986   0.12950   0.09636   0.04573  -0.01780  -0.09134  -0.17305  -0.26161  -0.35606  -0.45557  -0.55994  -0.66815  -0.78027  -0.89552  -1.01456  -1.13633  -1.26124  -1.38821  -1.51793  -1.64985
  36.77789    0.14180   0.13143   0.09829   0.04767  -0.01583  -0.08933  -0.17098  -0.25947  -0.35384  -0.45327  -0.55754  -0.66566  -0.77767  -0.89282  -1.01174  -1.13339  -1.25818  -1.38501  -1.51460  -1.64639
  36.81927    0.14376   0.13338   0.10024   0.04964  -0.01382  -0.08727  -0.16886  -0.25728  -0.35158  -0.45092  -0.55510  -0.66312  -0.77501  -0.89006  -1.00886  -1.13038  -1.25504  -1.38175  -1.51120  -1.64285
  36.86064    0.14576   0.13537   0.10224   0.05166  -0.01178  -0.08518  -0.16671  -0.25505  -0.34927  -0.44852  -0.55260  -0.66052  -0.77229  -0.88724  -1.00591  -1.12731  -1.25184  -1.37842  -1.50773  -1.63924
  36.90202    0.14779   0.13740   0.10426   0.05370  -0.00969  -0.08304  -0.16451  -0.25278  -0.34691  -0.44607  -0.55005  -0.65786  -0.76952  -0.88436  -1.00291  -1.12418  -1.24857  -1.37501  -1.50418  -1.63554
  36.94339    0.14985   0.13945   0.10632   0.05578  -0.00757  -0.08087  -0.16227  -0.25046  -0.34450  -0.44357  -0.54745  -0.65515  -0.76669  -0.88142  -0.99984  -1.12098  -1.24523  -1.37153  -1.50056  -1.63177
  36.98477    0.15195   0.14154   0.10842   0.05790  -0.00542  -0.07866  -0.15999  -0.24810  -0.34205  -0.44103  -0.54479  -0.65239  -0.76380  -0.87843  -0.99670  -1.11771  -1.24182  -1.36798  -1.49687  -1.62792
  37.02614    0.15407   0.14366   0.11054   0.06005  -0.00322  -0.07640  -0.15766  -0.24570  -0.33956  -0.43843  -0.54209  -0.64957  -0.76085  -0.87537  -0.99351  -1.11438  -1.23834  -1.36436  -1.49310  -1.62400
  37.06752    0.15623   0.14581   0.11270   0.06224  -0.00099  -0.07411  -0.15530  -0.24325  -0.33702  -0.43579  -0.53933  -0.64670  -0.75785  -0.87225  -0.99025  -1.11099  -1.23480  -1.36067  -1.48925  -1.62000
  37.10889    0.15841   0.14799   0.11489   0.06446   0.00128  -0.07178  -0.15290  -0.24076  -0.33443  -0.43310  -0.53653  -0.64378  -0.75479  -0.86908  -0.98693  -1.10753  -1.23119  -1.35691  -1.48534  -1.61592
  37.15027    0.16063   0.15020   0.11712   0.06671   0.00358  -0.06942  -0.15045  -0.23822  -0.33179  -0.43036  -0.53367  -0.64080  -0.75168  -0.86585  -0.98355  -1.10401  -1.22750  -1.35308  -1.48135  -1.61176
  37.19164    0.16288   0.15245   0.11937   0.06900   0.00592  -0.06701  -0.14796  -0.23565  -0.32912  -0.42757  -0.53076  -0.63777  -0.74851  -0.86256  -0.98011  -1.10042  -1.22376  -1.34918  -1.47728  -1.60753
  37.23302    0.16516   0.15472   0.12166   0.07133   0.00830  -0.06457  -0.14544  -0.23303  -0.32639  -0.42473  -0.52780  -0.63468  -0.74528  -0.85921  -0.97661  -1.09676  -1.21994  -1.34521  -1.47314  -1.60322
  37.27439    0.16747   0.15703   0.12399   0.07368   0.01071  -0.06208  -0.14287  -0.23036  -0.32362  -0.42185  -0.52479  -0.63154  -0.74200  -0.85580  -0.97305  -1.09305  -1.21605  -1.34116  -1.46893  -1.59884
  37.31577    0.16981   0.15937   0.12634   0.07607   0.01316  -0.05956  -0.14026  -0.22766  -0.32080  -0.41892  -0.52173  -0.62835  -0.73866  -0.85233  -0.96942  -1.08927  -1.21210  -1.33705  -1.46464  -1.59437
  37.35714    0.17217   0.16173   0.12872   0.07850   0.01564  -0.05701  -0.13762  -0.22491  -0.31794  -0.41594  -0.51862  -0.62511  -0.73526  -0.84881  -0.96573  -1.08542  -1.20808  -1.33286  -1.46028  -1.58984
  37.39852    0.17457   0.16413   0.13114   0.08096   0.01816  -0.05441  -0.13493  -0.22212  -0.31504  -0.41291  -0.51546  -0.62181  -0.73181  -0.84523  -0.96198  -1.08151  -1.20399  -1.32861  -1.45585  -1.58522
  37.43989    0.17700   0.16656   0.13359   0.08345   0.02071  -0.05178  -0.13220  -0.21928  -0.31209  -0.40984  -0.51224  -0.61846  -0.72830  -0.84159  -0.95817  -1.07754  -1.19984  -1.32428  -1.45134  -1.58053
  37.48127    0.17945   0.16901   0.13607   0.08597   0.02330  -0.04911  -0.12944  -0.21641  -0.30909  -0.40672  -0.50898  -0.61506  -0.72474  -0.83789  -0.95430  -1.07350  -1.19562  -1.31989  -1.44677  -1.57576
  37.52264    0.18194   0.17150   0.13858   0.08853   0.02592  -0.04640  -0.12663  -0.21349  -0.30606  -0.40355  -0.50567  -0.61160  -0.72113  -0.83413  -0.95037  -1.06940  -1.19133  -1.31542  -1.44211  -1.57091
  37.56402    0.18445   0.17401   0.14112   0.09112   0.02858  -0.04366  -0.12379  -0.21053  -0.30297  -0.40034  -0.50231  -0.60810  -0.71745  -0.83032  -0.94638  -1.06523  -1.18697  -1.31089  -1.43739  -1.56599
  37.60539    0.18700   0.17656   0.14369   0.09374   0.03127  -0.04088  -0.12090  -0.20753  -0.29985  -0.39708  -0.49890  -0.60454  -0.71373  -0.82645  -0.94233  -1.06101  -1.18255  -1.30628  -1.43259  -1.56100
  37.64677    0.18957   0.17913   0.14629   0.09639   0.03400  -0.03806  -0.11798  -0.20449  -0.29667  -0.39377  -0.49544  -0.60093  -0.70994  -0.82252  -0.93822  -1.05671  -1.17806  -1.30161  -1.42772  -1.55592
  37.68815    0.19217   0.18174   0.14893   0.09908   0.03676  -0.03521  -0.11502  -0.20141  -0.29346  -0.39042  -0.49193  -0.59726  -0.70611  -0.81854  -0.93405  -1.05236  -1.17350  -1.29687  -1.42277  -1.55077
  37.72952    0.19479   0.18437   0.15159   0.10180   0.03956  -0.03232  -0.11202  -0.19828  -0.29020  -0.38702  -0.48837  -0.59355  -0.70221  -0.81450  -0.92981  -1.04794  -1.16887  -1.29205  -1.41776  -1.54555
  37.77090    0.19745   0.18703   0.15428   0.10455   0.04239  -0.02939  -0.10898  -0.19512  -0.28690  -0.38357  -0.48476  -0.58978  -0.69827  -0.81040  -0.92552  -1.04346  -1.16418  -1.28717  -1.41267  -1.54025
  37.81227    0.20013   0.18972   0.15700   0.10733   0.04525  -0.02643  -0.10590  -0.19191  -0.28355  -0.38008  -0.48111  -0.58597  -0.69427  -0.80624  -0.92117  -1.03892  -1.15943  -1.28222  -1.40750  -1.53487
  37.85365    0.20284   0.19243   0.15975   0.11014   0.04815  -0.02343  -0.10279  -0.18867  -0.28016  -0.37654  -0.47740  -0.58210  -0.69021  -0.80203  -0.91675  -1.03431  -1.15460  -1.27720  -1.40227  -1.52942
  37.89502    0.20558   0.19518   0.16254   0.11299   0.05107  -0.02040  -0.09963  -0.18538  -0.27673  -0.37296  -0.47365  -0.57818  -0.68610  -0.79777  -0.91228  -1.02964  -1.14971  -1.27211  -1.39696  -1.52389
  37.93640    0.20834   0.19795   0.16535   0.11586   0.05404  -0.01733  -0.09644  -0.18205  -0.27326  -0.36933  -0.46985  -0.57420  -0.68194  -0.79344  -0.90775  -1.02491  -1.14476  -1.26695  -1.39158  -1.51829
  37.97777    0.21113   0.20075   0.16819   0.11877   0.05703  -0.01423  -0.09322  -0.17869  -0.26974  -0.36566  -0.46600  -0.57018  -0.67772  -0.78906  -0.90316  -1.02011  -1.13973  -1.26172  -1.38613  -1.51261
  38.01915    0.21395   0.20358   0.17105   0.12171   0.06006  -0.01109  -0.08995  -0.17528  -0.26618  -0.36194  -0.46210  -0.56611  -0.67345  -0.78462  -0.89851  -1.01526  -1.13465  -1.25642  -1.38061  -1.50686
  38.06052    0.21680   0.20643   0.17395   0.12467   0.06312  -0.00791  -0.08665  -0.17183  -0.26258  -0.35818  -0.45815  -0.56199  -0.66912  -0.78013  -0.89380  -1.01034  -1.12949  -1.25106  -1.37501  -1.50103
  38.10190    0.21967   0.20931   0.17688   0.12767   0.06622  -0.00471  -0.08331  -0.16834  -0.25893  -0.35437  -0.45415  -0.55781  -0.66474  -0.77558  -0.88903  -1.00536  -1.12427  -1.24562  -1.36935  -1.49512
  38.14327    0.22257   0.21222   0.17983   0.13070   0.06934  -0.00146  -0.07993  -0.16482  -0.25524  -0.35051  -0.45011  -0.55359  -0.66031  -0.77098  -0.88420  -1.00031  -1.11899  -1.24012  -1.36361  -1.48915
  38.18465    0.22549   0.21516   0.18281   0.13376   0.07250   0.00181  -0.07651  -0.16125  -0.25151  -0.34661  -0.44602  -0.54931  -0.65582  -0.76632  -0.87932  -0.99521  -1.11364  -1.23455  -1.35780  -1.48309
  38.22602    0.22844   0.21812   0.18583   0.13685   0.07569   0.00513  -0.07306  -0.15765  -0.24774  -0.34267  -0.44188  -0.54498  -0.65129  -0.76161  -0.87437  -0.99004  -1.10822  -1.22891  -1.35192  -1.47696
  38.26740    0.23142   0.22111   0.18886   0.13997   0.07891   0.00847  -0.06958  -0.15400  -0.24393  -0.33868  -0.43770  -0.54061  -0.64669  -0.75684  -0.86937  -0.98481  -1.10274  -1.22320  -1.34596  -1.47076
  38.30877    0.23442   0.22412   0.19193   0.14312   0.08217   0.01185  -0.06605  -0.15032  -0.24007  -0.33465  -0.43347  -0.53618  -0.64205  -0.75201  -0.86430  -0.97952  -1.09719  -1.21743  -1.33994  -1.46448
  38.35015    0.23745   0.22716   0.19502   0.14629   0.08545   0.01526  -0.06249  -0.14660  -0.23618  -0.33058  -0.42919  -0.53171  -0.63735  -0.74713  -0.85918  -0.97417  -1.09158  -1.21159  -1.33384  -1.45813
  38.39152    0.24050   0.23023   0.19815   0.14950   0.08877   0.01871  -0.05889  -0.14284  -0.23224  -0.32646  -0.42486  -0.52718  -0.63260  -0.74219  -0.85400  -0.96876  -1.08590  -1.20568  -1.32768  -1.45170
  38.43290    0.24358   0.23332   0.20129   0.15274   0.09212   0.02219  -0.05526  -0.13904  -0.22826  -0.32229  -0.42049  -0.52261  -0.62780  -0.73720  -0.84877  -0.96328  -1.08016  -1.19970  -1.32144  -1.44520
  38.47427    0.24668   0.23644   0.20447   0.15600   0.09550   0.02571  -0.05159  -0.13520  -0.22424  -0.31809  -0.41607  -0.51799  -0.62294  -0.73216  -0.84347  -0.95775  -1.07435  -1.19365  -1.31513  -1.43863
  38.51565    0.24981   0.23958   0.20767   0.15929   0.09891   0.02925  -0.04789  -0.13132  -0.22018  -0.31384  -0.41160  -0.51331  -0.61803  -0.72706  -0.83812  -0.95215  -1.06848  -1.18754  -1.30875  -1.43198
  38.55702    0.25296   0.24275   0.21090   0.16262   0.10235   0.03284  -0.04415  -0.12741  -0.21608  -0.30954  -0.40709  -0.50859  -0.61307  -0.72191  -0.83271  -0.94650  -1.06255  -1.18136  -1.30230  -1.42526
  38.59840    0.25613   0.24594   0.21416   0.16597   0.10582   0.03645  -0.04037  -0.12345  -0.21193  -0.30520  -0.40253  -0.50382  -0.60806  -0.71670  -0.82724  -0.94078  -1.05655  -1.17511  -1.29578  -1.41846
  38.63978    0.25933   0.24916   0.21744   0.16935   0.10932   0.04010  -0.03656  -0.11946  -0.20775  -0.30082  -0.39792  -0.49900  -0.60300  -0.71144  -0.82171  -0.93500  -1.05048  -1.16879  -1.28919  -1.41159
  38.68115    0.26256   0.25241   0.22075   0.17276   0.11286   0.04377  -0.03272  -0.11544  -0.20353  -0.29640  -0.39327  -0.49413  -0.59788  -0.70612  -0.81613  -0.92916  -1.04435  -1.16241  -1.28253  -1.40465
  38.72253    0.26581   0.25568   0.22409   0.17619   0.11642   0.04749  -0.02884  -0.11137  -0.19926  -0.29193  -0.38857  -0.48921  -0.59271  -0.70075  -0.81049  -0.92326  -1.03816  -1.15596  -1.27579  -1.39763
  38.76390    0.26908   0.25897   0.22745   0.17966   0.12001   0.05123  -0.02492  -0.10727  -0.19496  -0.28742  -0.38383  -0.48425  -0.58749  -0.69533  -0.80479  -0.91730  -1.03190  -1.14945  -1.26899  -1.39054

# Minimas
  34.66858    0.08937 
  34.69751    0.08008 
  34.74847    0.04842 
  34.79861   -0.00113 
  34.84078   -0.06415 
  34.87462   -0.13771 
  34.90175   -0.21985 
  34.92268   -0.30922 
  34.93811   -0.40479 
  34.94669   -0.50577 
  34.95647   -0.61173 
  34.95726   -0.72191 
  34.95734   -0.83629 
  34.94972   -0.95385 
  34.94920   -1.07534 
  34.94487   -1.19968 
  34.94509   -1.32717 
  34.93420   -1.45718 
  34.92758   -1.58990 
  34.91851   -1.72504 

