        0.000000000000000         0.000000000000000
       10.000000000000000         0.000001215977512
       20.000000000000000         0.000003669658824
       30.000000000000000         0.000006488658094
       40.000000000000000         0.000008543974468
       50.000000000000000         0.000009839684159
       60.000000000000000         0.000010727032391
       70.000000000000000         0.000011515723916
       80.000000000000000         0.000012086505702
       90.000000000000000         0.000012641221427
      100.000000000000000         0.000013302916015
      110.000000000000000         0.000013732255359
      120.000000000000000         0.000014053923062
      130.000000000000000         0.000014574089638
      140.000000000000000         0.000014828575314
      150.000000000000000         0.000014774789855
      160.000000000000000         0.000015064542949
      170.000000000000000         0.000015180814463
      180.000000000000000         0.000015166655449
      190.000000000000000         0.000015119913088
      200.000000000000000         0.000015123718511
      210.000000000000000         0.000014801009728
      220.000000000000000         0.000014854729159
      230.000000000000000         0.000014948871221
      240.000000000000000         0.000014612633086
      250.000000000000000         0.000014792301492
      260.000000000000000         0.000014899395624
      270.000000000000000         0.000014207000393
      280.000000000000000         0.000013611960786
      290.000000000000000         0.000013347456219
      300.000000000000000         0.000012946920492
      310.000000000000000         0.000013495742898
      320.000000000000000         0.000013064546922
      330.000000000000000         0.000012002682361
      340.000000000000000         0.000012110840481
      350.000000000000000         0.000011526298627
      360.000000000000000         0.000012082890885
      370.000000000000000         0.000012762859203
      380.000000000000000         0.000011486827423
      390.000000000000000         0.000010770392816
      400.000000000000000         0.000010849591577
      410.000000000000000         0.000011009645893
      420.000000000000000         0.000010250140004
      430.000000000000000         0.000009826888580
      440.000000000000000         0.000010104076086
      450.000000000000000         0.000009685362998
      460.000000000000000         0.000010796458725
      470.000000000000000         0.000009167911251
      480.000000000000000         0.000009239794234
      490.000000000000000         0.000008852734126
      500.000000000000000         0.000007447153882
      510.000000000000000         0.000009172152055
      520.000000000000000         0.000009326463481
      530.000000000000000         0.000008341977164
      540.000000000000000         0.000007945638283
      550.000000000000000         0.000007900480610
      560.000000000000000         0.000005491718749
      570.000000000000000         0.000006959675490
      580.000000000000000         0.000008393455372
      590.000000000000000         0.000006500725246
      600.000000000000000         0.000006470655441
      610.000000000000000         0.000006958578338
      620.000000000000000         0.000007019486809
      630.000000000000000         0.000007435486984
      640.000000000000000         0.000005319123272
      650.000000000000000         0.000004504698631
      660.000000000000000         0.000006040065750
      670.000000000000000         0.000004365419817
      680.000000000000000         0.000006016261464
      690.000000000000000         0.000006710348470
      700.000000000000000         0.000002492692767
      710.000000000000000         0.000005948685756
      720.000000000000000         0.000004897654582
      730.000000000000000         0.000002104382536
      740.000000000000000         0.000004463405250
      750.000000000000000         0.000004234490569
      760.000000000000000         0.000006143112468
      770.000000000000000         0.000005489091778
      780.000000000000000         0.000003632582776
      790.000000000000000         0.000004312674483
      800.000000000000000         0.000002462301966
      810.000000000000000         0.000003222309197
      820.000000000000000         0.000004244809767
      830.000000000000000        -0.000001210505304
      840.000000000000000         0.000000802905102
      850.000000000000000         0.000002876694044
      860.000000000000000         0.000007037467827
      870.000000000000000         0.000003990961103
      880.000000000000000        -0.000001070582740
      890.000000000000000         0.000003400355413
      900.000000000000000         0.000006917929119
      910.000000000000000         0.000001382741921
      920.000000000000000        -0.000005986414086
      930.000000000000000         0.000004281597376
      940.000000000000000         0.000007250984162
      950.000000000000000         0.000003813557261
      960.000000000000000         0.000002555776484
      970.000000000000000         0.000002212403408
      980.000000000000000        -0.000004710262167
      990.000000000000000         0.000002297298739
     1000.000000000000000         0.000012512486401
     1010.000000000000000         0.000003298968261
     1020.000000000000000         0.000001450322079
     1030.000000000000000        -0.000000655415000
     1040.000000000000000        -0.000004722251919
     1050.000000000000000         0.000000337256033
     1060.000000000000000        -0.000003142459439
     1070.000000000000000         0.000005616179832
     1080.000000000000000         0.000005408197626
     1090.000000000000000        -0.000007466830290
     1100.000000000000000         0.000006256442243
     1110.000000000000000         0.000001979199635
     1120.000000000000000        -0.000012143556734
     1130.000000000000000         0.000002168797317
     1140.000000000000000         0.000008545913988
     1150.000000000000000        -0.000006146162942
     1160.000000000000000        -0.000020301210627
     1170.000000000000000         0.000004275648347
     1180.000000000000000         0.000017725082596
     1190.000000000000000        -0.000002168614573
     1200.000000000000000         0.000001795557252
     1210.000000000000000         0.000002328997622
     1220.000000000000000        -0.000003058981466
     1230.000000000000000        -0.000011920549237
     1240.000000000000000        -0.000004233045110
     1250.000000000000000        -0.000002994312034
     1260.000000000000000        -0.000001826598283
     1270.000000000000000         0.000025022812360
     1280.000000000000000        -0.000004644146468
     1290.000000000000000        -0.000023332606141
     1300.000000000000000         0.000014354529265
     1310.000000000000000         0.000027607986544
     1320.000000000000000        -0.000022627078722
     1330.000000000000000        -0.000032400124494
     1340.000000000000000         0.000000586615556
     1350.000000000000000         0.000020296205702
     1360.000000000000000         0.000017348700195
     1370.000000000000000        -0.000012692507632
     1380.000000000000000        -0.000000613766021
     1390.000000000000000        -0.000003567906314
     1400.000000000000000         0.000001013570089
     1410.000000000000000         0.000007675228621
     1420.000000000000000        -0.000012865286312
     1430.000000000000000         0.000004085105983
     1440.000000000000000         0.000004689541621
     1450.000000000000000        -0.000010454176499
     1460.000000000000000        -0.000005231771845
     1470.000000000000000        -0.000005751126952
     1480.000000000000000        -0.000004417529875
     1490.000000000000000        -0.000001744366158
     1500.000000000000000         0.000006705721510
     1510.000000000000000         0.000006209442330
     1520.000000000000000        -0.000001620146993
     1530.000000000000000        -0.000005230232851
     1540.000000000000000        -0.000005468981840
     1550.000000000000000        -0.000002273455192
     1560.000000000000000         0.000000057723157
     1570.000000000000000        -0.000005536330555
     1580.000000000000000        -0.000005279768848
     1590.000000000000000         0.000007143920349
     1600.000000000000000         0.000000806421979
     1610.000000000000000        -0.000007758575527
     1620.000000000000000         0.000001186390016
     1630.000000000000000         0.000001854918911
     1640.000000000000000        -0.000002616778181
     1650.000000000000000        -0.000001742567450
     1660.000000000000000        -0.000004775151309
     1670.000000000000000        -0.000005737280815
     1680.000000000000000        -0.000001483541432
     1690.000000000000000        -0.000002203943939
     1700.000000000000000        -0.000000318400967
     1710.000000000000000        -0.000002352644693
     1720.000000000000000        -0.000005715856230
     1730.000000000000000         0.000001882406093
     1740.000000000000000        -0.000003045269760
     1750.000000000000000        -0.000003498347834
     1760.000000000000000         0.000001447267319
     1770.000000000000000        -0.000003407457684
     1780.000000000000000        -0.000006745046278
     1790.000000000000000        -0.000002090345614
     1800.000000000000000         0.000000925513087
     1810.000000000000000        -0.000004000562442
     1820.000000000000000        -0.000002466987689
     1830.000000000000000         0.000000627225664
     1840.000000000000000        -0.000003935972356
     1850.000000000000000        -0.000002343658895
     1860.000000000000000         0.000001149199386
     1870.000000000000000        -0.000007227465255
     1880.000000000000000        -0.000004803950714
     1890.000000000000000        -0.000000048052052
     1900.000000000000000        -0.000001701122638
     1910.000000000000000        -0.000003000801421
     1920.000000000000000        -0.000004166855940
     1930.000000000000000        -0.000003598360931
     1940.000000000000000        -0.000003402775288
     1950.000000000000000        -0.000003753790773
     1960.000000000000000        -0.000001829888743
     1970.000000000000000        -0.000002475893565
     1980.000000000000000        -0.000004559059801
     1990.000000000000000        -0.000002301992002
