        0.000000000000000        34.667710100048637
       10.000000000000000        34.667612510075067
       20.000000000000000        34.668505632110403
       30.000000000000000        34.670194462422963
       40.000000000000000        34.672784382193989
       50.000000000000000        34.676415589023435
       60.000000000000000        34.680511374581592
       70.000000000000000        34.684343215538973
       80.000000000000000        34.688927889813968
       90.000000000000000        34.693465856391221
      100.000000000000000        34.698343872719157
      110.000000000000000        34.703275947234850
      120.000000000000000        34.709070061025031
      130.000000000000000        34.714391670704600
      140.000000000000000        34.719672032703130
      150.000000000000000        34.725193153999648
      160.000000000000000        34.731256088850991
      170.000000000000000        34.737316551355377
      180.000000000000000        34.742785372250289
      190.000000000000000        34.748242073878885
      200.000000000000000        34.754171430983220
      210.000000000000000        34.760946597283407
      220.000000000000000        34.766478630916907
      230.000000000000000        34.772653328063413
      240.000000000000000        34.778255811012954
      250.000000000000000        34.784361814492343
      260.000000000000000        34.787937042059845
      270.000000000000000        34.795038082783186
      280.000000000000000        34.800804220767567
      290.000000000000000        34.805810746364443
      300.000000000000000        34.811589717844591
      310.000000000000000        34.816829104735923
      320.000000000000000        34.822482541162515
      330.000000000000000        34.827074726059372
      340.000000000000000        34.832242200256502
      350.000000000000000        34.837942762250080
      360.000000000000000        34.842018465745504
      370.000000000000000        34.846735258443225
      380.000000000000000        34.851444504733124
      390.000000000000000        34.856433380245186
      400.000000000000000        34.863695737461086
      410.000000000000000        34.865973728368829
      420.000000000000000        34.872068947645623
      430.000000000000000        34.876187721375857
      440.000000000000000        34.880996674087029
      450.000000000000000        34.883299919107891
      460.000000000000000        34.887501324367811
      470.000000000000000        34.890476451934184
      480.000000000000000        34.899523412727916
      490.000000000000000        34.898779974522917
      500.000000000000000        34.904356362703012
      510.000000000000000        34.907847592946858
      520.000000000000000        34.912361756737802
      530.000000000000000        34.915737150983389
      540.000000000000000        34.919692714757687
      550.000000000000000        34.921444417706908
      560.000000000000000        34.927074948480744
      570.000000000000000        34.927880269472894
      580.000000000000000        34.935790409134867
      590.000000000000000        34.933700639541968
      600.000000000000000        34.937801138288236
      610.000000000000000        34.942353019877118
      620.000000000000000        34.945391112935930
      630.000000000000000        34.950192382376912
      640.000000000000000        34.951289686442664
      650.000000000000000        34.956628476495339
      660.000000000000000        34.957627218563054
      670.000000000000000        34.961866980202885
      680.000000000000000        34.963805185055193
      690.000000000000000        34.967222289872375
      700.000000000000000        34.972975063282632
      710.000000000000000        34.967758346012815
      720.000000000000000        34.971381283619756
      730.000000000000000        34.978436026855391
      740.000000000000000        34.980675157570410
      750.000000000000000        34.978017583364817
      760.000000000000000        34.987624160103451
      770.000000000000000        34.985848744885438
      780.000000000000000        34.988466909573106
      790.000000000000000        34.991907532494281
      800.000000000000000        34.993611508308845
      810.000000000000000        34.994940049382400
      820.000000000000000        34.992836342943377
      830.000000000000000        34.996410721901889
      840.000000000000000        34.996147975444842
      850.000000000000000        35.001174302480820
      860.000000000000000        35.006714184024084
      870.000000000000000        35.004996031969384
      880.000000000000000        35.007525918810245
      890.000000000000000        35.006401844299319
      900.000000000000000        35.006509426571832
      910.000000000000000        35.013656396825404
      920.000000000000000        35.012620040463524
      930.000000000000000        35.012375284427478
      940.000000000000000        35.013653877694630
      950.000000000000000        35.017142759957935
      960.000000000000000        35.016916426114641
      970.000000000000000        35.021393210616900
      980.000000000000000        35.021961149397427
      990.000000000000000        35.013182259834203
     1000.000000000000000        35.024484537803971
     1010.000000000000000        35.026626620829447
     1020.000000000000000        35.029065460597103
     1030.000000000000000        35.029385612030033
     1040.000000000000000        35.023790099300882
     1050.000000000000000        35.027887431421348
     1060.000000000000000        35.032548543595667
     1070.000000000000000        35.029027905858847
     1080.000000000000000        35.029998674206823
     1090.000000000000000        35.034534779328368
     1100.000000000000000        35.031327186471302
     1110.000000000000000        35.033679404119013
     1120.000000000000000        35.036898208971579
     1130.000000000000000        35.029717090130426
     1140.000000000000000        35.032830197316983
     1150.000000000000000        35.041153438533797
     1160.000000000000000        35.038784920692386
     1170.000000000000000        35.042020782567747
     1180.000000000000000        35.041767072661933
     1190.000000000000000        35.037486040199092
     1200.000000000000000        35.040568986171017
     1210.000000000000000        35.038469863869203
     1220.000000000000000        35.044712857359720
     1230.000000000000000        35.043212261812634
     1240.000000000000000        35.040056215692701
     1250.000000000000000        35.041573966663286
     1260.000000000000000        35.039260586454731
     1270.000000000000000        35.043098490659894
     1280.000000000000000        35.042183075159457
     1290.000000000000000        35.043945780043920
     1300.000000000000000        35.044205385883970
     1310.000000000000000        35.044178134132473
     1320.000000000000000        35.043183529152529
     1330.000000000000000        35.045776857220083
     1340.000000000000000        35.049550364887189
     1350.000000000000000        35.049116081724314
     1360.000000000000000        35.048410847106346
     1370.000000000000000        35.052486093746559
     1380.000000000000000        35.039661246136717
     1390.000000000000000        35.051854245235226
     1400.000000000000000        35.037645066711320
     1410.000000000000000        35.043906886085423
     1420.000000000000000        35.050380392484172
     1430.000000000000000        35.048220058938000
     1440.000000000000000        35.043068473876275
     1450.000000000000000        35.051467225083790
     1460.000000000000000        35.046891006270428
     1470.000000000000000        35.054387951020466
     1480.000000000000000        35.039732867020177
     1490.000000000000000        35.045910542862316
     1500.000000000000000        35.039399352057714
     1510.000000000000000        35.049486911354130
     1520.000000000000000        35.047166318635192
     1530.000000000000000        35.036138199109729
     1540.000000000000000        35.049024896261116
     1550.000000000000000        35.045618599017878
     1560.000000000000000        35.049234348514474
     1570.000000000000000        35.044581590571482
     1580.000000000000000        35.046458173817868
     1590.000000000000000        35.045775161728031
     1600.000000000000000        35.045935350322736
     1610.000000000000000        35.033162023974867
     1620.000000000000000        35.042215403160668
     1630.000000000000000        35.042528335631239
     1640.000000000000000        35.046803663739546
     1650.000000000000000        35.040950858824608
     1660.000000000000000        35.037740740057949
     1670.000000000000000        35.026455395480390
     1680.000000000000000        35.039197314301404
     1690.000000000000000        35.043668586323122
     1700.000000000000000        35.043183007660801
     1710.000000000000000        35.040447134428206
     1720.000000000000000        35.046456999346653
     1730.000000000000000        35.026004473157570
     1740.000000000000000        35.039149099994283
     1750.000000000000000        35.037332057406680
     1760.000000000000000        35.042781776637050
     1770.000000000000000        35.036387083205440
     1780.000000000000000        35.048563494787579
     1790.000000000000000        35.039341332647204
     1800.000000000000000        35.039837539328680
     1810.000000000000000        35.041083717121786
     1820.000000000000000        35.034167897855198
     1830.000000000000000        35.036111271946275
     1840.000000000000000        35.031048687942935
     1850.000000000000000        35.029720257754299
     1860.000000000000000        35.035449494160169
     1870.000000000000000        35.025727143273336
     1880.000000000000000        35.036030909906600
     1890.000000000000000        35.037196619418538
     1900.000000000000000        35.035531983282567
     1910.000000000000000        35.033168715498370
     1920.000000000000000        35.033632464729443
     1930.000000000000000        35.029063739142025
     1940.000000000000000        35.030625665898292
     1950.000000000000000        35.027689230850655
     1960.000000000000000        35.031374526445745
     1970.000000000000000        35.026622776381956
     1980.000000000000000        35.024629433203486
     1990.000000000000000        35.021008743306012
